2.548197244323091581e-07 3.228102452013104084e-09 2.430990207358263433e-05 9.999753832817077637e-01
1.525556086562573910e-03 8.768576979637145996e-01 6.789602775825187564e-05 1.215487867593765259e-01
3.523906855207314948e-08 2.476915344595909119e-02 1.857467140098378877e-07 9.752306342124938965e-01
7.042272986979014604e-09 8.725731277081649750e-06 9.754123687744140625e-01 2.457889728248119354e-02
1.000000000000000000e+00 2.154309716728697310e-13 7.672554952486976276e-11 4.580686385757815060e-10
6.805745406796535890e-15 5.744706359916973426e-12 3.607650285175623139e-07 9.999996423721313477e-01
1.555137824071906039e-10 5.686410275984599139e-08 6.266090077367003630e-13 9.999998807907104492e-01
4.099570460880386236e-09 8.242806437408489728e-09 1.000000000000000000e+00 1.205891742017684010e-08
8.965922120296454523e-07 2.841831769906377758e-10 9.995225667953491211e-01 4.765310441143810749e-04
3.886710953082683773e-09 2.193315303884446621e-04 5.259657154255137357e-09 9.997805953025817871e-01
1.822304751541992118e-09 2.817808535837684758e-06 5.954856305834255181e-07 9.999965429306030273e-01
4.489360208026482724e-07 1.173858618130907416e-04 9.998803138732910156e-01 1.917510189741733484e-06
