9.043526649475097656e-02 6.093813863117247820e-05 6.193694472312927246e-01 2.901343107223510742e-01
3.966708481311798096e-01 1.080187303159618750e-06 4.712828397750854492e-01 1.320451647043228149e-01
5.887548226723993139e-10 1.000000000000000000e+00 3.507520871174458175e-15 1.940235488549421627e-13
4.233221273519660599e-10 1.508436659001383129e-13 1.000000000000000000e+00 4.897320884326289425e-14
9.925133585929870605e-01 7.447086740285158157e-03 3.955216743634082377e-05 1.008648650713261929e-10
2.074962947517633438e-03 3.054630160331726074e-01 5.930737097514793277e-05 6.924027204513549805e-01
9.999997019767761230e-01 1.894681815883814124e-07 1.459208753828988847e-08 1.193039906866033562e-07
3.100044727325439453e-01 6.532760262489318848e-01 3.301995093352161348e-05 3.668654337525367737e-02
9.278674042434431612e-06 2.084790367007371970e-06 9.994186162948608398e-01 5.700477049686014652e-04
2.068390604108572006e-04 7.143703987821936607e-05 9.997212886810302734e-01 3.873220748573658057e-07
1.545587110740598291e-06 2.515445649623870850e-02 9.567115306854248047e-01 1.813251338899135590e-02
1.429509211448021233e-06 6.541854888200759888e-02 2.987924497574567795e-03 9.315920472145080566e-01
