8.360892707059974782e-07 1.530298441648483276e-01 8.469692468643188477e-01 1.363479498195374617e-07
7.390203222712443676e-07 9.984295964241027832e-01 9.717664397612679750e-06 1.559949712827801704e-03
2.046333611360751092e-05 3.500635502859950066e-03 7.106473276508040726e-08 9.964787960052490234e-01
1.052133143275568727e-06 9.999989271163940430e-01 1.440598862423314586e-09 8.384208882716848166e-08
1.210311517674256265e-09 2.010218380643635783e-10 9.999996423721313477e-01 3.251832367823226377e-07
6.920952349901199341e-02 3.809400368481874466e-06 3.653721250884700567e-06 9.307829737663269043e-01
9.958412647247314453e-01 8.809311111690476537e-07 4.132745321840047836e-03 2.504076292098034173e-05
2.087387474603019655e-05 1.889625489711761475e-01 1.194850057363510132e-01 6.915315389633178711e-01
1.665064692497253418e-02 5.300640463829040527e-01 4.532853066921234131e-01 8.959894159943360137e-09
9.986918568611145020e-01 2.679650392637539236e-13 4.322376335039734840e-04 8.758195908740162849e-04
6.694076728308573365e-05 6.598091850662513025e-09 2.353829477215185761e-04 9.996976852416992188e-01
9.447069168090820312e-01 2.390853660472203046e-05 5.510334298014640808e-02 1.658594264881685376e-04
