3.137233306915732101e-06 9.116359223071412998e-09 1.905347879471719352e-09 9.999968409538269043e-01
9.998403191566467285e-01 4.208482173861938236e-11 2.933014548034407198e-05 1.303768076468259096e-04
1.140132765975465645e-09 9.967086315155029297e-01 7.210913395283569116e-07 3.290692809969186783e-03
2.473175300110597163e-07 7.158411335694836453e-06 9.779151678085327148e-01 2.207743376493453979e-02
1.506326589151285589e-05 4.036959409713745117e-01 4.202601313591003418e-01 1.760288923978805542e-01
2.674771286547183990e-02 9.727636575698852539e-01 2.224361960543319583e-04 2.661176840774714947e-04
1.501740030072917786e-12 9.999980926513671875e-01 1.910008904815185815e-06 2.853156079452023874e-13
8.327054274559486657e-06 9.998407363891601562e-01 5.135703773362365610e-08 1.508210552856326103e-04
9.636288211822829908e-09 1.000000000000000000e+00 5.797751861935651618e-11 2.274632748822114081e-08
2.821436453359638108e-07 9.999997019767761230e-01 4.366593475690905279e-10 6.738149149754235623e-09
5.861062618350842968e-06 9.163061976432800293e-01 1.412415003869682550e-04 8.354669064283370972e-02
5.498309731483459473e-01 7.849994432262974442e-08 1.079599314834922552e-05 4.501581788063049316e-01
