9.856327176094055176e-01 2.137225152409882867e-07 6.394808588083833456e-05 1.430317573249340057e-02
5.574600696563720703e-01 9.489150717854499817e-03 4.330217540264129639e-01 2.906482586695346981e-05
5.886770182428335829e-09 1.911790150188608095e-06 9.999946951866149902e-01 3.430273409321671352e-06
1.599155666553997435e-06 9.998547434806823730e-01 4.363344123703427613e-05 1.000920747173950076e-04
9.483613894190057181e-08 2.395766228437423706e-02 1.187347420904261153e-12 9.760422706604003906e-01
3.635189614215050824e-06 1.124981219291498746e-10 9.999964237213134766e-01 1.669913807234024716e-08
4.236625045450637117e-06 2.387047570664435625e-04 9.997569918632507324e-01 1.728526211053349471e-09
9.999846220016479492e-01 1.614096079016746899e-09 2.621347228171089228e-08 1.542055179015733302e-05
2.918225945904850960e-04 6.038897117832675576e-05 9.996477961540222168e-01 1.604599231264103310e-10
4.091376467840746045e-06 3.675443294923752546e-04 3.616412058704554511e-08 9.996283650398254395e-01
2.570805257562369661e-08 9.723688960075378418e-01 1.135970890686621715e-07 2.763093821704387665e-02
7.789933675894644693e-08 6.060388386686099693e-06 2.634280644997488707e-05 9.999675154685974121e-01
