4.586146678775548935e-04 3.904748242348432541e-03 9.935896992683410645e-01 2.046950161457061768e-03
1.893040568745618657e-08 9.991212487220764160e-01 5.502860320194535859e-11 8.787252590991556644e-04
4.366361716634514778e-10 1.721107400953769684e-05 8.763249752519186586e-07 9.999818801879882812e-01
1.994341497502105653e-10 9.656781152500570897e-09 9.999999403953552246e-01 3.933471504069530056e-08
1.104968250729143620e-03 9.255907207261770964e-05 9.987547993659973145e-01 4.763439210364595056e-05
9.207555055618286133e-01 3.037880233023315668e-04 8.754785521887242794e-04 7.806523889303207397e-02
9.994648098945617676e-01 1.013007058645598590e-04 4.279910644982010126e-04 5.822841558256186545e-06
9.999132752418518066e-01 6.421330181183293462e-05 1.949446959770284593e-05 3.104805728071369231e-06
9.558969140052795410e-01 3.702854883158579469e-05 7.185253707575611770e-06 4.405889287590980530e-02
8.140073623508214951e-05 5.479687884002437670e-12 7.893309894591027387e-10 9.999186396598815918e-01
3.677141258151550574e-09 1.742657218528620433e-06 9.996824860572814941e-01 3.157570026814937592e-04
3.858734965324401855e-01 1.661904243519529700e-04 1.885049045085906982e-01 4.254554510116577148e-01
