9.736679494380950928e-03 5.309491753578186035e-01 5.011899047531187534e-04 4.588129520416259766e-01
4.854772984981536865e-01 4.107562601566314697e-01 3.011705412063747644e-04 1.034652292728424072e-01
9.405215270817279816e-03 8.327791690826416016e-01 4.515200302535049559e-08 1.578156203031539917e-01
8.649098890600726008e-05 1.779831573367118835e-02 1.735801924951374531e-04 9.819416403770446777e-01
1.940145599732545634e-09 1.000000000000000000e+00 2.206569649221279406e-11 2.417394762014093978e-15
2.031712710959254764e-06 8.422200083732604980e-01 6.744579650330706500e-07 1.577773094177246094e-01
8.219018354793661274e-09 1.000000000000000000e+00 2.092474007649516854e-13 9.156200971027761426e-12
9.528721570968627930e-01 1.419153795723104849e-05 4.710702970623970032e-02 6.508292699436424300e-06
8.992557544569169118e-18 2.145660186848250819e-18 5.002851934230301392e-19 1.000000000000000000e+00
2.377156533839297481e-06 2.265976252122103851e-12 9.999976158142089844e-01 5.306289736490936437e-14
4.128493380495257270e-11 1.628179779800120741e-05 5.504443012505078059e-10 9.999837279319763184e-01
4.145484417676925659e-04 9.993079304695129395e-01 1.160991700999147724e-06 2.763002994470298290e-04
