9.749298691749572754e-01 1.425342702532361727e-06 2.506879158318042755e-02 5.540579550711299817e-09
9.731991291046142578e-01 2.640716729729319923e-07 6.503462791442871094e-03 2.029714919626712799e-02
3.190328789060004056e-05 2.126971594407223165e-05 9.999467134475708008e-01 1.471745605385876843e-07
9.990647435188293457e-01 3.749528550542891026e-04 1.046785328071564436e-04 4.556254134513437748e-04
1.047162245959043503e-02 6.061731255613267422e-04 6.296766805462539196e-04 9.882925152778625488e-01
7.202400593087077141e-04 1.419980383277064107e-10 4.814600348472595215e-01 5.178197026252746582e-01
9.999632835388183594e-01 8.782624801029204065e-12 3.671324884635396302e-05 1.023964912860719778e-09
9.980654716491699219e-01 1.854844158515334129e-03 2.257680431494435425e-10 7.961979281390085816e-05
2.262124780827434734e-07 1.711430164252902841e-10 9.999961853027343750e-01 3.555553576006786898e-06
4.468597865070478292e-07 1.842905135163164232e-06 9.881258942186832428e-03 9.901164770126342773e-01
2.988587084473692812e-06 7.789204716682434082e-01 2.210765331983566284e-01 3.609168963691899989e-09
9.999959468841552734e-01 2.745440319529279805e-08 8.879463280209165532e-07 3.199917955498676747e-06
