3.682178910821676254e-03 9.741420745849609375e-01 2.183167263865470886e-02 3.440215368755161762e-04
1.000000000000000000e+00 1.447516412289573395e-10 5.247684231601823512e-12 2.639597308090602112e-12
2.719249576330184937e-02 1.603685668669641018e-04 9.719884991645812988e-01 6.585993105545639992e-04
5.220980710873845965e-06 1.170641630887985229e-01 3.589813783764839172e-02 8.470324873924255371e-01
1.406365441880552680e-07 3.079145017181872390e-06 9.999964237213134766e-01 3.286412493253010325e-07
7.992369501153007150e-05 9.999052882194519043e-01 1.045074782268784475e-06 1.376168438582681119e-05
6.797224283218383789e-03 6.300278077020493583e-10 9.932026863098144531e-01 1.039380492784403032e-07
2.022565305233001709e-01 7.867152094841003418e-01 1.102816499769687653e-02 2.622204675617467728e-09
9.993624687194824219e-01 3.882435557898133993e-04 1.597358823346439749e-05 2.333185402676463127e-04
3.221495262550888583e-06 4.246153403073549271e-04 5.440040826797485352e-01 4.555680751800537109e-01
1.112934883140681563e-10 1.230841539801019735e-09 1.000000000000000000e+00 6.375538660376156574e-13
2.389016318105063874e-09 9.999999403953552246e-01 4.437094602849356306e-08 2.671837195933335352e-09
