9.947920441627502441e-01 4.930120427161455154e-03 2.778286871034651995e-04 1.876755995056100801e-08
6.966829299926757812e-01 3.477988457234459929e-06 4.157589748501777649e-03 2.991559207439422607e-01
1.477485245260368174e-09 3.509125715700500692e-12 1.000000000000000000e+00 9.458803740258758808e-10
7.696183323860168457e-01 7.149988232413306832e-05 2.302880585193634033e-01 2.200363087467849255e-05
1.467638940084725618e-04 1.783769926987588406e-03 9.980675578117370605e-01 1.967048319784225896e-06
4.886244742152712206e-09 1.000000000000000000e+00 3.281232577312387377e-11 4.360689587201704853e-10
8.616434934083372355e-05 6.751378345271064063e-10 7.214513025246560574e-04 9.991923570632934570e-01
3.945338153399369219e-11 1.966517302207648754e-04 9.998032450675964355e-01 5.187773055581601511e-08
7.709542289376258850e-03 1.112643985834438354e-07 9.713807106018066406e-01 2.090960554778575897e-02
1.349073772871633992e-05 2.314988378770976851e-08 9.999835491180419922e-01 2.847807081707287580e-06
7.134863608371233568e-06 9.999914169311523438e-01 4.038745782253272409e-09 1.475845351706084330e-06
5.919870091020129621e-06 2.270987315569072962e-04 3.417045809328556061e-04 9.994252920150756836e-01
