1.776344760173742543e-07 9.909378290176391602e-01 9.061913937330245972e-03 5.919556844702356102e-09
4.733770765597000718e-05 4.536179432079734397e-08 1.439752755686640739e-03 9.985128641128540039e-01
5.160540938377380371e-01 1.833012491792018750e-10 3.455793857574462891e-02 4.493879079818725586e-01
1.408704221248626709e-01 6.690680980682373047e-03 8.511422276496887207e-01 1.296677626669406891e-03
3.748352639377117157e-03 9.042648016475141048e-04 9.951901435852050781e-01 1.572134933667257428e-04
5.441869888045403059e-08 1.125505732488818467e-04 4.051427367812721059e-06 9.998832941055297852e-01
6.245633959770202637e-02 8.553915619850158691e-01 5.941389190411427990e-06 8.214614540338516235e-02
2.102723328789579682e-08 7.554067593673607917e-08 9.999994039535522461e-01 4.726402949017938226e-07
6.255469543248182163e-06 1.869991654530167580e-03 4.703146714746253565e-06 9.981190562248229980e-01
1.000000000000000000e+00 5.010928670157004106e-14 8.333259854778678834e-18 9.409131460080821796e-12
2.082763239741325378e-02 4.078965187072753906e-01 5.241606118033814710e-07 5.712753534317016602e-01
4.232777655124664307e-01 5.761497616767883301e-01 5.724449292756617069e-04 2.989750891302378477e-09
