2.905438281595706940e-02 2.831960096955299377e-02 8.958543539047241211e-01 4.677160829305648804e-02
4.591542482376098633e-02 9.527201056480407715e-01 1.529885196305258432e-07 1.364249153994023800e-03
3.648786560006556101e-06 3.123005853922222741e-06 9.999932050704956055e-01 2.076694372021847812e-08
9.718531370162963867e-01 3.438255051150918007e-03 2.470858208835124969e-02 2.745371929790962895e-08
4.992404719814658165e-04 6.099646091461181641e-01 8.431436526734614745e-08 3.895360827445983887e-01
1.000000000000000000e+00 2.634470671670531561e-15 3.854150681871677808e-15 2.752456093179245916e-14
1.330210220402625043e-13 9.999985098838806152e-01 3.173008513920883011e-12 1.529432893221382983e-06
1.372474182914640295e-13 6.578229280740366391e-12 9.470661878585815430e-01 5.293379724025726318e-02
3.036117996089160442e-04 2.680100863461376548e-10 9.996963739395141602e-01 2.443131741358683939e-08
2.020242682192474604e-04 2.877199556678533554e-03 9.768507480621337891e-01 2.006993442773818970e-02
1.009418629109859467e-03 5.706029534339904785e-01 2.146314270794391632e-02 4.069244563579559326e-01
4.147996660321950912e-03 2.964246086776256561e-03 7.318794131278991699e-01 2.610083818435668945e-01
