1.840734668076038361e-02 3.627209990697544129e-11 6.193887591361999512e-01 3.622039556503295898e-01
3.274701043665118050e-07 9.991886615753173828e-01 1.459779923607129604e-05 7.964115357026457787e-04
9.760539796843659133e-06 9.999725222587585449e-01 1.726990740280598402e-05 5.088126044938690029e-07
3.604315512717448655e-09 5.509629641409219403e-09 1.000000000000000000e+00 9.714130888571759215e-11
2.104559871846426421e-15 1.000000000000000000e+00 1.956290625370130098e-13 1.449967257372009044e-08
9.999783039093017578e-01 2.024269451794680208e-05 1.097926888293798697e-10 1.414938424204592593e-06
6.354410402309440542e-07 2.015816789935342968e-06 9.999971985816955566e-01 9.238370068942458602e-08
1.552149296912830323e-05 1.504414342343807220e-02 9.849215745925903320e-01 1.879435512819327414e-05
1.275122230026681791e-07 9.999977946281433105e-01 3.957279989807993559e-11 2.016070766330813058e-06
3.441400053816323634e-09 7.117101352704935380e-10 9.735820889472961426e-01 2.641795948147773743e-02
5.079173193145436471e-10 1.000000000000000000e+00 1.028609055570006703e-12 5.614684717158979765e-09
2.589089653781684319e-08 9.999779462814331055e-01 2.206223871326074004e-05 2.979459777854853719e-12
