2.660559490323066711e-02 7.757837418466806412e-03 9.627207517623901367e-01 2.915733726695179939e-03
1.000107172876596451e-02 1.192592117149615660e-05 9.899839162826538086e-01 3.052959982596803457e-06
1.318695256486535072e-03 9.289346962759736925e-06 4.325326941057028307e-08 9.986719489097595215e-01
5.759054422378540039e-02 6.477783899754285812e-04 9.417527318000793457e-01 8.921140761231072247e-06
1.698773240133011342e-11 1.919504052233511615e-12 6.823821513407416287e-15 1.000000000000000000e+00
2.463777549564838409e-03 4.724023199287330499e-07 1.401848112436709926e-05 9.975216984748840332e-01
3.039741568500176072e-05 1.176210469566285610e-03 9.962953925132751465e-01 2.497973619028925896e-03
6.456820119637995958e-05 9.838571548461914062e-01 5.479439550981624052e-07 1.607761904597282410e-02
9.365197420120239258e-01 2.629606797199812718e-06 1.308869104832410812e-02 5.038885399699211121e-02
1.524526056610742142e-12 9.983149766921997070e-01 1.781927778665703954e-07 1.684853225015103817e-03
1.386340261338991908e-12 1.306236563358709191e-09 1.000000000000000000e+00 4.171054612811531115e-10
4.017433617264032364e-03 9.869827628135681152e-01 7.246192544698715210e-03 1.753591117449104786e-03
