8.034879428464591911e-10 3.121456131339073181e-03 8.901070803403854370e-03 9.879775047302246094e-01
1.297353719564853236e-05 6.789243798266397789e-06 1.267781613023544196e-06 9.999789595603942871e-01
1.307270053985121194e-06 9.184749126434326172e-01 1.487562162338917915e-08 8.152382075786590576e-02
5.302160861901938915e-04 9.994529485702514648e-01 1.672663893259596080e-05 8.148975894073373638e-08
1.009194008361191663e-07 3.794288772063225679e-10 2.870241370966919447e-12 9.999999403953552246e-01
2.047204179689288139e-03 6.977859735488891602e-01 7.617073133587837219e-04 2.994050979614257812e-01
9.997732043266296387e-01 5.254870760751373382e-09 7.735307576695049647e-07 2.260347828269004822e-04
5.342168807983398438e-01 2.200488097514607944e-06 3.698689354791895312e-09 4.657809436321258545e-01
9.764892458915710449e-01 2.424810418233391829e-06 1.000345073407515883e-04 2.340826578438282013e-02
9.148955204540953901e-11 6.955801268304639962e-07 9.999993443489074707e-01 1.780638245359178473e-12
2.259091241285204887e-03 4.037069678306579590e-01 5.940338969230651855e-01 1.003217242612208793e-08
1.493613235652446747e-02 7.521349471062421799e-04 8.240378157609029586e-09 9.843117594718933105e-01
