3.941082395613193512e-03 3.733146470040082932e-03 5.431571602821350098e-01 4.491686224937438965e-01
7.286756499524926767e-06 9.818975740927271545e-06 4.220044612884521484e-02 9.577823877334594727e-01
4.003668891527922824e-06 9.999946951866149902e-01 4.006949286261551890e-12 1.350128400190442335e-06
3.780221194028854370e-02 9.551284909248352051e-01 1.139989704824984074e-03 5.929267033934593201e-03
3.553323075175285339e-02 1.882751435041427612e-01 1.621067895030137151e-05 7.761753797531127930e-01
9.841914176940917969e-01 4.657341167330741882e-03 1.033683805218288398e-08 1.115121413022279739e-02
9.994160532951354980e-01 1.927958237502025440e-06 5.253895651549100876e-04 5.668038647854700685e-05
1.000000000000000000e+00 8.741307488468270850e-16 1.548081773883325241e-09 5.194808139208362263e-09
4.150754193688044325e-07 9.999995827674865723e-01 3.363831158065266891e-10 5.527631685708911391e-09
2.391556787675885865e-12 7.853587703721132129e-06 9.999920725822448730e-01 1.504423892129125306e-07
2.112456058966927230e-07 3.153564215319093478e-12 9.999997615814208984e-01 1.518210362115579581e-12
4.561799869406968355e-05 6.324886530637741089e-02 6.947258710861206055e-01 2.419796288013458252e-01
