4.989628214389085770e-03 5.779471479172570980e-08 9.949127435684204102e-01 9.753005724633112550e-05
1.210907925042192801e-07 2.244604937732219696e-02 7.287636981345713139e-05 9.774810075759887695e-01
9.999984502792358398e-01 1.503105181654973421e-06 1.260713933248780450e-08 5.851376605470193226e-10
2.813079627230763435e-03 4.503331780433654785e-01 1.359117391075415071e-06 5.468524098396301270e-01
9.411956853000447154e-06 2.661154030647594482e-05 9.797813296318054199e-01 2.018265053629875183e-02
8.619388937950134277e-01 9.034933755174279213e-04 1.371576637029647827e-01 1.823908912790273007e-09
6.787927746772766113e-01 2.041490748524665833e-02 7.931856089271605015e-06 3.007843494415283203e-01
1.556387403979897499e-03 2.479659207165241241e-02 4.799447488039731979e-03 9.688475728034973145e-01
1.142265517728446866e-07 9.999998807907104492e-01 4.691740329576532531e-10 7.116799372042237337e-10
1.964721377589739859e-06 1.144831712068805629e-11 9.999979734420776367e-01 9.538018375110368652e-09
4.041613638401031494e-01 1.734594465233385563e-03 5.819334983825683594e-01 1.217053271830081940e-02
1.281806826591491699e-01 1.811401546001434326e-01 2.269153743982315063e-01 4.637638032436370850e-01
