9.016777276992797852e-01 1.058564303093589842e-04 9.617284685373306274e-02 2.043564803898334503e-03
3.752768679987639189e-05 9.697934389114379883e-01 3.016476891934871674e-02 4.250580332154640928e-06
9.909208416938781738e-01 8.565247058868408203e-03 2.207627258030697703e-04 2.931728085968643427e-04
1.553058064018841833e-05 2.113956725224852562e-04 9.997583627700805664e-01 1.472556596127105877e-05
9.991699457168579102e-01 6.429389031836763024e-06 8.233808912336826324e-04 1.787108487860677997e-07
1.083293003911744989e-11 2.355607042758833813e-09 9.999776482582092285e-01 2.234796374978031963e-05
2.866163104772567749e-02 2.579695485005473188e-11 9.713376164436340332e-01 7.325515412048844155e-07
9.785357713699340820e-01 2.146404050290584564e-02 7.419721781420918205e-11 1.851976776379160583e-07
1.996003362592091435e-07 4.170489231736240754e-10 9.999998211860656738e-01 4.516432117185331663e-09
5.956463056122629496e-08 3.982722138196059802e-11 9.999998211860656738e-01 1.037737860087872832e-07
7.141265273094177246e-01 3.399044317120569758e-07 2.858730554580688477e-01 1.465173121717455729e-10
9.934126138687133789e-01 2.288277300976915285e-08 4.486354067921638489e-03 2.100973390042781830e-03
