3.215898526832461357e-03 5.053758650319650769e-05 2.113252048729918897e-05 9.967124462127685547e-01
9.999318718910217285e-01 2.414543303075333824e-07 6.537477747770026326e-05 2.495660964996204711e-06
4.801848232746124268e-01 9.608639857106027193e-07 3.212514343431394082e-08 5.198141336441040039e-01
2.596920921860146336e-06 9.999973177909851074e-01 4.756985561016335851e-08 6.040040911869937190e-09
1.415522836748991931e-13 2.797380382890679584e-12 1.000000000000000000e+00 1.023284929013712485e-11
8.316522581708341022e-08 9.970529675483703613e-01 2.946736058220267296e-03 1.633705863923751167e-07
4.647364839911460876e-03 6.942848358448827639e-07 9.953497648239135742e-01 2.172107770093134604e-06
3.324316442012786865e-01 6.643128991127014160e-01 2.822818234562873840e-03 4.326086200308054686e-04
4.600319266319274902e-01 5.377526879310607910e-01 3.545339859556406736e-05 2.179925329983234406e-03
4.933802410960197449e-03 2.845919728279113770e-01 7.104455232620239258e-01 2.875262725865468383e-05
6.633885641349479556e-05 3.636071633081883192e-04 2.205645432695746422e-05 9.995480179786682129e-01
9.999036788940429688e-01 3.854269152725464664e-07 9.589332330506294966e-05 1.120992720871072379e-08
