3.341689109802246094e-01 6.605367660522460938e-01 5.293909460306167603e-03 4.093990071396547137e-07
6.788830757141113281e-01 3.195258677005767822e-01 7.579186349175870419e-04 8.330931887030601501e-04
5.343385338783264160e-01 9.273885935544967651e-02 1.337791127298260108e-05 3.729092776775360107e-01
1.620618812739849091e-02 9.837920665740966797e-01 1.792817215573450085e-06 9.261866829035625415e-10
3.318915143609046936e-02 2.314246892929077148e-01 7.352926731109619141e-01 9.341211989521980286e-05
8.512583374977111816e-01 1.842178608058020473e-04 1.057750341715291142e-04 1.484516710042953491e-01
9.999822974205017090e-01 2.678002886113972636e-07 1.598966264282353222e-05 1.404181034558860119e-06
1.551158347865566611e-04 4.382976591587066650e-01 4.448564648628234863e-01 1.166907995939254761e-01
1.212345352996635484e-07 9.881188869476318359e-01 1.188106834888458252e-02 3.825024919024144765e-08
6.631695665419101715e-03 9.465201401326339692e-06 9.655685424804687500e-01 2.779033780097961426e-02
2.053039516169974377e-08 9.183274800317331454e-12 1.153369136308590726e-10 1.000000000000000000e+00
9.999973177909851074e-01 4.118317839529872515e-11 2.183875835726212244e-08 2.632878477015765384e-06
