3.574091300695414475e-10 1.000000000000000000e+00 7.972102660088950521e-14 3.579968613220962936e-11
2.669351886197546264e-07 1.708206839867720817e-11 2.203732751837605974e-09 9.999997615814208984e-01
3.157280661980621517e-05 9.957334399223327637e-01 1.348493867681099800e-07 4.234864376485347748e-03
2.992363079101778567e-05 7.229568499411698212e-09 2.711022659696027404e-07 9.999697804450988770e-01
1.758305937983095646e-03 7.120490863599115983e-07 9.975600242614746094e-01 6.810284103266894817e-04
1.633135434531141073e-05 9.626991748809814453e-01 3.710034489631652832e-02 1.842143683461472392e-04
2.722614817321300507e-02 1.556179951876401901e-02 9.572120904922485352e-01 1.168505514570483683e-09
9.984706640243530273e-01 1.519391080364584923e-03 9.105442586587741971e-06 9.409332619725319091e-07
1.000000000000000000e+00 4.902110401633352765e-12 4.023243960205036274e-09 3.309525986594508140e-09
6.684960126876831055e-01 6.099620253330328978e-10 2.358197089051827788e-04 3.312681615352630615e-01
9.942197203636169434e-01 3.131765639409422874e-03 2.648483030498027802e-03 5.067115615986494959e-09
2.975200712680816650e-01 7.024799585342407227e-01 1.964590268244137405e-08 1.951168826508364873e-08
