1.115366443991661072e-02 9.888402223587036133e-01 2.228718737340429357e-10 6.076300451240967959e-06
1.977706328034400940e-03 2.024821199597681698e-09 5.223988294601440430e-01 4.756234586238861084e-01
1.197249395772814751e-03 2.011268865317106247e-03 7.052299976348876953e-01 2.915614843368530273e-01
2.721839249134063721e-01 1.629635221434000414e-06 7.277846336364746094e-01 2.980185126943979412e-05
5.297446250915527344e-01 4.329236149787902832e-01 3.728278726339340210e-02 4.900354906567372382e-05
8.306537324642704334e-07 9.999966025352478027e-01 6.308426918621989898e-07 1.928781330207129940e-06
9.755536467537240242e-08 1.986422026758853654e-14 4.795999101331327452e-12 9.999998807907104492e-01
7.571941750939004123e-06 2.910073148086667061e-03 3.254269436001777649e-02 9.645396471023559570e-01
2.993870111822616309e-06 1.163174889740048457e-09 7.952435407787561417e-05 9.999174475669860840e-01
9.504457935690879822e-03 1.277385512366890907e-03 9.889809489250183105e-01 2.371935552218928933e-04
9.999969005584716797e-01 3.100399453614954837e-06 2.127665404971779139e-10 3.641050128067035985e-08
9.993126392364501953e-01 1.753440847096499056e-05 6.248971913009881973e-04 4.497105692280456424e-05
