8.535466156899929047e-03 7.358320523053407669e-03 6.366619491018354893e-04 9.834695458412170410e-01
3.868335783481597900e-01 6.379916885634884238e-05 3.181894868612289429e-02 5.812836885452270508e-01
1.300044241361320019e-03 3.448811173439025879e-01 2.707183302845805883e-04 6.535481214523315430e-01
1.047691548592410982e-04 3.637903332710266113e-01 4.897358303423970938e-05 6.360558271408081055e-01
2.540982979581940526e-09 9.999993443489074707e-01 1.201693189400998563e-09 6.231928182387491688e-07
1.106741819967282936e-05 7.742115712972008623e-07 1.935911996042705141e-06 9.999861717224121094e-01
7.869974979257676750e-06 5.136955394391407026e-08 9.999920129776000977e-01 1.105700420112043503e-07
4.953155219311611290e-09 1.828540357323715781e-12 1.000000000000000000e+00 6.822153519187024173e-12
4.868430495262145996e-01 2.429111578550191552e-09 5.131569504737854004e-01 1.738623911506920194e-09
1.000000000000000000e+00 1.410350031205709342e-10 2.061657547188877702e-16 3.414295582371273952e-11
9.982407689094543457e-01 8.801296644378453493e-06 1.561213284730911255e-03 1.892477885121479630e-04
9.218807220458984375e-01 2.111636560053753442e-10 1.153603761849808507e-06 7.811806350946426392e-02
