3.234256418238601327e-09 9.999943971633911133e-01 5.838279193426387792e-09 5.614349447569111362e-06
1.490323618054389954e-02 4.775841254740953445e-03 2.122183889150619507e-02 9.590990543365478516e-01
7.375421773758716881e-06 5.877901334315538406e-03 9.941146373748779297e-01 3.617391541865799809e-08
6.960807368159294128e-03 9.930249452590942383e-01 1.348190926364623010e-05 8.058012213041365612e-07
9.999935030937194824e-01 2.371133012157855546e-10 6.487729478976689279e-06 1.149973005709625795e-09
4.789696816942523583e-08 1.811224450420922949e-07 2.056638186331838369e-04 9.997941255569458008e-01
1.000000000000000000e+00 6.614651187897280238e-11 2.864047665696034528e-08 3.900179623705923859e-10
7.816728902980685234e-04 9.333117008209228516e-01 4.043222361360676587e-06 6.590256839990615845e-02
9.613233059644699097e-02 1.445388644933700562e-01 7.357242107391357422e-01 2.360446751117706299e-02
9.709487557411193848e-01 3.620856732595711946e-04 1.605838770046830177e-03 2.708336897194385529e-02
2.642277777194976807e-01 1.795674441382288933e-03 1.047946978360414505e-03 7.329285740852355957e-01
1.832782179117202759e-01 5.200598835945129395e-01 1.634516775084193796e-05 2.966454923152923584e-01
