9.111013412475585938e-01 5.995342507958412170e-04 1.021935804601525888e-05 8.828879892826080322e-02
5.680596132151549682e-06 1.012726846827405325e-10 9.999879002571105957e-01 6.460646090999944136e-06
2.185158155043609440e-05 3.248481483808518533e-09 9.999781250953674316e-01 4.622518479102666333e-10
1.307953298091888428e-01 8.692042231559753418e-01 1.791894965741391843e-09 5.036202423980284948e-07
9.466033577919006348e-01 3.370249178260564804e-03 5.002624541521072388e-02 1.809809617725477437e-07
2.752996806520968676e-06 9.011469483375549316e-01 9.884979575872421265e-02 5.325666165845177602e-07
2.980792557227829320e-10 9.962778091430664062e-01 1.368611119687557220e-04 3.585375146940350533e-03
9.998828172683715820e-01 9.008151664602337405e-07 9.770322503754869103e-05 1.858767973317299038e-05
2.223910122722827509e-08 4.581031040618022132e-11 1.000000000000000000e+00 1.516203135265570268e-11
1.087958612089323651e-08 1.000000000000000000e+00 7.984676919647881732e-09 3.766581213593411803e-10
8.919330686330795288e-02 4.339532926678657532e-03 2.251159399747848511e-01 6.813512444496154785e-01
1.591649949550628662e-01 3.990596724179340526e-07 5.548732876777648926e-01 2.859613001346588135e-01
