1.247438892633401242e-12 1.000000000000000000e+00 1.217116685214847394e-13 6.966860421897536071e-09
6.476087719420320354e-07 4.277064036273259262e-09 8.921599032873928081e-07 9.999984502792358398e-01
2.780775965049997467e-08 8.921980261802673340e-01 7.601261883974075317e-02 3.178929910063743591e-02
4.908351600170135498e-02 4.963470995426177979e-01 1.250760828241936906e-08 4.545693993568420410e-01
5.080945491790771484e-01 1.681773550808429718e-02 3.008585656061768532e-03 4.720790982246398926e-01
2.002016481128521264e-05 9.975324869155883789e-01 2.549861655154472828e-09 2.447520149871706963e-03
2.733545303344726562e-01 1.754190816427581012e-05 5.410977452993392944e-02 6.725181937217712402e-01
5.608030781149864197e-02 2.465056022629141808e-03 1.395663060247898102e-02 9.274979829788208008e-01
1.167669779533753172e-06 9.575345516204833984e-01 8.340202271028829273e-07 4.246340319514274597e-02
1.458604782819747925e-01 1.609591543674468994e-01 3.040690207853913307e-03 6.901397109031677246e-01
1.481472388341342761e-12 3.378573509849047696e-08 2.933520363512798212e-06 9.999970793724060059e-01
8.404547406826168299e-05 5.128812193870544434e-01 2.125813807651866227e-06 4.870326220989227295e-01
