9.899529218673706055e-01 3.474874247331172228e-04 9.694964624941349030e-03 4.581075700116343796e-06
1.170850373455323279e-05 1.654723200772423297e-05 9.688127636909484863e-01 3.115901164710521698e-02
6.278330110944807529e-04 5.677566528320312500e-01 5.926043013460002840e-05 4.315562248229980469e-01
4.418059065937995911e-02 9.307605028152465820e-01 2.505781501531600952e-02 1.131406293097825255e-06
1.119753290090841347e-09 1.000000000000000000e+00 2.180030380391842493e-13 3.034755780007003523e-11
1.404115300829289481e-05 9.999592900276184082e-01 6.533511232031941063e-11 2.674234565347433090e-05
1.308840924529874883e-09 1.000000000000000000e+00 1.007219238569057040e-10 3.486255034657048668e-11
7.823026776313781738e-01 3.102601913269609213e-04 2.173870503902435303e-01 3.747301080547771335e-11
2.629579887170052643e-10 1.685368136689719895e-15 6.278094702633942037e-15 1.000000000000000000e+00
2.949268091470003128e-03 9.791337251663208008e-01 1.783039793372154236e-02 8.665569475851953030e-05
2.754649663927466463e-08 4.553024470806121826e-01 1.748985499143600464e-01 3.697989284992218018e-01
2.396815034444443882e-05 6.957108378410339355e-01 2.999912500381469727e-01 4.273836500942707062e-03
