6.884105801582336426e-01 5.607773549854755402e-03 2.796962559223175049e-01 2.628537453711032867e-02
5.046464593760902062e-06 3.605524767635870376e-10 9.968024492263793945e-01 3.192471573129296303e-03
5.497648962773382664e-04 1.348806619644165039e-01 6.418440937995910645e-01 2.227254509925842285e-01
5.664456402882933617e-04 2.561047114431858063e-02 5.629802122712135315e-03 9.681932926177978516e-01
7.958684363984502852e-06 8.657339960336685181e-02 4.720612878372776322e-08 9.134185910224914551e-01
9.999595284461975098e-01 4.048827031510882080e-05 1.428786067236842428e-08 5.033700236148352936e-13
8.612104096528128139e-08 6.143746376037597656e-01 5.272009495627116848e-10 3.856252729892730713e-01
3.260296881198883057e-01 2.253609746694564819e-01 3.001926839351654053e-01 1.484166532754898071e-01
1.116607654694234952e-05 5.605299025774002075e-03 6.010895248209635611e-08 9.943834543228149414e-01
7.595612507016458181e-13 1.000000000000000000e+00 1.605770385993424360e-16 2.397272012044410379e-15
8.312553704249128934e-16 3.237325131121420384e-19 1.000000000000000000e+00 1.126745461052535736e-15
1.164159551262855530e-01 8.834859132766723633e-01 4.058868796619208297e-08 9.815932571655139327e-05
