9.229283023159950972e-05 1.535417884588241577e-01 8.456099033355712891e-01 7.559999939985573292e-04
1.177349062686516845e-07 4.340318355389172211e-06 9.999945759773254395e-01 9.509142273600446060e-07
8.655258417129516602e-01 5.468555386300977261e-09 1.344740092754364014e-01 1.758328096457262291e-07
4.354655747107472052e-09 1.460839643696587586e-10 9.491925835609436035e-01 5.080739408731460571e-02
6.396928220055997372e-04 7.107276469469070435e-02 5.244972635409794748e-05 9.282350540161132812e-01
9.981266856193542480e-01 1.800203463062644005e-03 7.309112697839736938e-05 9.240126441767415599e-10
5.939702969044446945e-03 9.774777293205261230e-01 4.587044939398765564e-03 1.199552416801452637e-02
1.081776339560747147e-02 2.311889380216598511e-01 1.828310936689376831e-01 5.751621723175048828e-01
8.062518239021301270e-01 1.903255730867385864e-01 9.128887322731316090e-04 2.509693847969174385e-03
9.901914596557617188e-01 9.491022676229476929e-03 3.713107798830606043e-05 2.804211690090596676e-04
4.848988464800640941e-05 6.602315361092792045e-10 4.668663459300725904e-13 9.999514818191528320e-01
1.000000000000000000e+00 6.775614683034170138e-13 6.755313530781847930e-10 3.485103317046878146e-09
