3.979313589752564440e-07 7.433341741561889648e-01 1.751430390868335962e-04 2.564902901649475098e-01
9.728017449378967285e-01 2.107358165085315704e-02 5.477671977132558823e-03 6.469807703979313374e-04
5.947430850028467830e-07 9.985962510108947754e-01 3.865983089212932100e-09 1.403171685524284840e-03
8.740476914681494236e-05 4.785090277437120676e-05 2.163977053104559900e-10 9.998647570610046387e-01
6.092034965377024491e-08 3.495147964452383071e-12 1.286781916860491037e-04 9.998712539672851562e-01
3.626682519097812474e-05 9.976625442504882812e-01 8.119809713491576986e-09 2.301213564351201057e-03
2.413113907095976174e-05 9.999635219573974609e-01 1.233722286997362971e-05 1.017584505547119988e-08
3.155392732878681272e-06 9.999966621398925781e-01 1.950971721953465021e-07 5.223386878583369253e-08
9.977248311042785645e-01 1.684542221482843161e-04 2.500432152996445723e-11 2.106699859723448753e-03
1.347739697621364030e-07 5.737865649280138314e-06 9.952074289321899414e-01 4.786742851138114929e-03
1.312697506250515289e-09 9.137979745864868164e-01 7.122534513473510742e-02 1.497669611126184464e-02
1.043837164615979418e-05 2.359892614185810089e-02 1.953496939677279443e-05 9.763711094856262207e-01
