1.682567973837478803e-10 9.999997615814208984e-01 2.507912107152510117e-11 2.093083679710616707e-07
4.852663914789445698e-05 9.999386072158813477e-01 2.558165590471617179e-08 1.289816373173380271e-05
1.000000000000000000e+00 3.548219140725450416e-08 8.972025344888834297e-10 1.209001926349984046e-10
9.999977350234985352e-01 6.304385635758080753e-08 1.842654455685988069e-06 2.904738494180492125e-07
3.026986669283360243e-04 7.513664712632817100e-08 6.269644927670015022e-07 9.996966719627380371e-01
9.998307824134826660e-01 3.568310148693853989e-06 1.511935552116483450e-04 1.454199082218110561e-05
1.168240123661234975e-05 1.237876023907347189e-08 9.999879598617553711e-01 3.120137250789412064e-07
3.950620737214194378e-07 1.200141652724084906e-09 9.999996423721313477e-01 3.497872530630521254e-15
9.999988675117492676e-01 1.118845602832152508e-06 3.686633463784172449e-12 1.130593130227453003e-08
7.143730521202087402e-01 1.162837861556909047e-07 2.856071293354034424e-01 1.963777503988239914e-05
9.546671509742736816e-01 1.367837842553853989e-02 2.700630575418472290e-02 4.648152738809585571e-03
5.592104912466311362e-07 9.999950528144836426e-01 2.110421526424488547e-08 4.331654963607434183e-06
