7.287281155586242676e-01 2.637892663478851318e-01 7.221430540084838867e-03 2.611832169350236654e-04
9.461958892643451691e-03 2.058056658427176444e-08 6.416006945073604584e-04 9.898964166641235352e-01
6.317487917840480804e-03 9.836379885673522949e-01 1.002414524555206299e-02 2.030544601439032704e-05
6.376127430485212244e-07 9.948607683181762695e-01 2.447105907776858658e-05 5.114103667438030243e-03
9.895487164612859488e-05 2.129636108875274658e-01 1.150716943953966620e-08 7.869374155998229980e-01
9.999677538871765137e-01 6.189439005765962065e-08 1.180125082100857981e-06 3.092411498073488474e-05
2.811663568635935917e-09 4.873926445725373924e-05 9.589239402529869949e-10 9.999512434005737305e-01
9.842808246612548828e-01 2.891535721971649764e-08 1.566829904913902283e-02 5.089907426736317575e-05
9.096266517794049378e-10 8.102503418922424316e-01 2.088637984343222342e-06 1.897475719451904297e-01
1.806810045546294874e-14 1.000000000000000000e+00 1.962886538693035116e-14 1.022730280997828645e-14
1.436563223933262634e-07 5.420311595116800163e-07 9.999992847442626953e-01 4.262233274654469994e-11
4.834288731217384338e-02 5.697756023437250406e-06 7.622670182172441855e-06 9.516438245773315430e-01
