1.141256764531135559e-01 1.533499453216791153e-04 2.837817010004073381e-04 8.854371905326843262e-01
7.705466487095691264e-08 9.998617321252822876e-02 9.000136852264404297e-01 2.737556847876021493e-09
1.425388973075314425e-06 2.068133886368173080e-09 9.999982118606567383e-01 4.181265751412865939e-07
4.748516082763671875e-01 5.200121998786926270e-01 5.133027210831642151e-03 3.205999973943107761e-06
9.881001710891723633e-01 1.176026742905378342e-02 2.033303969639632669e-09 1.395918661728501320e-04
1.217871555127203465e-03 3.902449350334791234e-07 9.987623691558837891e-01 1.938599962159059942e-05
4.091591108590364456e-03 1.249309862032532692e-04 5.762882232666015625e-01 4.194952547550201416e-01
2.602503001689910889e-01 7.314524054527282715e-01 5.684474017471075058e-04 7.728906814008951187e-03
5.318031792711508388e-09 2.399643790340633132e-07 9.999977946281433105e-01 1.985795051950844936e-06
1.272363647331076209e-06 8.599848747253417969e-01 4.357785655884072185e-05 1.399702429771423340e-01
2.000640648702756152e-07 1.097713499959018790e-12 4.981147503713145852e-05 9.999500513076782227e-01
1.599479482194965385e-08 7.016146355454111472e-06 9.991984963417053223e-01 7.944532553665339947e-04
