1.557957096665063546e-10 8.282020280603319407e-05 4.585861265659332275e-01 5.413311123847961426e-01
9.740847349166870117e-01 2.025064453482627869e-02 4.659477621316909790e-03 1.005110330879688263e-03
6.982090781093575060e-06 9.960303306579589844e-01 3.384469600860029459e-04 3.624195465818047523e-03
1.038458896800875664e-03 2.694314616746851243e-06 1.984639341756633257e-09 9.989588856697082520e-01
2.029581554234027863e-02 9.791752099990844727e-01 4.600897373165935278e-04 6.884604226797819138e-05
4.328722934587858617e-05 1.871200305814113563e-09 9.999567270278930664e-01 2.783266728201283513e-09
9.999976158142089844e-01 2.906976417395290557e-13 2.190452732975245453e-06 2.128881959606587770e-07
8.391814481001347303e-05 9.981544017791748047e-01 3.824840405286522582e-06 1.757850521244108677e-03
7.443727856326631809e-09 9.999625086784362793e-01 3.750075848074629903e-05 8.776169124757871032e-09
1.747988906397601738e-11 6.282176375389099121e-01 3.717787861824035645e-01 3.560310005923383869e-06
9.832984805107116699e-01 9.891742374747991562e-04 2.385295192652847618e-05 1.568850874900817871e-02
2.269159769639372826e-03 9.301097393035888672e-01 7.936665014085519942e-08 6.762107461690902710e-02
