1.080775018635904416e-05 9.999293088912963867e-01 2.003187364607583731e-05 3.983105125371366739e-05
1.274925889447331429e-03 5.257230997085571289e-01 1.269384811166673899e-04 4.728749990463256836e-01
1.371849717157758164e-10 1.000000000000000000e+00 3.078784449606075668e-10 2.756197492459477871e-09
6.559840561373708745e-13 7.796224110734328860e-09 1.000000000000000000e+00 3.670878045980430215e-10
3.914178907871246338e-01 1.543408870929852128e-05 2.133572939783334732e-03 6.064331531524658203e-01
3.480540779633028992e-13 1.166505398941808380e-07 7.876280357088649708e-12 9.999998807907104492e-01
9.994559884071350098e-01 2.038702223217114806e-04 4.514295142143964767e-06 3.356610250193625689e-04
7.916403412818908691e-01 1.941973870600577357e-08 1.969500780105590820e-01 1.140962261706590652e-02
5.136693716049194336e-01 2.797554712742567062e-03 1.947876363992691040e-01 2.887454926967620850e-01
8.443298749625682831e-03 3.639374917838722467e-04 9.911921620368957520e-01 5.689136060027522035e-07
7.699648563175287563e-08 9.999929070472717285e-01 5.746422630181768909e-06 1.202785711029719096e-06
1.877160817384719849e-01 1.025470569729804993e-01 7.088087797164916992e-01 9.280784288421273232e-04
