6.796411616960540414e-05 3.936243243515491486e-03 1.989435949312223784e-09 9.959958195686340332e-01
3.061167638818140802e-11 4.752191671286709607e-06 9.999951720237731934e-01 6.094784055221680319e-08
9.423646926879882812e-01 5.741242319345474243e-02 1.316373343662746720e-09 2.229663950856775045e-04
1.613659179611204308e-07 2.164872586751798167e-10 9.999998807907104492e-01 1.704864277096013181e-13
1.533965021371841431e-01 7.339077591896057129e-01 1.126871556043624878e-01 8.566321412217803299e-06
1.556430477648973465e-02 6.840465664863586426e-01 1.240962446900084615e-04 3.002650439739227295e-01
1.264254387933760881e-05 2.269533462822437286e-03 8.884379863739013672e-01 1.092798411846160889e-01
3.006771066793589853e-06 9.995072484016418457e-01 2.319513732800260186e-04 2.578911662567406893e-04
9.994233250617980957e-01 2.466444115611921006e-08 1.533479371573776007e-04 4.233228391967713833e-04
9.851708750001353376e-14 9.342421058988747973e-09 1.000000000000000000e+00 2.637575668984482036e-08
7.575745582580566406e-01 1.949901729822158813e-01 4.743518307805061340e-02 2.115029484883734767e-09
1.000000000000000000e+00 8.589851496765277261e-09 3.555768124385849660e-09 5.758028602531606310e-13
