7.417359352111816406e-01 8.152788504958152771e-03 3.606419265270233154e-02 2.140471190214157104e-01
2.058272063732147217e-01 5.456280268845148385e-05 7.587966322898864746e-01 3.532156720757484436e-02
2.229398787021636963e-01 2.505766474314441439e-07 1.037275978887919337e-05 7.770494818687438965e-01
3.692246991704450920e-06 9.518949985504150391e-01 4.810119420289993286e-02 7.500410248439948191e-08
2.472059168212581426e-05 1.068072859197854996e-02 2.017935179173946381e-02 9.691151976585388184e-01
9.917503485112888484e-10 1.013492831325457644e-10 1.677012001488620285e-11 1.000000000000000000e+00
1.000000000000000000e+00 5.560388304307051222e-13 3.214327248812764992e-09 8.599589096380810815e-11
1.436205182558936144e-10 8.229047991335391998e-03 8.953318121618369929e-12 9.917709231376647949e-01
1.812023669481277466e-01 2.177450596718699671e-06 8.144023418426513672e-01 4.393111914396286011e-03
2.828625156325870194e-06 9.999951720237731934e-01 5.047171214300760766e-08 1.895602395052264910e-06
9.903058373339490572e-10 9.999983310699462891e-01 1.378917204419849440e-06 2.109651831005976419e-07
2.152013848899514414e-06 1.812083870172500610e-01 8.161183595657348633e-01 2.671139081940054893e-03
