1.371808338035407360e-07 7.150102257728576660e-01 2.211396177287383580e-09 2.849895954132080078e-01
1.590846113685984164e-05 2.471414717319930787e-08 9.951292276382446289e-01 4.854847211390733719e-03
1.391613579926342936e-07 6.041929125785827637e-03 3.156790107095019948e-11 9.939578771591186523e-01
1.061131460478037525e-10 9.980862140655517578e-01 1.858528088372057852e-11 1.913805725052952766e-03
9.979072809219360352e-01 2.221894612741692754e-10 1.635012158658355474e-04 1.929189194925129414e-03
1.222755585672530287e-08 9.943693876266479492e-01 5.630194209516048431e-03 3.297973591998015763e-07
2.668699380592443049e-06 3.574387665139511228e-05 3.287259886519677821e-08 9.999615550041198730e-01
2.424196676731327216e-10 3.124276641756296158e-03 9.706565141677856445e-01 2.621922269463539124e-02
1.015968620777130127e-03 9.980895519256591797e-01 1.615859251957729725e-10 8.945086738094687462e-04
7.875832729041576385e-03 9.919679760932922363e-01 1.497191715316148475e-05 1.412282144883647561e-04
3.543431148500530981e-07 1.259085546934102240e-08 8.360016345977783203e-01 1.639980524778366089e-01
8.161140431184321642e-05 3.148878022329881787e-05 9.998867511749267578e-01 1.234848099329610704e-07
