7.943319156765937805e-03 6.639103293418884277e-01 3.281369209289550781e-01 9.387089448864571750e-06
3.174071311950683594e-01 1.558663975447416306e-02 4.933258969685994089e-05 6.669569015502929688e-01
8.771784450800623745e-06 5.657076835632324219e-01 1.708188559859991074e-03 4.325753152370452881e-01
3.679288540503478089e-10 8.648230880498886108e-02 6.038240130123995186e-09 9.135176539421081543e-01
2.585249792019794768e-10 8.765623782380771445e-09 1.152670593000948429e-04 9.998847246170043945e-01
4.837599210105736347e-10 9.966858029365539551e-01 8.611131488578394055e-05 3.228114685043692589e-03
5.425916937973340737e-10 9.999979138374328613e-01 1.391077357471015574e-12 2.092558816002565436e-06
3.730514799826778471e-05 6.459548603743314743e-03 4.137622599955648184e-04 9.930893778800964355e-01
5.330376370693556964e-05 9.999467134475708008e-01 9.388156030354366521e-09 1.701929153163916908e-09
3.372886681063391734e-07 2.514930565666873008e-05 6.156995077617466450e-04 9.993587732315063477e-01
7.149844805098837242e-08 8.453232049942016602e-01 2.458558976650238037e-02 1.300911903381347656e-01
9.381714960454701213e-08 9.528725743293762207e-01 6.118256123954779468e-08 4.712724313139915466e-02
