9.717175998957827687e-06 9.989471435546875000e-01 4.799563413371288334e-09 1.043132506310939789e-03
4.534566700458526611e-01 1.887756027281284332e-02 2.282188506796956062e-05 5.276429653167724609e-01
4.119157281934349157e-08 1.415945263261164655e-07 9.999741315841674805e-01 2.569780554040335119e-05
3.110236139036715031e-04 3.800592594416229986e-06 6.139612707123376367e-10 9.996851682662963867e-01
3.641995593994806768e-10 9.999848604202270508e-01 1.514561881776899099e-05 2.614790162169811083e-09
6.902115501361549832e-08 5.394217623688746244e-06 9.999945759773254395e-01 5.724437590615139015e-10
6.614106893539428711e-01 3.705497598275542259e-03 3.329431712627410889e-01 1.940627931617200375e-03
8.364627361297607422e-01 6.475643068552017212e-02 5.519877886399626732e-04 9.822883456945419312e-02
1.698416554063442163e-06 9.978248476982116699e-01 9.736628499013022520e-07 2.172493375837802887e-03
1.135803202600982331e-07 1.462079118937253952e-03 9.943365454673767090e-01 4.201314877718687057e-03
9.495602250099182129e-01 3.258133656345307827e-04 4.915000498294830322e-02 9.640228818170726299e-04
2.980460340040735900e-05 9.998632669448852539e-01 5.205150500842137262e-06 1.017390386550687253e-04
