2.507450408302247524e-04 9.637898206710815430e-01 1.260744500905275345e-02 2.335205860435962677e-02
9.885675907135009766e-01 8.472585119307041168e-03 2.670496178325265646e-04 2.692823996767401695e-03
1.112978160381317139e-02 4.935381710529327393e-01 7.113272440619766712e-04 4.946206510066986084e-01
1.191083782714486006e-07 9.999814629554748535e-01 8.718544108887726907e-07 1.757552854542154819e-05
5.383780035117524676e-07 1.995654543861746788e-03 9.980019330978393555e-01 1.825342451411415823e-06
9.999256730079650879e-01 1.901959512906614691e-05 1.131133586795840529e-07 5.518848047358915210e-05
9.996545910835266113e-01 1.236013395100599155e-05 2.354908065171912313e-04 9.759130625752732158e-05
4.899555428039548133e-09 1.313959073740988970e-04 2.328709512948989868e-01 7.669976353645324707e-01
9.790586119606814464e-10 1.000000000000000000e+00 1.813076598577989529e-11 8.311218380185891874e-11
1.024101488292217255e-02 1.795275217375547072e-08 7.709839195013046265e-02 9.126605391502380371e-01
5.961787866767126465e-14 3.015394940577946492e-14 5.274942808941585071e-13 1.000000000000000000e+00
9.168971180915832520e-01 1.801002229295800561e-11 8.310290426015853882e-02 1.092711032768534096e-09
