6.622434407472610474e-02 6.550589799880981445e-01 1.931403763592243195e-02 2.594026625156402588e-01
1.312505191890522838e-04 1.722706854343414307e-01 2.291929535567760468e-02 8.046787977218627930e-01
4.466383457183837891e-01 3.307096064090728760e-01 1.102108415216207504e-02 2.116308659315109253e-01
9.274266958236694336e-01 9.373250417411327362e-03 5.215368582867085934e-05 6.314785778522491455e-02
1.023403086719554267e-07 9.999889135360717773e-01 8.130552487273234874e-06 2.931874178102589212e-06
3.213230911569553427e-06 1.319983056191631476e-08 9.999902248382568359e-01 6.555307663802523166e-06
1.431084424257278442e-02 2.526634546029526973e-08 5.574385523796081543e-01 4.282505810260772705e-01
4.775058031082153320e-01 5.224921107292175293e-01 2.168342128072708874e-08 2.101604650306398980e-06
1.819389083834721532e-08 9.889130403450963058e-09 9.999999403953552246e-01 4.500502726045851887e-08
9.664089679718017578e-01 8.666547946631908417e-04 1.728014321997761726e-04 3.255147859454154968e-02
2.049786758107075002e-07 4.717254853403574089e-08 4.403887487569591030e-06 9.999953508377075195e-01
1.000000000000000000e+00 2.186977887674856902e-08 7.355676068243610644e-09 2.413202016687820972e-12
