3.096174395977868699e-06 9.937871098518371582e-01 6.123330444097518921e-03 8.648035145597532392e-05
3.737780265510082245e-03 9.900313019752502441e-01 3.747655831498608592e-12 6.230980623513460159e-03
3.859322816879284801e-08 7.663883252462255768e-07 1.386089175939559937e-01 8.613902926445007324e-01
7.443347715963000155e-09 8.716634511947631836e-01 1.283355206251144409e-01 1.063031049852725118e-06
1.853536523412913084e-04 1.287688320417146315e-07 9.996254444122314453e-01 1.891391002573072910e-04
1.552013680338859558e-03 9.967341423034667969e-01 2.063314852307485125e-09 1.713912002742290497e-03
1.041994528350187466e-05 6.208618287928402424e-05 1.004490157718862520e-09 9.999275207519531250e-01
6.752549808197727543e-08 9.999997615814208984e-01 1.581708062303732731e-07 3.250942293142600192e-10
2.285363676080010009e-09 9.999994039535522461e-01 1.469914745477751694e-10 6.198263236001366749e-07
4.073090851306915283e-01 2.513031904527451843e-05 2.006234135478734970e-03 5.906595587730407715e-01
6.417213982423675134e-11 9.999932050704956055e-01 2.397199105885761128e-09 6.781716365367174149e-06
1.219065234181471169e-05 9.997723102569580078e-01 8.315579179907217622e-05 1.323526521446183324e-04
