4.954406176693737507e-05 1.132393808802589774e-04 1.912508974783122540e-03 9.979247450828552246e-01
3.370027479832060635e-05 1.102877945413638372e-06 2.911090996349230409e-05 9.999360442161560059e-01
2.120281904935836792e-01 1.801962405443191528e-02 1.257164627313613892e-01 6.442357301712036133e-01
4.806870634865845204e-08 6.668664216995239258e-01 6.517679139506071806e-06 3.331270813941955566e-01
6.724081002175807953e-03 3.176286966777297494e-08 4.579890519380569458e-02 9.474769830703735352e-01
9.818853735923767090e-01 2.271181583637371659e-04 1.781864091753959656e-02 6.883940659463405609e-05
7.699899142608046532e-04 9.985613226890563965e-01 2.784281321055459557e-07 6.683523533865809441e-04
2.767910482361912727e-04 7.057155948132276535e-03 3.558319211006164551e-01 6.368341445922851562e-01
9.998450279235839844e-01 6.572654820047318935e-05 8.926395094022154808e-05 6.035761224154612137e-09
3.732035838766023517e-05 1.920242211781442165e-04 7.214892860929467133e-08 9.997705817222595215e-01
9.992125034332275391e-01 6.411454523913562298e-04 1.031344727380201221e-04 4.319700019550509751e-05
1.119834370911121368e-03 7.699251770973205566e-01 5.344807050278177485e-07 2.289544045925140381e-01
