8.307313546538352966e-04 1.326068490743637085e-02 9.847028255462646484e-01 1.205793116241693497e-03
1.039963960647583008e-01 4.116930365562438965e-01 4.824790954589843750e-01 1.831455389037728310e-03
1.355908752884715796e-04 2.454613801091909409e-03 9.974096417427062988e-01 1.422196191924740560e-07
6.413283944129943848e-01 1.406110499146961956e-07 9.781657159328460693e-02 2.608548998832702637e-01
9.211361757479608059e-04 9.990684390068054199e-01 8.582849659433122724e-06 1.839844799178536050e-06
2.521765241070283992e-09 4.345863047205966723e-08 9.931094646453857422e-01 6.890523713082075119e-03
9.332234859466552734e-01 1.012932182575809748e-09 6.676753610372543335e-02 8.968131623987574130e-06
7.277020319662597103e-09 4.223718271835485982e-13 5.774793976343062241e-10 1.000000000000000000e+00
1.895610690116882324e-01 8.104388713836669922e-01 7.771675569756553159e-08 1.940738021677379521e-11
2.511381544172763824e-02 1.320752799510955811e-01 1.695179194211959839e-02 8.258590698242187500e-01
2.009541913866996765e-02 2.754502181900875257e-10 9.799044132232666016e-01 1.498928128285115235e-07
2.760787820577093044e-09 6.480197356495409622e-08 9.999863505363464355e-01 1.352604340354446322e-05
