3.010530269520472757e-09 1.926042838022112846e-03 1.043499793240698637e-07 9.980738759040832520e-01
1.944961841218173504e-03 2.983226673677563667e-03 1.922850060509517789e-04 9.948794841766357422e-01
1.064713472942457884e-08 7.614648657710415547e-14 5.052510459790937603e-05 9.999495148658752441e-01
1.649803731129662054e-11 9.985792040824890137e-01 1.336345303570851684e-04 1.287189661525189877e-03
1.863840111582248937e-06 9.999919533729553223e-01 2.824411069468624191e-07 5.870886070624692366e-06
9.450470201954885852e-07 9.938482046127319336e-01 4.389073583297431469e-04 5.711940582841634750e-03
9.999997615814208984e-01 2.526556670545687666e-07 3.509418178282430745e-08 1.937187389666750192e-12
3.752170796289533428e-10 7.468984740584272419e-14 1.000000000000000000e+00 3.746513654867555942e-10
4.513486637733876705e-04 2.482221589161781594e-06 9.992896318435668945e-01 2.565260219853371382e-04
9.918234944343566895e-01 4.458177045307820663e-06 7.592369336634874344e-03 5.796827026642858982e-04
5.237641185522079468e-02 9.462930029258131981e-04 1.461590360850095749e-02 9.320613741874694824e-01
9.651659987866878510e-03 9.903427958488464355e-01 4.751688038595602848e-07 5.043618330091703683e-06
