2.862863368591206381e-07 8.816090968366552261e-09 9.999997615814208984e-01 9.540875034463880411e-12
5.765562333115425986e-11 9.188612537514018186e-09 7.101579324597651066e-09 1.000000000000000000e+00
9.718367457389831543e-01 2.687766775488853455e-02 1.284360652789473534e-03 1.268203163817815948e-06
9.785188126443244983e-08 1.782567233021836728e-05 2.767008299997542053e-05 9.999544024467468262e-01
9.999330639839172363e-01 3.924661484688840574e-08 1.284679728996707126e-05 5.413560938904993236e-05
4.304416477680206299e-02 5.184671375900506973e-03 9.517711400985717773e-01 9.806445655513584825e-10
1.765113440342247486e-03 2.767310664057731628e-02 9.705616831779479980e-01 7.037543525711953407e-08
7.812867164611816406e-01 2.186269015073776245e-01 8.553823136026039720e-05 9.186119314108509570e-07
5.983658297736837994e-07 2.861180575564503670e-03 1.511151492595672607e-01 8.460230231285095215e-01
9.192478656768798828e-01 8.685516077093780041e-04 7.984417676925659180e-02 3.940364695154130459e-05
9.877625703811645508e-01 4.139642987865954638e-04 6.345084402710199356e-04 1.118884701281785965e-02
9.604998922441154718e-05 9.999039173126220703e-01 3.266053028028181870e-08 5.417547299657599069e-09
