1.493790447711944580e-01 1.846275627613067627e-01 6.659553647041320801e-01 3.806934910244308412e-05
1.002703383564949036e-01 5.927716265432536602e-04 4.267033338546752930e-01 4.724335968494415283e-01
4.787445068359375000e-01 4.974251389503479004e-01 2.380287833511829376e-02 2.743532968452200294e-05
1.427975366823375225e-03 5.442050751298666000e-03 9.928929209709167480e-01 2.370321453781798482e-04
1.531977318336430471e-06 3.963884082081037263e-11 1.059111980339366710e-07 9.999983906745910645e-01
1.495069707743823528e-03 9.985014200210571289e-01 2.691116833375417627e-06 7.837338102945068385e-07
7.601932321479876187e-13 7.493067277763998391e-10 1.000000000000000000e+00 3.570945494857369340e-08
9.962173700332641602e-01 1.327526388195110485e-05 1.514780763045564527e-07 3.769191214814782143e-03
1.140283802669728175e-05 1.550369610470170301e-08 5.937973446279443124e-10 9.999886155128479004e-01
9.999998807907104492e-01 3.681561444590641941e-10 3.416932101846237302e-12 1.601686818730740924e-07
1.482092658989131451e-03 2.032977761700749397e-03 9.641658067703247070e-01 3.231911361217498779e-02
5.508337616920471191e-01 3.125523030757904053e-01 6.006423383951187134e-02 7.654975354671478271e-02
