9.971835613250732422e-01 7.542041657870868221e-07 1.057162080542184412e-04 2.709928201511502266e-03
4.926591903528509953e-13 1.000000000000000000e+00 1.528984994170201617e-10 9.192944183666895697e-09
1.453155418857932091e-04 6.272902336457164552e-12 9.998538494110107422e-01 7.854557111386384349e-07
9.999356269836425781e-01 3.140621443464830520e-12 5.033957859268411994e-05 1.400444762111874297e-05
3.022161312401294708e-03 6.148664951324462891e-01 1.207810863852500916e-01 2.613303065299987793e-01
1.874522403966238926e-08 9.999161958694458008e-01 8.366708061657845974e-05 1.145098664778743114e-07
1.496721415605861694e-05 9.222818017005920410e-01 7.770258188247680664e-02 7.229807579278713092e-07
2.728481078520417213e-03 3.268424734415020794e-06 8.913102078622614499e-07 9.972673654556274414e-01
1.044914498925209045e-02 3.574668662622570992e-04 9.883786439895629883e-01 8.147532353177666664e-04
6.957649602554738522e-04 9.959591627120971680e-01 3.637527612454505288e-09 3.345045028254389763e-03
1.579863834194839001e-03 9.984157085418701172e-01 4.438208634383045137e-06 9.529645517147855571e-09
2.177131827920675278e-04 9.560268521308898926e-01 3.498369827866554260e-02 8.771711029112339020e-03
