8.099731019228784135e-08 9.997081756591796875e-01 9.569590986302500824e-08 2.916002413257956505e-04
9.500723535893484950e-06 1.097262611438054591e-06 9.681523442268371582e-01 3.183711320161819458e-02
5.677912122337147593e-05 1.854313632065895945e-05 9.999210238456726074e-01 3.620605184551095590e-06
9.995782971382141113e-01 1.022539508994668722e-04 3.189158160239458084e-04 4.600172758273401996e-07
9.113554954528808594e-01 1.157440055976621807e-05 8.491243422031402588e-02 3.720408072695136070e-03
6.245034337043762207e-01 2.056760936975479126e-01 1.661602854728698730e-01 3.660246264189481735e-03
2.684025446342275245e-07 9.999935626983642578e-01 2.900128315275196655e-08 6.146764008008176461e-06
3.191455325577408075e-04 4.462081506062531844e-06 5.225004429121327121e-09 9.996764063835144043e-01
2.553379090386442840e-05 1.107006042389002687e-09 9.999589323997497559e-01 1.556977622385602444e-05
7.441175635904073715e-03 9.919260144233703613e-01 2.756037574727088213e-04 3.572323475964367390e-04
9.998579621315002441e-01 8.974667053962548380e-08 2.769591674223192967e-06 1.391080586472526193e-04
3.599507863327744417e-06 6.443717226467526871e-10 9.999964237213134766e-01 3.067511245014031829e-10
