9.999104142189025879e-01 1.212788788507168647e-06 7.595818374284135643e-07 8.744209480937570333e-05
3.970976081291155424e-08 3.423573924354883502e-10 1.000000000000000000e+00 1.314949482633664957e-09
3.067900252062827349e-05 6.437404387327205768e-09 9.999693036079406738e-01 3.514177393526551896e-09
3.600017130374908447e-01 2.634515112731605768e-04 1.295885443687438965e-01 5.101463198661804199e-01
9.929938316345214844e-01 2.791545739455614239e-06 3.120104281606472796e-07 7.003009319305419922e-03
8.671357035636901855e-01 2.127576444763690233e-04 1.326510161161422729e-01 4.024555835258070147e-07
1.321783848106861115e-02 4.366243083495646715e-04 9.826095700263977051e-01 3.735969308763742447e-03
9.831709265708923340e-01 3.120268274869886227e-07 8.077400736510753632e-03 8.751318790018558502e-03
8.665782958269119263e-02 4.136658390052616596e-06 9.133163094520568848e-01 2.180132105422671884e-05
8.685281500220298767e-06 1.075697168707847595e-01 1.675759255886077881e-01 7.248457074165344238e-01
5.792849659919738770e-01 7.316332310438156128e-02 1.066694129258394241e-02 3.368847072124481201e-01
1.136343032121658325e-01 1.423063222318887711e-03 8.849365115165710449e-01 6.122509603301296011e-06
