9.999996423721313477e-01 3.309926199790425017e-08 4.960918786878210085e-08 3.058217146190145286e-07
8.844825029373168945e-01 1.155174598097801208e-01 7.544930014091733028e-09 6.318081058331870281e-10
9.998027682304382324e-01 2.510586183390728365e-09 1.971803430933505297e-04 1.214089362377990255e-08
6.885632872581481934e-01 3.110386729240417480e-01 2.253247948829084635e-04 1.726658665575087070e-04
8.591179721406660974e-06 6.333656266122034140e-09 1.167829353221350175e-07 9.999912977218627930e-01
4.793662726879119873e-01 8.146276377374306321e-05 1.465690875193104148e-04 5.204057693481445312e-01
9.524326324462890625e-01 2.290577255189418793e-02 4.310769145376980305e-04 2.423049882054328918e-02
2.758748084306716919e-02 9.724110960960388184e-01 1.376738850922265556e-06 1.833375407045423344e-08
2.478217473253607750e-03 9.975217580795288086e-01 1.172217434231015432e-08 2.592537207135592325e-08
1.000000000000000000e+00 1.370246671683617024e-08 1.185099574030346048e-08 7.054406364614962399e-11
9.999998807907104492e-01 2.354525185932487830e-10 7.028597082125997986e-08 1.434741075945211719e-10
4.066338879056274891e-04 2.881792315747588873e-04 2.448579436986619839e-07 9.993050098419189453e-01
