1.552177440397595198e-12 5.965230801587831019e-15 1.071020306947154110e-14 1.000000000000000000e+00
1.248115152120590210e-01 1.386775778655646718e-07 8.751882314682006836e-01 1.255960313528703409e-07
3.156482125632464886e-05 9.434905648231506348e-01 5.644961819052696228e-02 2.829226650646887720e-05
4.605685610670207097e-09 9.999783039093017578e-01 1.432208318874472752e-05 7.382709554804023355e-06
4.212848842144012451e-03 8.404128493566531688e-06 5.550670027732849121e-01 4.407117366790771484e-01
9.467623829841613770e-01 5.167964473366737366e-02 1.553488429635763168e-03 4.466930022317683324e-06
2.080555759675917216e-06 1.715310965664684772e-03 2.605096902698278427e-03 9.956775307655334473e-01
1.483994419686496258e-03 9.981838464736938477e-01 2.796317858155816793e-05 3.040758310817182064e-04
4.346443347458261997e-07 9.999991655349731445e-01 4.210926363157341257e-07 6.770914495746183093e-09
7.932955958800391727e-10 2.134020323865115643e-04 9.997865557670593262e-01 9.756967500607061083e-08
5.688489079475402832e-01 5.134697403263999149e-06 6.681648665107786655e-05 4.310791194438934326e-01
2.877552062273025513e-02 4.771573245525360107e-01 8.318865525325236376e-07 4.940663278102874756e-01
