1.288522980757988989e-06 8.545346260070800781e-01 3.075728600379079580e-04 1.451564878225326538e-01
3.334457493106568471e-12 1.000000000000000000e+00 3.768167167184088839e-10 1.775228049413421494e-13
2.052209735481369535e-09 2.366487648203241534e-12 1.000000000000000000e+00 7.711503657858997940e-10
7.591056032651977148e-07 3.830260830000042915e-04 1.685554347932338715e-02 9.827606678009033203e-01
7.801440358161926270e-01 4.554443061351776123e-03 5.597573239356279373e-03 2.097039371728897095e-01
2.064232376142172143e-06 1.122751709772273898e-04 1.972493691937415861e-06 9.998837113380432129e-01
4.355029165744781494e-01 2.381753474473953247e-01 3.179061710834503174e-01 8.415495976805686951e-03
1.646925928071141243e-03 6.250848621129989624e-02 9.358376860618591309e-01 6.849596502433996648e-06
9.096205234527587891e-01 6.801161915063858032e-02 3.456631442531943321e-03 1.891126856207847595e-02
4.882516339421272278e-02 9.500150084495544434e-01 5.205557158660667483e-07 1.159377512522041798e-03
1.840041718992324604e-08 9.945460557937622070e-01 5.453940480947494507e-03 2.066395721200819935e-09
6.897508865222334862e-05 7.198804814834147692e-05 9.868519306182861328e-01 1.300709135830402374e-02
