9.999987483024597168e-01 3.153487193596760108e-11 1.045080821882038435e-07 1.181811740025295876e-06
1.128325152421894018e-06 2.581316744908690453e-03 9.974110126495361328e-01 6.440655852202326059e-06
3.127363920211791992e-01 6.798711419105529785e-01 7.392448373138904572e-03 2.197044456087038355e-11
1.000000000000000000e+00 4.204843973010241598e-10 5.392568169781952747e-09 3.528348169190564931e-10
9.968745112419128418e-01 5.401543656802232363e-10 3.125370945781469345e-03 1.153671789211330179e-07
6.346449481497984380e-07 3.251878544688224792e-02 2.430234857797586301e-08 9.674805402755737305e-01
3.325160287204198539e-05 9.785715341567993164e-01 2.406214662187267095e-06 2.139278687536716461e-02
8.152487874031066895e-01 1.668508648872375488e-01 8.737502619624137878e-03 9.162715636193752289e-03
9.604133044405216424e-10 9.999972581863403320e-01 2.658064204297261313e-06 6.052604817341489252e-08
3.664726391434669495e-04 3.098686574958264828e-04 2.022857046313220053e-07 9.993234276771545410e-01
1.294602203216754788e-08 3.051540176102207624e-08 9.756458401679992676e-01 2.435412071645259857e-02
2.228808942961180151e-10 9.999387264251708984e-01 1.122019810395613604e-09 6.122125341789796948e-05
