4.223591076879529282e-06 9.999952316284179688e-01 3.831736705706134671e-08 4.487305602651758818e-07
2.729913864407684798e-11 3.310929308497634338e-09 9.997705221176147461e-01 2.294798468938097358e-04
8.327655196189880371e-01 3.203416421015958804e-10 1.919435277386583039e-07 1.672343015670776367e-01
1.433147264057188508e-11 1.972968677321773612e-09 2.439619415772059652e-13 1.000000000000000000e+00
9.997850060462951660e-01 1.598154922248795629e-04 5.512309144251048565e-05 3.774963674985087891e-11
8.072755881585180759e-04 6.701518297195434570e-01 3.290195763111114502e-01 2.131730252585839480e-05
2.032156953646335751e-05 7.572290897369384766e-01 2.427502125501632690e-01 4.816854470846010372e-07
1.648728175496216863e-05 1.895838677883148193e-01 8.100371360778808594e-01 3.624869859777390957e-04
8.378353959415107965e-05 3.960510366596281528e-05 9.584651589393615723e-01 4.141142964363098145e-02
7.483969966415315866e-06 3.698154955600330140e-07 9.573363065719604492e-01 4.265584424138069153e-02
1.527283893665298820e-04 1.408671215176582336e-02 1.406033523380756378e-02 9.717002511024475098e-01
4.690616577863693237e-02 6.527490019798278809e-01 1.349858045578002930e-01 1.653590649366378784e-01
