1.866092316049616784e-05 9.999254941940307617e-01 5.486853115144185722e-05 9.544635304337134585e-07
9.784456491470336914e-01 1.570051040289399680e-07 2.155251242220401764e-02 1.673566089266387280e-06
9.811295866966247559e-01 1.142407394945621490e-02 7.446364499628543854e-03 1.560312767878713203e-09
2.176048308610916138e-01 1.611645668745040894e-01 1.464294921606779099e-02 6.065876483917236328e-01
1.011776475934311748e-04 3.094638586044311523e-01 6.904343962669372559e-01 5.411041570368979592e-07
9.478572010993957520e-01 3.103357215650248691e-08 1.228740870828914922e-06 5.214155837893486023e-02
4.275398168829269707e-06 1.123204583564074710e-06 9.999945163726806641e-01 7.253751732605451252e-08
7.752689271001145244e-06 4.152717336669553561e-10 9.999923110008239746e-01 2.781884722580230118e-09
9.451926350593566895e-01 5.480730533599853516e-02 1.430711762395731057e-07 1.845552460855159893e-10
6.412309448933228850e-05 9.997558593750000000e-01 1.646531381993554533e-05 1.636248634895309806e-04
3.492076072753036442e-10 4.465622316374151524e-10 1.166734851093531589e-11 1.000000000000000000e+00
1.313347411269205622e-06 3.855948307318612933e-06 3.670690205126447836e-07 9.999944567680358887e-01
