7.546182700934878085e-08 9.999992847442626953e-01 2.143297983536740503e-09 6.488766075563034974e-07
2.067281603813171387e-01 5.484835128299891949e-04 4.901449661701917648e-03 7.878218889236450195e-01
2.050188664670660188e-11 3.314711352619958973e-12 1.000000000000000000e+00 1.409799221807617187e-10
9.992552995681762695e-01 3.884147474764176877e-07 7.443812792189419270e-04 2.025829637375409220e-08
7.833091899556166027e-07 2.306612003621921758e-07 9.999960660934448242e-01 2.898381126215099357e-06
2.517670392990112305e-02 9.746298789978027344e-01 1.926199329318478703e-04 7.301941309378889855e-07
1.428241375833749771e-04 9.998571276664733887e-01 1.302030483429916785e-09 3.054783448419584602e-08
9.417805671691894531e-01 1.547330384710221551e-06 2.961654536193236709e-05 5.818831548094749451e-02
4.922787297800823580e-07 8.146050589630249306e-08 9.999988675117492676e-01 5.747105547015962657e-07
9.584610779711510986e-06 9.649711847305297852e-01 3.488902375102043152e-02 1.301362499361857772e-04
9.961334466934204102e-01 1.508742479927605018e-05 6.124823266873136163e-05 3.790209535509347916e-03
7.263729348778724670e-03 1.230778754688799381e-03 9.915054440498352051e-01 3.537889270432970079e-08
