3.859422648133659095e-08 9.994028806686401367e-01 5.970900529064238071e-04 3.097897979809083324e-11
9.999490976333618164e-01 5.020855678594671190e-05 5.848954174325626809e-07 1.238684319559979485e-07
5.469530606205807999e-09 3.956454330822367638e-10 1.000000000000000000e+00 7.632799392531808280e-10
9.803533321246504784e-04 9.989385604858398438e-01 6.884612230351194739e-05 1.224250627274159342e-05
1.698996424674987793e-01 7.012166548520326614e-03 8.215513229370117188e-01 1.536894473247230053e-03
9.999985098838806152e-01 1.492639398747996893e-06 1.311797448444451675e-09 2.472552891596979663e-11
9.999971389770507812e-01 3.995202746409631800e-08 2.756029743977705948e-06 6.646480699146195548e-08
2.076746064005874359e-08 1.463903799958643503e-06 2.895431680371984839e-05 9.999695420265197754e-01
1.837064046412706375e-03 6.098350975662469864e-03 9.918857812881469727e-01 1.787902292562648654e-04
6.615835428237915039e-01 2.499751932919025421e-02 3.132762014865875244e-01 1.428043324267491698e-04
3.565675765275955200e-02 2.824402763508260250e-04 9.640283584594726562e-01 3.243659375584684312e-05
9.845387935638427734e-01 1.491729635745286942e-02 8.011512545635923743e-05 4.638326645363122225e-04
