8.290684781968593597e-03 4.461779724806547165e-03 5.190173387527465820e-01 4.682301878929138184e-01
9.996074438095092773e-01 2.602540771476924419e-04 1.248533662874251604e-04 7.442107289534760639e-06
1.001287528197281063e-04 9.997726678848266602e-01 1.272125955438241363e-04 1.027507301465391265e-09
1.599436975084245205e-03 2.837134971400701033e-10 9.983885884284973145e-01 1.196582798002054915e-05
4.599122985382564366e-05 2.230626341770403087e-05 4.140322804450988770e-01 5.858994126319885254e-01
1.874013990163803101e-01 2.380275912582874298e-02 5.453676581382751465e-01 2.434281855821609497e-01
1.582191725901793689e-05 9.995688796043395996e-01 1.040862457557523157e-06 4.142913967370986938e-04
1.065686319634551182e-05 3.411291539669036865e-01 9.834152460098266602e-02 5.605186820030212402e-01
1.000000000000000000e+00 1.368583458366545713e-11 1.917919573157789159e-10 2.475910752461341069e-12
1.028197249564044569e-10 9.993336796760559082e-01 2.331708856218028814e-06 6.639396306127309799e-04
1.784833045803679852e-07 2.611150193843059242e-06 1.708203111775219440e-03 9.982890486717224121e-01
9.261511564254760742e-01 3.155974991386756301e-05 7.381723076105117798e-02 5.567256877725412778e-08
