4.118423163890838623e-01 5.880922079086303711e-01 6.466286140494048595e-05 7.917793709566467442e-07
1.189246368049623470e-09 5.577734112739562988e-02 8.468379378318786621e-01 9.738477319478988647e-02
1.075019972631707788e-04 2.543631865137285786e-07 2.069441378116607666e-01 7.929480671882629395e-01
2.885416708886623383e-02 1.300611813803698169e-07 6.614803623961051926e-06 9.711391329765319824e-01
1.981601584702730179e-03 1.361400645691901445e-04 9.978789687156677246e-01 3.278432131992303766e-06
3.065754717681556940e-04 9.104252967517822981e-05 9.413992762565612793e-01 5.820308998227119446e-02
4.791400278918445110e-04 2.911198680521920323e-05 6.385308504104614258e-01 3.609609007835388184e-01
1.662368625402450562e-01 7.846632003784179688e-01 3.110685013234615326e-02 1.799308508634567261e-02
6.526976008280893637e-12 1.000000000000000000e+00 7.871823615309640060e-15 5.664011360623222302e-12
1.956920546832344177e-14 4.862645702763401800e-11 1.000000000000000000e+00 1.227803140868609713e-14
9.999998807907104492e-01 8.057818412510187045e-09 6.886599379640756524e-08 4.030126579679382814e-11
7.361799012869596481e-03 3.709199726581573486e-01 5.720576609746785834e-06 6.217125058174133301e-01
