8.039086063504896629e-11 9.999979138374328613e-01 4.291142961798666278e-12 2.051329374808119610e-06
1.284702033643725372e-08 1.369115807392518036e-06 9.999958872795104980e-01 2.755665718723321334e-06
4.664115905761718750e-01 3.149074618704617023e-04 5.332669019699096680e-01 6.563961960637243465e-06
2.136816834585886227e-10 9.805472654988989234e-05 9.378894189060460462e-11 9.999019503593444824e-01
1.000000000000000000e+00 4.436269873588777335e-13 7.603205842698912420e-10 3.456976241725251420e-12
3.447424471378326416e-01 2.537946857046335936e-04 1.444680674467235804e-04 6.548593044281005859e-01
1.213562022894620895e-02 8.667778223752975464e-02 2.158063352108001709e-01 6.853802204132080078e-01
3.934573009610176086e-02 9.596469998359680176e-01 1.007276470772922039e-03 1.831244600403181266e-09
1.797664772595908289e-08 5.764666255458905653e-08 9.999994635581970215e-01 4.868538212576822843e-07
2.438038438558578491e-01 7.480782073798764031e-07 2.212892472743988037e-01 5.349062085151672363e-01
5.292276386171579361e-03 1.144674569368362427e-01 8.667338639497756958e-03 8.715729117393493652e-01
2.990493840115959756e-06 9.999958872795104980e-01 1.239344982195689227e-07 1.094749677577055991e-06
