5.659529566764831543e-01 2.616490382933989167e-05 1.427627739758463576e-05 4.340066015720367432e-01
6.113658912454411620e-09 3.294725684099830687e-05 9.999670386314392090e-01 1.804354332612945200e-09
1.683171093463897705e-02 1.699640601873397827e-01 8.132041692733764648e-01 4.481809767753475171e-08
9.999928474426269531e-01 7.205209158200887032e-07 6.377320914907613769e-06 5.224769505929316438e-09
8.594700694084167480e-02 1.373524428345263004e-04 9.131675362586975098e-01 7.480757776647806168e-04
5.561839316214900464e-06 9.922241568565368652e-01 6.361824925988912582e-03 1.408412004821002483e-03
1.936195093144021939e-10 9.999995827674865723e-01 3.142688997925802141e-09 4.502676915763004217e-07
1.259938926523318514e-05 1.025808060717281478e-07 4.716609418392181396e-02 9.528212547302246094e-01
5.105324149545786838e-11 9.902243018150329590e-01 9.775701910257339478e-03 7.689183512127328868e-09
3.537755459547042847e-02 1.163733750581741333e-02 3.397641330957412720e-02 9.190087318420410156e-01
1.928137927098561022e-10 6.525911366850323247e-09 9.999998807907104492e-01 7.138673652207216946e-08
8.518360853195190430e-01 1.481372117996215820e-01 1.436939237464684993e-05 1.233041712112026289e-05
