3.107906727112252909e-13 1.000000000000000000e+00 4.450088030277105089e-13 2.348078398384245702e-09
3.492730669677257538e-03 4.108806699514389038e-02 4.520205038716085255e-05 9.553739428520202637e-01
1.811869765333540272e-06 9.998813867568969727e-01 7.574070332339033484e-05 4.107746644876897335e-05
1.622681878507137299e-02 5.080890332465060055e-06 9.837679862976074219e-01 6.338983382647711551e-08
2.667622720764484257e-05 1.810811396663059014e-11 9.999733567237854004e-01 1.548617067914648260e-10
9.599878787994384766e-01 4.000749811530113220e-02 4.636284302250714973e-06 3.187956010286541186e-10
2.644969390530604869e-05 8.533631563186645508e-01 8.894903585314750671e-03 1.377153992652893066e-01
9.999108910560607910e-01 8.826661360217258334e-05 4.865422909006156260e-08 7.295952286767715123e-07
2.497352324937196499e-09 9.871199727058410645e-01 1.287133432924747467e-02 8.626171620562672615e-06
1.273229736398207024e-05 1.185127256747575686e-11 9.999872446060180664e-01 1.612332667377813777e-08
6.951292297850686364e-13 1.000000000000000000e+00 5.392365698929368900e-13 3.729494740378064277e-13
1.469163521505834069e-06 9.999949932098388672e-01 3.512446028253179975e-06 2.914873620252222963e-10
