2.202489304181654006e-05 3.364881277084350586e-01 6.426634788513183594e-01 2.082643099129199982e-02
9.886796474456787109e-01 4.553050675895065069e-04 1.069957856088876724e-02 1.655485830269753933e-04
1.127475959816770512e-10 2.966961437778081745e-05 7.257938694493759613e-11 9.999703168869018555e-01
9.999955296516418457e-01 7.893108389112057921e-09 1.373331848242287379e-08 4.510024609771789983e-06
1.158532043632476416e-07 9.990436434745788574e-01 7.659924449399113655e-04 1.902801013784483075e-04
6.565978871719835297e-09 1.985991579522838890e-11 1.000000000000000000e+00 6.450021766690738900e-11
4.792766645550727844e-02 1.099381843232549727e-04 9.519324898719787598e-01 2.989127824548631907e-05
2.557572952355258167e-05 2.541633875807747245e-06 9.999718070030212402e-01 3.429328998549863172e-08
2.556614526838529855e-05 1.389118283987045288e-02 2.194919288158416748e-01 7.665913701057434082e-01
3.742561042308807373e-01 3.582921272027306259e-05 5.935485959053039551e-01 3.215956315398216248e-02
8.251700997352600098e-01 2.192404121160507202e-03 1.704764962196350098e-01 2.160929143428802490e-03
3.016417026519775391e-01 2.853193283081054688e-01 4.128569960594177246e-01 1.819946483010426164e-04
