1.231079325079917908e-01 3.647089761216193438e-04 4.091191664338111877e-02 8.356154561042785645e-01
8.020238950848579407e-03 8.518366217613220215e-01 1.399598568677902222e-01 1.833866990637034178e-04
4.298913669487092193e-09 2.541248288190356419e-11 1.318161829688691000e-10 1.000000000000000000e+00
1.647830358706414700e-04 7.560364603996276855e-01 2.377173751592636108e-01 6.081427447497844696e-03
9.369734525680541992e-01 5.955636501312255859e-02 3.467765403911471367e-03 2.416562892904039472e-06
6.626298443279665662e-08 9.999938607215881348e-01 6.082019808673067018e-06 9.069171524878072432e-10
9.427074193954467773e-01 3.675217286058796162e-08 5.706312134861946106e-02 2.294026198796927929e-04
5.482320114970207214e-02 9.139758534729480743e-03 9.335289597511291504e-01 2.508050296455621719e-03
4.807196557521820068e-02 9.511165618896484375e-01 8.043909911066293716e-04 7.025003924354678020e-06
6.062845587730407715e-01 3.034004657820332795e-05 1.310823982691999845e-08 3.936851322650909424e-01
4.110885784029960632e-04 3.951475810026749969e-05 9.995493888854980469e-01 2.913773444745970664e-09
1.605090619705151767e-05 9.998664855957031250e-01 6.194263164616131689e-07 1.169188908534124494e-04
