2.866927673039754154e-07 9.999770522117614746e-01 9.571797818352933973e-06 1.308889204665319994e-05
1.677626743912696838e-02 1.102980022551491857e-04 9.696937799453735352e-01 1.341965515166521072e-02
2.709275349843665026e-06 5.353026821808271052e-08 1.816420347466873864e-09 9.999972581863403320e-01
2.857062965631484985e-02 1.510613856225972995e-05 8.176772098522633314e-05 9.713324904441833496e-01
2.509163916110992432e-01 2.058786153793334961e-02 7.270593643188476562e-01 1.436438877135515213e-03
2.710588835179805756e-02 1.264896127395331860e-04 1.956171588972210884e-03 9.708114862442016602e-01
4.802493785973638296e-04 9.990035891532897949e-01 1.697509433142840862e-04 3.463430330157279968e-04
3.439676876659802929e-10 3.099582222831909206e-12 1.000000000000000000e+00 2.686302014165420360e-10
3.438152372837066650e-01 2.235718739029834978e-07 5.407270975410938263e-03 6.507772207260131836e-01
8.817464858293533325e-02 6.507704965770244598e-04 8.687238208949565887e-03 9.024873375892639160e-01
4.428410466061905026e-05 9.568273425102233887e-01 4.312836006283760071e-02 2.444533464540654677e-08
7.922010263428092003e-04 6.244405172765254974e-03 9.929171800613403320e-01 4.618213279172778130e-05
