4.180539399385452271e-03 9.902673363685607910e-01 1.953103492269292474e-04 5.356831010431051254e-03
9.367673993110656738e-01 5.231531709432601929e-02 1.091659162193536758e-02 6.222921342668996658e-07
6.642370919962559128e-08 9.981364011764526367e-01 5.401023628337497939e-08 1.863468671217560768e-03
1.370734680676832795e-04 9.998556971549987793e-01 1.573471242188873020e-09 7.269960406119935215e-06
1.872885319054162778e-10 1.000000000000000000e+00 6.753317904895084212e-09 2.480365468571221754e-09
1.016913359075388712e-10 6.932067719844781095e-08 9.999999403953552246e-01 5.617613646935644411e-14
6.841909606009721756e-03 4.754325747489929199e-01 1.474431008100509644e-01 3.702823519706726074e-01
3.718235441763084737e-11 1.586363622386142980e-14 8.187430768080705690e-13 1.000000000000000000e+00
9.909670352935791016e-01 1.548018917674198747e-05 8.555962267564609647e-06 9.008903987705707550e-03
9.857667684555053711e-01 1.521961166872642934e-05 1.239335862919688225e-03 1.297872047871351242e-02
5.452441698139409709e-08 5.014259815216064453e-01 8.302038622787222266e-05 4.984909296035766602e-01
7.206435799598693848e-01 7.534597069025039673e-02 2.040102928876876831e-01 1.201448327492471435e-07
