9.713762847241014242e-05 7.742972485402788152e-08 9.570690803229808807e-03 9.903321266174316406e-01
7.984594441950321198e-03 4.930360591970384121e-04 9.915222525596618652e-01 7.407253121982648736e-08
9.999936819076538086e-01 1.606548227783832772e-10 4.264078157234507671e-08 6.314333404588978738e-06
3.383665259093504574e-08 5.257706447991949972e-07 9.999994039535522461e-01 8.827428565894024359e-09
8.797538612270727754e-05 7.425802759826183319e-04 8.001806008905987255e-07 9.991686344146728516e-01
2.248676480576250469e-07 9.994892477989196777e-01 5.104973679408431053e-04 4.309058665441511948e-11
9.999377727508544922e-01 4.510402504820376635e-05 3.631423624028684571e-07 1.669537050474900752e-05
6.299004651211248529e-10 1.832652378652710468e-05 9.998701810836791992e-01 1.114717815653420985e-04
8.978142868727445602e-04 3.196633607149124146e-02 8.498905226588249207e-03 9.586369395256042480e-01
2.241287347715115175e-06 3.776757512241601944e-04 7.559165358543395996e-01 2.437035888433456421e-01
1.096876338124275208e-01 6.399998664855957031e-01 1.918318412208463997e-05 2.502933442592620850e-01
1.456165374912055110e-12 3.558390070096525623e-15 9.415034583071246743e-06 9.999905824661254883e-01
