1.047646999359130859e-01 7.439508772222325206e-05 4.412560883793048561e-06 8.951565623283386230e-01
9.987443089485168457e-01 1.255649840459227562e-03 5.548620243822632858e-11 1.449967701461218894e-08
2.384911726113249364e-14 1.000000000000000000e+00 5.599604032411123478e-14 6.830280139630230327e-15
1.195488607663719449e-06 1.320177763700485229e-01 8.333628773689270020e-01 3.461818024516105652e-02
4.502117633819580078e-02 9.436994791030883789e-01 5.269902292639017105e-03 6.009389180690050125e-03
9.730790853500366211e-01 2.430855960966482598e-09 5.769470008090138435e-04 2.634396217763423920e-02
4.491533616146625718e-07 4.972506530975806527e-07 2.879640692565743620e-10 9.999990463256835938e-01
9.973582029342651367e-01 3.129169368065731760e-09 1.260276803805027157e-06 2.640442457050085068e-03
1.141759980782808270e-06 2.747620269656181335e-02 1.838957145810127258e-02 9.541330337524414062e-01
4.228309169411659241e-02 2.024905383586883545e-01 7.522882223129272461e-01 2.938180929049849510e-03
1.346473709418205544e-06 1.469545179988429595e-10 9.999768137931823730e-01 2.186457277275621891e-05
7.889392785727977753e-03 2.548329532146453857e-01 7.358976602554321289e-01 1.379976747557520866e-03
