9.988543391227722168e-01 6.874889950267970562e-04 4.582570691127330065e-04 1.461169052419108993e-08
2.318930346518754959e-03 5.960532234894344583e-06 9.976566433906555176e-01 1.846396116889081895e-05
4.468286078918026760e-06 9.999462366104125977e-01 4.767001883010379970e-06 4.459884439711458981e-05
5.029422640800476074e-01 4.970574080944061279e-01 2.662312210965911419e-11 3.974299715991946869e-07
2.929851710796356201e-01 7.070106267929077148e-01 4.271333637007046491e-06 1.413817862783162127e-08
1.203584179165773094e-04 9.998518228530883789e-01 2.648187546583358198e-05 1.357727455797430594e-06
1.441967356186069082e-06 9.493677843863679300e-09 9.999974370002746582e-01 1.079946969184675254e-06
9.989442229270935059e-01 1.054806634783744812e-03 5.779393408289479339e-09 8.939902613747108262e-07
3.237230998820450623e-07 9.999995231628417969e-01 1.144238339634284785e-07 2.123239140061627950e-09
6.319820415228605270e-03 2.839777152985334396e-04 8.709028165299059765e-09 9.933961629867553711e-01
8.131122442023297481e-10 1.000000000000000000e+00 6.230554700642487731e-12 3.353733402100544936e-10
3.646795824170112610e-02 9.589451551437377930e-01 1.559555676067247987e-04 4.430932924151420593e-03
