3.025246053667274282e-09 1.003235764801502228e-02 1.298970746574923396e-04 9.898377060890197754e-01
4.652003943920135498e-01 1.346283825114369392e-04 9.183630347251892090e-03 5.254814028739929199e-01
1.326801907271146774e-02 9.865674972534179688e-01 2.764062578819448390e-08 1.644274307182058692e-04
1.592212917067570288e-09 2.011240459978580475e-02 8.892490528523921967e-03 9.709951281547546387e-01
7.245317101478576660e-01 2.712361514568328857e-01 4.161613062024116516e-03 7.061295036692172289e-05
1.446502506732940674e-01 2.129773201886564493e-05 3.995925944764167070e-04 8.549289107322692871e-01
6.159011721611022949e-01 4.329686782711394955e-12 8.723763045281884843e-09 3.840988576412200928e-01
5.070663094520568848e-01 4.441665112972259521e-01 3.861756250262260437e-02 1.014960370957851410e-02
1.653646186997037582e-12 1.000000000000000000e+00 1.553662119747542536e-13 7.723872930132102965e-11
2.577153334487602976e-12 1.759100677622971176e-12 1.000000000000000000e+00 2.858258334875740658e-12
5.905673373490571976e-03 4.395884212193834628e-10 9.887926578521728516e-01 5.301580298691987991e-03
1.062674073182279244e-06 1.151109245256520808e-04 7.018234133720397949e-01 2.980604171752929688e-01
