8.886165916919708252e-02 9.106859564781188965e-01 4.361094324849545956e-04 1.626377706998027861e-05
1.000000000000000000e+00 9.609189000059359387e-10 9.249439436587181262e-09 4.321199648105178426e-12
7.804967754054814577e-05 2.694094114463752021e-10 9.999219775199890137e-01 4.259725439135358949e-13
3.606252139434218407e-04 4.137549331062473357e-05 6.119843721389770508e-01 3.876136541366577148e-01
2.682299736989079975e-06 2.293787110829725862e-04 4.079640802956419066e-06 9.997639060020446777e-01
9.507382856099866331e-06 8.852466940879821777e-02 4.403125331009505317e-08 9.114658236503601074e-01
2.004790555787394624e-09 9.911547303199768066e-01 1.977714880752046156e-09 8.845289237797260284e-03
1.989439078897703439e-05 9.830700159072875977e-01 1.400983775965869427e-03 1.550906617194414139e-02
2.503113076090812683e-02 4.737470415960842729e-09 9.665914773941040039e-01 8.377382531762123108e-03
1.754493041516980156e-06 3.192390501499176025e-01 1.317005171586060897e-08 6.807591319084167480e-01
1.239197736140340567e-04 2.338533056899905205e-03 3.981803331498667831e-09 9.975375533103942871e-01
3.008966231732301821e-08 4.506437689997255802e-04 9.995485544204711914e-01 8.206154689105460420e-07
