9.999153017997741699e-01 1.983933906046786433e-09 9.820959348871838301e-06 7.488498522434383631e-05
3.500191271305084229e-01 3.663656684693705756e-07 2.036968593799315386e-09 6.499805450439453125e-01
1.526914638816379011e-05 9.999845027923583984e-01 3.614388077721741865e-08 2.224811481710275984e-07
9.398018121719360352e-01 4.869689291808754206e-05 5.990156903862953186e-02 2.479464164935052395e-04
9.948242902755737305e-01 2.403903067715873476e-07 5.175161641091108322e-03 3.085945365910447435e-07
3.513008323352551088e-06 9.948484897613525391e-01 1.783033018000423908e-03 3.364904085174202919e-03
8.979675669706921326e-09 3.435969054698944092e-01 6.557310819625854492e-01 6.719950470142066479e-04
7.487958669662475586e-02 4.892214783467352390e-04 9.246231317520141602e-01 8.106668246909976006e-06
6.866908073425292969e-02 2.963393926620483398e-02 4.051074981689453125e-01 4.965895414352416992e-01
8.949776887893676758e-01 1.219394523650407791e-02 8.900894899852573872e-04 9.193824231624603271e-02
1.085747225459954279e-08 9.997425675392150879e-01 3.209504939150065184e-05 2.252920530736446381e-04
4.584770940709859133e-04 6.830037236213684082e-01 3.164435029029846191e-01 9.433164814254269004e-05
