4.161635935306549072e-01 5.328541737981140614e-04 6.165072896635592770e-09 5.833035707473754883e-01
8.435314252652759137e-11 9.999996423721313477e-01 3.695301984407706186e-07 3.337305432005166494e-11
4.129551598452962935e-06 1.043047035409472301e-07 9.804130792617797852e-01 1.958267204463481903e-02
6.280314922332763672e-02 2.479390559528837912e-07 9.275996685028076172e-01 9.596818126738071442e-03
7.804005742073059082e-01 3.252141368648153730e-06 5.330760177457705140e-05 2.195428311824798584e-01
1.216945690885040676e-07 9.999457001686096191e-01 2.343345386179862544e-06 5.185476402402855456e-05
1.402847766876220703e-01 1.735159571580879856e-07 5.691660642623901367e-01 2.905489802360534668e-01
9.617282152175903320e-01 1.298076094826683402e-04 4.734755930257961154e-05 3.809466212987899780e-02
3.228019922971725464e-02 1.401814166456460953e-03 2.666294947266578674e-02 9.396550059318542480e-01
1.683440990746021271e-02 9.603677392005920410e-01 2.032646536827087402e-02 2.471429295837879181e-03
4.894299081570352428e-07 9.896482825279235840e-01 1.034874469041824341e-02 2.478873284417204559e-06
1.461112475453774096e-07 4.912858457828406245e-07 9.999983906745910645e-01 9.890677574730943888e-07
