4.732877714559435844e-04 2.301295660436153412e-02 3.464558720588684082e-02 9.418681859970092773e-01
6.977674085646867752e-03 3.901650197803974152e-03 1.413630321621894836e-02 9.749843478202819824e-01
3.159880340099334717e-01 3.284888521193352062e-07 6.837902069091796875e-01 2.214162668678909540e-04
9.999996423721313477e-01 2.857265712918888312e-07 2.536013354870192416e-08 6.061237911580974469e-08
1.848485693335533142e-02 9.814991950988769531e-01 2.741249360838082794e-08 1.594566492713056505e-05
6.265401374548673630e-03 9.804331064224243164e-01 1.329343672841787338e-02 8.066848749876953661e-06
5.677594803273677826e-03 5.787924164906144142e-04 8.068468559940811247e-06 9.937355518341064453e-01
9.285002100511974277e-09 1.926740151247940958e-05 9.999756813049316406e-01 5.014270300307543948e-06
1.563490778207778931e-01 6.583840104212868027e-07 6.985771656036376953e-01 1.450731605291366577e-01
9.999982714653015137e-01 1.477165856300644009e-08 1.600737846274569165e-06 1.562017928335990291e-07
1.000000000000000000e+00 1.312141062470573161e-08 3.189623218324832976e-11 1.686855238824946923e-10
9.419229030609130859e-01 4.132239610044052824e-06 5.805041640996932983e-02 2.251028490718454123e-05
