1.018273820818649256e-08 9.997566342353820801e-01 2.433693152852356434e-04 1.155496618526763442e-11
6.424443423748016357e-02 9.333056211471557617e-01 1.244391825139246066e-07 2.449814463034272194e-03
3.180541625624755397e-06 3.008925375524995616e-07 9.999964833259582520e-01 1.988914810624464735e-08
4.031219802413943398e-10 9.998309016227722168e-01 1.690957287792116404e-04 1.794512627384392545e-08
9.999995827674865723e-01 4.399923341225076001e-07 7.362254252421540635e-13 2.468612133829130306e-14
5.486771783580479678e-07 1.608516054726893962e-12 9.999992847442626953e-01 1.445955746248728246e-07
8.266216143965721130e-03 9.748649597167968750e-01 1.686387509107589722e-02 4.882886514678830281e-06
7.682429803423929116e-09 9.999275803565979004e-01 7.151388126658275723e-05 8.884721864887978882e-07
6.212097778916358948e-02 1.627236604690551758e-02 8.749133944511413574e-01 4.669327661395072937e-02
9.295399785041809082e-01 7.041230052709579468e-02 9.268112989957444370e-06 3.846684194286353886e-05
9.995983242988586426e-01 6.517844042264187010e-09 1.152574100160563830e-06 4.004902148153632879e-04
3.084250420215539634e-05 9.107944975994541892e-08 9.999689459800720215e-01 5.797929603090778983e-08
