9.499750319719169056e-09 7.118335342966020107e-04 9.992881417274475098e-01 1.469069532689104562e-09
2.148866802453994751e-01 7.850904464721679688e-01 2.213941661466378719e-05 6.950179454179306049e-07
9.716397471493110061e-05 3.542572528658638475e-07 2.557188570499420166e-01 7.441836595535278320e-01
3.145416258121258579e-06 9.985147118568420410e-01 5.597743069074567757e-08 1.482065417803823948e-03
5.918292966811122824e-09 2.203738084062933922e-03 7.698274566791951656e-05 9.977192878723144531e-01
5.306570827201539942e-08 9.998776912689208984e-01 4.183267776625143597e-08 1.222009741468355060e-04
2.959643490612506866e-03 6.669632345438003540e-02 1.717209485718740325e-08 9.303439855575561523e-01
8.086024627651511310e-10 1.073758165714977508e-10 1.000000000000000000e+00 1.480857775517342646e-16
2.138709334076338564e-07 7.532569235024766385e-09 9.999997615814208984e-01 2.816875621647341177e-08
5.340704321861267090e-01 3.223508916391781831e-12 4.659295380115509033e-01 1.118592685145358701e-08
1.000000000000000000e+00 4.161270286684448649e-11 1.452287734515778084e-10 7.714456921577642068e-14
9.614247828722000122e-03 3.964841198467183858e-06 9.710727334022521973e-01 1.930904388427734375e-02
