9.530510902404785156e-01 1.169315601146081463e-05 3.471920790616422892e-04 4.659004509449005127e-02
5.536109711101744324e-06 6.360725313425064087e-02 7.896297029219567776e-04 9.355975389480590820e-01
1.961714355275034904e-03 9.980360269546508789e-01 1.809261561902530957e-06 4.632036052498733625e-07
4.679299308918416500e-04 1.916233599185943604e-01 7.985160946846008301e-01 9.392598643898963928e-03
9.976594448089599609e-01 1.400407768414879683e-06 1.168441522167995572e-04 2.222351729869842529e-03
2.299449259474117824e-12 9.999998807907104492e-01 2.977691870853504952e-09 1.022038205178432690e-07
4.248854384059086442e-05 4.474716153168856181e-10 2.277789280924480408e-05 9.999347329139709473e-01
9.997897744178771973e-01 2.395111664554860909e-09 2.101743448292836547e-04 1.660641762990522352e-10
6.289229077083291486e-06 5.893187224864959717e-02 1.765219145454466343e-03 9.392966032028198242e-01
9.589984806268603279e-09 9.999644756317138672e-01 3.554240174707956612e-05 7.040771854427418930e-10
1.349788275547325611e-03 1.243920178239932284e-05 9.986083507537841797e-01 2.942689025076106191e-05
8.492147326469421387e-01 1.174861972685903311e-04 2.253242710139602423e-04 1.504424661397933960e-01
