1.041087955236434937e-01 1.323195248842239380e-01 7.622436881065368652e-01 1.328013255260884762e-03
2.609107809803390410e-07 9.249552590517851058e-08 4.042408363602589816e-06 9.999955892562866211e-01
1.659146100282669067e-01 4.078381243743933737e-05 8.340445756912231445e-01 7.359956200048145547e-09
3.918828952009789646e-06 4.305818292777985334e-04 8.470552592676483528e-10 9.995654821395874023e-01
5.238789599388837814e-04 9.993698596954345703e-01 2.547194708313327283e-05 8.085583976935595274e-05
1.547957317882264761e-10 9.999954104423522949e-01 1.879272779059526499e-12 4.532884759100852534e-06
2.821048497025913093e-07 9.999997615814208984e-01 5.769625228968511266e-13 5.308692721528451841e-11
3.283412661403417587e-05 9.999606609344482422e-01 8.657806915834953543e-09 6.564143404830247164e-06
3.834933204327484191e-10 9.999999403953552246e-01 4.848027312931435517e-09 6.988456391354702646e-08
8.261427524303144310e-07 9.946154356002807617e-01 5.378593225032091141e-03 5.159540251042926684e-06
2.973358592759517416e-13 9.999980926513671875e-01 1.951156491486472078e-06 5.496058252604796301e-13
2.273069536415373015e-12 2.099416462897352176e-07 9.999998211860656738e-01 2.630375917078708881e-09
