9.999900460243225098e-01 1.502158965792366185e-12 9.488222531217616051e-06 4.035376264255319256e-07
3.507266512770002009e-07 9.999996423721313477e-01 1.873599745402104721e-13 8.615001767520169551e-11
9.943738055184780933e-10 3.275032937526702881e-01 6.724893450736999512e-01 7.346331585722509772e-06
2.000790644274275110e-10 6.710166644552373327e-07 9.999993443489074707e-01 2.206202553978187098e-09
1.867273938842117786e-03 5.466927541419863701e-05 9.976081252098083496e-01 4.698980483226478100e-04
1.853619693292785087e-07 9.397785067558288574e-01 1.596797483216505498e-05 6.020538508892059326e-02
1.045493036508560181e-01 6.865470680850194185e-08 8.948809504508972168e-01 5.697722663171589375e-04
9.473222494125366211e-01 3.895862028002738953e-04 3.065156852244399488e-05 5.225752294063568115e-02
1.562414597719907761e-02 7.308570742607116699e-01 1.940388698130846024e-03 2.515783905982971191e-01
8.102399110794067383e-01 1.883862423710525036e-04 1.895274966955184937e-01 4.419115430209785700e-05
3.931970894336700439e-01 1.289070933125913143e-04 5.948226451873779297e-01 1.185130979865789413e-02
8.730634581297636032e-04 2.229383215308189392e-03 1.168401096947491169e-03 9.957291483879089355e-01
