9.000861048698425293e-01 8.954047225415706635e-03 2.802347262331750244e-05 9.093177318572998047e-02
2.351771036046557128e-05 4.483682971567759523e-07 2.077419208879049961e-10 9.999760389328002930e-01
3.343097341712564230e-04 7.337639544857665896e-07 9.970262646675109863e-01 2.638723934069275856e-03
7.626222213730216026e-05 5.977980777061020490e-07 2.474756177761605613e-09 9.999231696128845215e-01
4.698228264765624829e-11 9.999998807907104492e-01 8.876309518131286769e-13 5.915952172586003144e-08
2.018479936823471335e-15 1.003882736483258434e-16 9.999998807907104492e-01 6.817976583306517568e-08
3.322838246822357178e-02 9.645370244979858398e-01 1.575160786160267889e-05 2.218831097707152367e-03
7.400987204164266586e-03 7.578786153317196295e-06 9.925889372825622559e-01 2.538135049690026790e-06
1.636835368117317557e-04 9.359583258628845215e-01 1.705179107375442982e-03 6.217280775308609009e-02
1.715083999442867935e-05 9.700864553451538086e-01 2.918735332787036896e-02 7.090222206898033619e-04
2.072638599202036858e-03 5.006613209843635559e-03 9.929200410842895508e-01 6.801627137065224815e-07
9.755599883476406831e-09 2.291260659694671631e-01 7.683154344558715820e-01 2.558470470830798149e-03
