2.420048927888274193e-03 1.940272113643004559e-06 9.557191729545593262e-01 4.185888916254043579e-02
1.466818749904632568e-01 8.533139228820800781e-01 1.559916995574894827e-06 2.555242645030375570e-06
5.084019448986509815e-06 9.999949336051940918e-01 1.096062574035272519e-09 3.964744266227171465e-08
4.816896398551762104e-05 1.570730546518461779e-06 2.473488791565614520e-07 9.999500513076782227e-01
5.914755263347615255e-08 1.862079650163650513e-02 3.024468896910548210e-03 9.783546924591064453e-01
7.310580258490517735e-06 1.223816525453003123e-06 3.951960388803854585e-05 9.999519586563110352e-01
1.483369735069572926e-03 3.872867822647094727e-01 5.618947371840476990e-02 5.550403594970703125e-01
4.353304207324981689e-02 3.273708000779151917e-02 5.926566518610343337e-05 9.236706495285034180e-01
4.773761247633956373e-05 9.999060630798339844e-01 3.970092620875220746e-06 4.216901652398519218e-05
1.362087232337216847e-06 2.419814933091402054e-03 3.993990844719519373e-07 9.975784420967102051e-01
8.914011996239423752e-04 9.990198016166687012e-01 6.327164010144770145e-05 2.555325954745057970e-05
9.361408948898315430e-01 5.504039302468299866e-02 2.674907773325685412e-05 8.791989646852016449e-03
