5.418515950441360474e-02 6.040288209915161133e-01 8.368692942894995213e-05 3.417022526264190674e-01
1.131196186179295182e-04 3.752399086952209473e-01 6.246451735496520996e-01 1.807191097213944886e-06
1.994085498154163361e-03 9.790531396865844727e-01 1.895247399806976318e-02 3.367135548160149483e-07
3.354036808013916016e-02 2.465805970132350922e-02 8.645254274597391486e-05 9.417151212692260742e-01
2.347610443830490112e-01 4.691500365734100342e-01 2.905355691909790039e-01 5.553414113819599152e-03
1.533982274537493140e-09 1.000000000000000000e+00 2.896723416689894748e-10 1.477731687016259343e-10
2.206010651928380639e-10 3.468230216907564056e-11 3.247867524623870850e-01 6.752132177352905273e-01
9.999526739120483398e-01 1.029052100420813076e-06 4.012173303635790944e-05 6.154034053906798363e-06
4.741706760569286416e-08 6.759879767059828737e-08 1.331336108023606357e-08 9.999998807907104492e-01
1.940853107953444123e-04 9.997956156730651855e-01 1.020878153212834150e-05 6.097578619801424793e-08
1.948603689670562744e-01 8.946672460297122598e-05 1.135274693369865417e-01 6.915226578712463379e-01
9.997658729553222656e-01 6.494514703803133671e-09 1.631503437238279730e-05 2.178314025513827801e-04
