5.684009465767303482e-06 1.005839500578531442e-08 9.993008375167846680e-01 6.934679113328456879e-04
9.999997019767761230e-01 2.778242276235687314e-07 4.605912179433957476e-11 2.777154062272302326e-10
1.577930743223987520e-05 2.591913640499114990e-01 1.634426212149264757e-06 7.407913208007812500e-01
3.511488785079563968e-06 9.953059554100036621e-01 4.664644133299589157e-03 2.584472895250655711e-05
4.024308919906616211e-01 1.085696112568257377e-05 5.975537300109863281e-01 4.512081432039849460e-06
5.182612221688032150e-04 2.527143806219100952e-05 1.696881302137853709e-09 9.994564652442932129e-01
4.208736494183540344e-02 8.198240399360656738e-02 8.759302496910095215e-01 2.530062914729569457e-08
3.424650058150291443e-04 9.322186112403869629e-01 3.466263660811819136e-05 6.740430742502212524e-02
2.684376086108386517e-04 5.234747746385437495e-08 1.818489836296066642e-04 9.995496273040771484e-01
2.833027159795165062e-03 6.891222597005253192e-07 9.934313297271728516e-01 3.734992817044258118e-03
4.745952608686820895e-08 9.999185204505920410e-01 8.061844710027799010e-05 9.031268746184650809e-07
1.258905231952667236e-01 3.036420792341232300e-03 8.710730671882629395e-01 3.716942753584362436e-09
