9.848960638046264648e-01 3.203439064236590639e-06 1.509650517255067825e-02 4.158500814810395241e-06
4.036379674943191276e-09 7.436779583258612547e-07 9.999992847442626953e-01 4.914147666568169370e-08
9.997280836105346680e-01 1.915086322696879506e-04 7.729737990302965045e-05 3.056012474189628847e-06
2.835180377587676048e-03 9.971438050270080566e-01 2.086531821987591684e-05 1.457843552543636179e-07
3.182107582688331604e-02 9.545899629592895508e-01 1.349148806184530258e-02 9.746593423187732697e-05
1.910100108943879604e-04 1.006884531307150610e-06 9.987089037895202637e-01 1.099128392525017262e-03
3.698164131492376328e-03 1.362502217716610176e-07 8.799508213996887207e-01 1.163509041070938110e-01
8.851353783256854513e-08 2.126011866554478047e-11 9.998131394386291504e-01 1.868229010142385960e-04
1.125962114656431368e-07 1.119761228185467417e-10 9.998745322227478027e-01 1.253708906006067991e-04
5.671859160065650940e-02 9.432116746902465820e-01 2.078786920378661307e-08 6.969064270379021764e-05
2.547445327599762166e-12 2.489694214680149287e-12 9.999995231628417969e-01 4.322871802742156433e-07
1.954160870809573680e-05 1.199373667049030701e-08 9.999797940254211426e-01 6.253399646993784700e-07
