2.565406858921051025e-01 7.423573732376098633e-01 7.787992362864315510e-04 3.232425951864570379e-04
9.748192387633025646e-04 2.979439523187465966e-05 9.989948868751525879e-01 4.900651902062236331e-07
9.993564486503601074e-01 6.435706745833158493e-04 1.000197494271937160e-11 5.580633524737699247e-11
3.023767785634845495e-04 9.623431833460927010e-04 8.649837970733642578e-02 9.122368693351745605e-01
1.832993002608418465e-03 9.946904182434082031e-01 3.414473496377468109e-03 6.208657578099519014e-05
2.905648350715637207e-01 2.061972736555617303e-05 7.089879512786865234e-01 4.266081959940493107e-04
4.961639933753758669e-05 1.624765246788228978e-07 9.999179840087890625e-01 3.218523488612845540e-05
2.044928289202108118e-11 1.000000000000000000e+00 1.073308195792543884e-11 6.108451960397387470e-13
4.898683680920612460e-09 1.787162223765292879e-10 2.066730964145335747e-08 1.000000000000000000e+00
1.521686044725356624e-06 1.686114914356551253e-09 9.983916878700256348e-01 1.606881152838468552e-03
1.798064346303362981e-07 9.731599688529968262e-01 2.146722748875617981e-03 2.469311282038688660e-02
5.236488505033776164e-07 6.668038258794695139e-05 3.013895184267312288e-05 9.999026060104370117e-01
