1.253686150448629633e-05 9.976737499237060547e-01 5.374895044951699674e-05 2.259942004457116127e-03
3.108388336841017008e-04 1.613260619342327118e-02 9.835565090179443359e-01 2.936428211697261759e-09
6.342256092466413975e-04 9.628461003303527832e-01 3.596286848187446594e-02 5.567992920987308025e-04
9.995205402374267578e-01 3.343801381561206654e-06 1.087024359414101582e-09 4.761190793942660093e-04
9.357246011495590210e-02 2.073795621981844306e-05 8.816432952880859375e-01 2.476353384554386139e-02
5.455385689856484532e-05 4.157477915287017822e-01 1.700179874897003174e-01 4.141796529293060303e-01
1.000000000000000000e+00 2.029415080428975671e-09 2.181832137182482256e-08 5.887795584413879624e-09
1.843424541903004865e-07 4.300195872783660889e-01 8.317564788740128279e-05 5.698969960212707520e-01
5.376791373246092576e-11 1.000000000000000000e+00 1.382513659109463333e-09 1.419908357558341550e-10
3.853063657879829407e-02 4.312361852498725057e-05 8.319594264030456543e-01 1.294668018817901611e-01
2.626571804285049438e-03 9.042380497703561559e-07 1.482016432419186458e-05 9.973577260971069336e-01
1.341321133077144623e-02 2.608490649436134845e-05 3.939789533615112305e-01 5.925816893577575684e-01
