1.019594222307205200e-01 6.028681993484497070e-01 2.318057417869567871e-01 6.336663663387298584e-02
1.345212338492274284e-03 1.013642613543197513e-04 1.613492628393942141e-08 9.985534548759460449e-01
2.403825968503952026e-01 7.592864632606506348e-01 1.327305071754381061e-04 1.982146495720371604e-04
8.717759628780186176e-04 9.986432790756225586e-01 4.697821568697690964e-04 1.519317538622999564e-05
2.912141994215744489e-08 1.044914057501955540e-07 6.944214692339301109e-04 9.993054270744323730e-01
1.157336271262465743e-08 9.984446167945861816e-01 2.656527385624940507e-06 1.552806468680500984e-03
8.171413210220634937e-04 9.991826415061950684e-01 2.228158280104253208e-07 1.867694088275584363e-08
3.832221295851923060e-08 1.000000000000000000e+00 6.224987886271904358e-11 9.179577237228286890e-11
7.173415739089250565e-03 5.249817149888258427e-07 3.278119722381234169e-03 9.895479679107666016e-01
2.027646114584058523e-04 8.177197538316249847e-03 9.914591908454895020e-01 1.608438906259834766e-04
4.806790500879287720e-02 9.511063098907470703e-01 7.257140823639929295e-04 1.000545162241905928e-04
9.820420145988464355e-01 4.959501326084136963e-03 1.175363361835479736e-02 1.244848011992871761e-03
