7.385313510894775391e-04 1.697275479883852967e-11 1.067112052055563254e-07 9.992613196372985840e-01
9.998059868812561035e-01 1.389785779792873655e-06 7.456452294718474150e-05 1.180308536277152598e-04
4.362919980849255808e-08 5.605593696236610413e-02 2.941899083452881314e-06 9.439411163330078125e-01
3.670082390308380127e-01 6.191178840708744247e-07 6.329898238182067871e-01 1.266503204533364624e-06
9.074583098844790641e-12 1.000000000000000000e+00 3.100924672594373988e-08 3.036166873471302097e-09
1.200215815622129867e-09 1.321758900303393602e-04 9.998677968978881836e-01 2.807747589983478065e-09
8.859517574310302734e-01 1.095913052558898926e-01 4.456958267837762833e-03 3.083601285425174865e-08
6.203796342015266418e-02 2.382662387390155345e-05 9.377296566963195801e-01 2.085247106151655316e-04
1.456432619306724519e-05 2.774328459054231644e-03 4.564611017704010010e-01 5.407500267028808594e-01
4.273920506238937378e-02 6.153597310185432434e-02 2.728389517869800329e-06 8.957220911979675293e-01
1.109409204218536615e-04 3.789829497691243887e-04 9.994892477989196777e-01 2.087445318466052413e-05
2.868511974811553955e-01 4.160036146640777588e-02 5.713329883292317390e-04 6.709771156311035156e-01
