9.976025223731994629e-01 2.999114201429620152e-08 2.397435251623392105e-03 1.292063700475409860e-08
9.900996088981628418e-01 1.430084466846892610e-06 9.898961521685123444e-03 1.991703468817718203e-10
9.999968409538269043e-01 1.260757585441751871e-06 2.782654995314715052e-08 1.912545485538430512e-06
9.289475144669268047e-08 9.999924302101135254e-01 5.264442279440118000e-06 2.211427272413857281e-06
9.943326115608215332e-01 2.947052598756272346e-05 7.810664828866720200e-05 5.559773184359073639e-03
8.974546790122985840e-01 3.943436313420534134e-04 1.021503210067749023e-01 6.930528684279124718e-07
9.992770552635192871e-01 7.162404363043606281e-04 1.409260107720911037e-06 5.281166068016318604e-06
9.999952912330627441e-01 4.648994490707991645e-06 2.875308845184942896e-11 2.565284207278750728e-09
9.999993443489074707e-01 1.461894498788751662e-07 2.360345696672538907e-09 5.197802011025487445e-07
8.838481903076171875e-01 2.348206192255020142e-02 9.222690016031265259e-02 4.429470282047986984e-04
1.322963386774063110e-01 1.367769300486543216e-06 1.590779987736823387e-07 8.677021265029907227e-01
3.170203490299172699e-05 4.890638887882232666e-01 6.039730738848447800e-03 5.048646926879882812e-01
