3.675828391669355710e-11 1.000000000000000000e+00 6.684081829417664461e-15 9.965384976094206204e-16
4.817708731952308199e-13 1.329156020801747218e-07 9.999994039535522461e-01 4.316720492170134094e-07
8.689904808998107910e-01 2.493711917850305326e-06 1.304467320442199707e-01 5.602856399491429329e-04
9.007154703140258789e-01 4.497250542044639587e-03 2.881865075323730707e-04 9.449902921915054321e-02
1.738782344773426303e-07 9.997079372406005859e-01 2.848761505447328091e-04 6.999685410846723244e-06
8.864788413047790527e-01 1.059454828500747681e-01 7.430808153003454208e-03 1.447984541300684214e-04
4.012935096397995949e-04 9.905469417572021484e-01 7.780890911817550659e-03 1.270917826332151890e-03
9.073666296899318695e-05 7.949673533439636230e-01 1.171067051473073661e-04 2.048247903585433960e-01
6.809802499674333376e-08 5.233804113231599331e-04 2.220598673829954350e-07 9.994763135910034180e-01
1.674982428312432603e-07 9.999976158142089844e-01 6.667862334323870765e-13 2.221140448455116712e-06
1.818883585413821891e-13 1.260999256750056281e-16 1.000000000000000000e+00 1.126122375146206001e-13
4.790301900357007980e-04 1.703056157566606998e-03 2.052910167549271137e-05 9.977974295616149902e-01
