7.588492035865783691e-01 8.614508435130119324e-03 2.249176651239395142e-01 7.618568371981382370e-03
9.972071051597595215e-01 7.508062408305704594e-04 2.042028587311506271e-03 4.976336853701468499e-08
3.014778826582187321e-08 9.988527297973632812e-01 2.145707167500177093e-09 1.147247618064284325e-03
1.124412985518574715e-03 9.877772331237792969e-01 1.109525188803672791e-02 2.958717232104390860e-06
2.517044544219970703e-03 7.913086414337158203e-01 1.997767537832260132e-01 6.397559307515621185e-03
4.693106189370155334e-02 1.846646219491958618e-01 8.171495795249938965e-02 6.866893768310546875e-01
1.278066188097000122e-01 4.459263800526969135e-05 1.816327683627605438e-02 8.539855480194091797e-01
3.940992057323455811e-01 8.179891892723389901e-07 3.985163569450378418e-01 2.073836326599121094e-01
3.241666406393051147e-02 4.217156046593117935e-08 1.051828007803123910e-06 9.675822854042053223e-01
1.676006813259960093e-14 1.000000000000000000e+00 1.157075709116629853e-17 3.822242950748608314e-15
5.201957554355719424e-16 1.022631707373155803e-18 1.000000000000000000e+00 2.600451763865989927e-16
9.159271717071533203e-01 1.412510802767386053e-10 8.407282829284667969e-02 1.014823425293798209e-08
