2.418538770143641159e-06 9.473977088928222656e-01 3.032638691365718842e-02 2.227346412837505341e-02
2.979232194277869894e-09 1.000000000000000000e+00 1.017780586372307727e-12 3.095783449470063120e-13
3.179990450651037914e-13 1.321219116334759747e-07 5.261633850750513375e-05 9.999472498893737793e-01
2.235921341196649148e-14 2.449359328693390125e-07 9.999997019767761230e-01 1.081079314957378301e-08
1.185873017561789311e-07 4.540300369262695312e-02 9.543387293815612793e-01 2.581088920123875141e-04
2.290180709678679705e-04 9.577252768622201984e-09 9.997709393501281738e-01 2.312891744793432736e-08
7.584487207168422174e-07 9.999992251396179199e-01 1.209182667188946070e-11 7.844116467481399013e-10
7.661952986381947994e-05 3.247116410420858301e-06 9.939001202583312988e-01 6.020019762217998505e-03
2.086632377995556453e-08 1.392247554576897528e-06 9.999979734420776367e-01 6.454516210396832321e-07
9.886262416839599609e-01 1.131694950163364410e-02 1.293921769729422522e-07 5.665446224156767130e-05
7.759933359920978546e-03 1.193793991660641041e-06 9.910389780998229980e-01 1.199897262267768383e-03
6.402408558869865374e-08 9.725649952888488770e-01 2.726326510310173035e-02 1.716550759738311172e-04
