7.847520966386412056e-10 9.999952912330627441e-01 4.717004685517167673e-06 1.628901354078227115e-11
6.779697287129238248e-06 4.512400764156154764e-08 9.730632305145263672e-01 2.692991867661476135e-02
1.000000000000000000e+00 1.623193801592037744e-10 3.364045695654349633e-13 2.694688561177827069e-08
4.648486524820327759e-02 6.179053783416748047e-01 5.857900760020129383e-07 3.356091678142547607e-01
9.025880899571347982e-06 9.999905824661254883e-01 1.348592206795728998e-07 2.767313276308414061e-07
3.211634975741617382e-07 3.734648590381084432e-09 9.999989271163940430e-01 7.422250973831978627e-07
1.878431439399719238e-01 6.286303699016571045e-02 5.325602293014526367e-01 2.167335599660873413e-01
4.050725605338811874e-03 9.948827028274536133e-01 1.040351577103137970e-03 2.605546251288615167e-05
8.929526209831237793e-01 2.552024275064468384e-02 5.049728602170944214e-02 3.102984279394149780e-02
5.108850891701877117e-04 1.501062215538695455e-04 7.148538861656561494e-05 9.992675185203552246e-01
5.915634706616401672e-02 5.782847106456756592e-02 6.690440177917480469e-01 2.139711678028106689e-01
9.999576807022094727e-01 4.196150621282868087e-05 2.053673426871682750e-07 2.568019965565326856e-07
