9.919812083244323730e-01 6.733246613293886185e-03 1.285492442548274994e-03 2.364138884658473216e-10
1.741651259362697601e-02 3.044288791716098785e-02 9.481764435768127441e-01 3.964126110076904297e-03
5.547925320570357144e-05 2.519795671105384827e-03 9.043836593627929688e-01 9.304105490446090698e-02
2.027994021773338318e-02 2.126931957900524139e-02 9.584155678749084473e-01 3.510128590278327465e-05
1.739895765240362380e-07 8.797106602287385613e-06 5.919290515521424823e-07 9.999904632568359375e-01
3.237792756408452988e-03 1.906617740132787731e-06 1.090509087475766137e-07 9.967601895332336426e-01
7.736949555692262948e-06 9.999917745590209961e-01 7.210235519750085587e-09 5.018591764383018017e-07
8.732459377824852709e-07 4.681331988720671688e-10 9.999991655349731445e-01 9.179997040309473277e-11
1.692095247562974691e-04 6.817515532020479441e-05 2.985466153404559009e-06 9.997596144676208496e-01
2.059953659772872925e-02 8.949550390243530273e-01 8.443887531757354736e-02 6.538645266118692234e-06
6.927114697824476863e-12 5.528186935999102047e-11 9.999970793724060059e-01 2.955792297143489122e-06
3.462211461737751961e-03 9.970234486900153570e-07 9.590513706207275391e-01 3.748536482453346252e-02
