7.187458104453980923e-04 9.117181889450876042e-07 1.755954326654318720e-05 9.992628097534179688e-01
3.548967564270810726e-09 3.210266413589124568e-06 9.999967813491821289e-01 9.589087746064706153e-09
7.405832036511128535e-08 9.999797344207763672e-01 2.013885386986657977e-05 6.296199184848555452e-14
6.227458104746119716e-09 1.347201876342296600e-02 1.795189973563537933e-06 9.865261912345886230e-01
3.001890291898234864e-08 2.465833404130535200e-07 9.999997019767761230e-01 2.154746242544192114e-10
1.216622367501258850e-01 4.342423379421234131e-01 3.791553974151611328e-01 6.493998318910598755e-02
4.408182501792907715e-01 5.565497507298289293e-10 5.591735839843750000e-01 8.193604116968344897e-06
1.380065083503723145e-01 8.619828224182128906e-01 3.681581706160841350e-10 1.067260564013849944e-05
2.938578518296708353e-07 1.134722253937070491e-07 5.819770265702572942e-08 9.999995827674865723e-01
1.270349048176910856e-09 9.045922756195068359e-01 5.598901964276592480e-08 9.540764242410659790e-02
9.543101725517644240e-11 2.474048415024299175e-06 1.174254748548264615e-06 9.999963641166687012e-01
8.693031304574105889e-06 1.803713844950038947e-09 9.999912977218627930e-01 3.025318051630421223e-10
