9.999986290931701660e-01 1.037575270146362527e-08 6.945179507056309376e-07 6.415062898668111302e-07
1.115794666111469269e-02 1.606211648322641850e-03 7.037049726932309568e-06 9.872288107872009277e-01
3.031137166544795036e-03 8.526632785797119141e-01 1.441103518009185791e-01 1.952012971742078662e-04
1.111711282283067703e-02 5.073527693748474121e-01 4.815301001071929932e-01 2.966692225214728751e-09
2.533571397123068891e-08 2.856877472368068993e-06 9.999970793724060059e-01 8.954724184384588170e-10
7.303889095783233643e-02 1.587224716104174149e-07 9.269532561302185059e-01 7.601089691888773814e-06
8.317908861688039224e-11 3.857434194287634455e-07 2.074205641500268676e-14 9.999995827674865723e-01
1.869104206562042236e-01 8.130890130996704102e-01 1.105132696466171183e-07 5.413039616541936994e-07
1.582301756286597083e-08 7.471211552619934082e-01 2.528785169124603271e-01 3.418500114094058517e-07
2.978805696329800412e-06 1.695486949756741524e-03 2.313787341117858887e-01 7.669228315353393555e-01
3.149918047711253166e-04 8.812685608863830566e-01 1.004878282546997070e-01 1.792864128947257996e-02
1.820532530546188354e-01 1.238411366939544678e-01 2.622001469135284424e-01 4.319054484367370605e-01
