4.056104924529790878e-03 1.885425113141536713e-02 7.766204476356506348e-01 2.004691362380981445e-01
4.964486807756962605e-11 3.873782407026737928e-04 9.258882723017780592e-12 9.996125698089599609e-01
9.993899464607238770e-01 8.785794314292161289e-09 1.227103921946914866e-11 6.100362516008317471e-04
3.117577917873859406e-02 3.109229207038879395e-01 1.205056605613208376e-07 6.579011678695678711e-01
2.015624778195501676e-09 9.691717650639475323e-09 9.999697804450988770e-01 3.026135527761653066e-05
2.599559179028432254e-10 1.000000000000000000e+00 6.615554215549934725e-10 5.256943144682502123e-11
4.413588852031358201e-12 2.033253113040700555e-04 9.919289141180342995e-07 9.997956752777099609e-01
9.878839254379272461e-01 8.511214133477551513e-08 1.477163750678300858e-04 1.196816377341747284e-02
2.487892471253871918e-02 2.186658978462219238e-01 7.556036114692687988e-01 8.516075904481112957e-04
1.326618725983053082e-08 9.731294512748718262e-01 1.330708153545856476e-02 1.356343366205692291e-02
6.459000110626220703e-01 9.555301629006862640e-03 1.651799380779266357e-01 1.793647408485412598e-01
2.007665316341444850e-04 2.693193964660167694e-04 6.959270834922790527e-01 3.036028146743774414e-01
