1.000741822743123066e-09 9.950867891311645508e-01 2.734981485730259010e-08 4.913175944238901138e-03
3.296576614957302809e-04 8.018630524020409212e-07 5.508877220563590527e-04 9.991186857223510742e-01
2.076360732316970825e-01 1.537755224853754044e-02 6.367787718772888184e-01 1.402076333761215210e-01
1.002994807208779093e-07 9.995278716087341309e-01 2.163988881420664256e-07 4.718462296295911074e-04
9.973331689834594727e-01 8.753325346333440393e-06 8.552341569156851619e-06 2.649494912475347519e-03
2.148737432435154915e-03 1.141402083959519587e-08 9.976979494094848633e-01 1.533325994387269020e-04
5.884882411919534206e-04 2.531321719288825989e-03 9.621979594230651855e-01 3.468227013945579529e-02
1.068837351958507043e-09 3.402590431633711887e-09 8.123844374985367267e-10 1.000000000000000000e+00
2.360432781279087067e-02 9.763956069946289062e-01 6.459170531769586887e-09 6.762171267382655060e-08
3.577039819901983719e-08 1.000000000000000000e+00 1.288252230585706926e-11 1.079276321092059732e-10
5.849760957062244415e-03 9.680159091949462891e-01 8.005044946912676096e-05 2.605434507131576538e-02
1.716789044439792633e-02 5.136001277605828363e-07 7.566777467727661133e-01 2.261538952589035034e-01
