3.827375985565595329e-05 1.501425052992999554e-03 9.984596371650695801e-01 6.943258199498814065e-07
9.999964237213134766e-01 1.048617377819027752e-06 2.661085241051353023e-10 2.537573891459032893e-06
4.630458150245431170e-08 6.712658432661555707e-06 9.999932646751403809e-01 1.080456946134233931e-09
4.482952654361724854e-01 6.195998139446601272e-06 5.191434025764465332e-01 3.255511447787284851e-02
3.558440366759896278e-04 9.978868365287780762e-01 1.277646981179714203e-03 4.796319117303937674e-04
3.496534918667748570e-05 2.096792741212993860e-06 9.449365315958857536e-04 9.990180134773254395e-01
1.287175564357312396e-05 9.362934827804565430e-01 6.369227170944213867e-02 1.378759861836442724e-06
6.393706541985011427e-08 1.837933086790144444e-05 4.818218712898669764e-06 9.999766945838928223e-01
5.479449406266212463e-03 4.028660782751103397e-07 9.945135116577148438e-01 6.674033102171961218e-06
5.226133856922388077e-03 4.989673197269439697e-01 4.958064854145050049e-01 3.856572661220525333e-08
9.999998211860656738e-01 1.651516896572502446e-07 1.079347462101809541e-11 2.161853807081115519e-08
7.084545623758931043e-12 3.798463551075298428e-13 9.999999403953552246e-01 4.136118647579678509e-08
