7.861639559268951416e-02 6.946394685655832291e-03 8.126794546842575073e-02 8.331692218780517578e-01
8.147664666175842285e-01 7.342349272221326828e-05 1.621412336826324463e-01 2.301883883774280548e-02
3.773276694118976593e-05 1.263969242572784424e-01 1.141862526310433168e-06 8.735642433166503906e-01
2.653357569215586409e-06 2.006607055664062500e-01 3.627475500106811523e-01 4.365891218185424805e-01
4.857026040554046631e-02 9.393986463546752930e-01 7.794599632404697331e-09 1.203111745417118073e-02
1.646152192336103326e-08 9.999848604202270508e-01 4.002602138619693051e-10 1.519046236353460699e-05
9.959171414375305176e-01 3.625947875285362443e-10 4.024968016892671585e-03 5.791546209366060793e-05
9.200417844112962484e-05 9.729265570640563965e-01 2.619552053511142731e-02 7.859503384679555893e-04
1.075823365681571886e-05 2.890067547559738159e-02 2.987761516124010086e-03 9.681008458137512207e-01
2.731577852799205175e-09 6.541293373629741836e-07 4.069716438848125506e-11 9.999992847442626953e-01
1.746127381920814514e-02 9.825372695922851562e-01 1.392952526657609269e-06 7.661601131303541479e-08
1.242557686964573804e-06 9.328574538230895996e-01 4.014921173300933788e-10 6.714133173227310181e-02
