4.582143731113319518e-07 8.723580837249755859e-01 2.871914021670818329e-02 9.892226755619049072e-02
2.753497392404824495e-05 2.032880047408980317e-06 5.335890840285628656e-09 9.999704360961914062e-01
7.941165449665277265e-07 9.864821848282190331e-09 1.973614644157350995e-06 9.999972581863403320e-01
5.366722487958920651e-14 9.999971985816955566e-01 1.658557513550817930e-09 2.841049536073114723e-06
2.288664119332040059e-10 9.999973177909851074e-01 2.668360593816032633e-06 1.453248099636539337e-08
4.609219950157950052e-10 3.054460862017549516e-08 2.329597847960940271e-08 9.999998807907104492e-01
5.500621162354946136e-03 2.891681288019753993e-05 9.944701790809631348e-01 2.544107360336056445e-07
9.878854155540466309e-01 4.939421080052852631e-03 7.131002377718687057e-03 4.421819903654977679e-05
8.398277685046195984e-03 5.247814682807216968e-11 9.916011691093444824e-01 5.451233846542891115e-07
9.963487386703491211e-01 2.736936556175351143e-03 3.676631240523420274e-05 8.775112219154834747e-04
9.999998807907104492e-01 7.601672535884063109e-08 2.006403793108901823e-10 3.189440533901688468e-08
4.567558467388153076e-01 6.487853625003481284e-06 5.432361364364624023e-01 1.591119712429645006e-06
