1.339235950581496581e-05 3.203208223112596897e-07 3.404811918735504150e-01 6.595051288604736328e-01
1.090613750420743600e-07 9.797229170799255371e-01 4.382611223263666034e-05 2.023315057158470154e-02
9.066941565833985806e-04 9.657248854637145996e-01 3.336725383996963501e-02 1.189324507322453428e-06
1.500218421712773420e-10 1.571865526628357657e-09 7.600297886704854289e-14 1.000000000000000000e+00
1.113898084881270734e-09 1.713777386669335101e-08 9.999934434890747070e-01 6.616597602260299027e-06
5.836351774632930756e-04 9.992879033088684082e-01 1.284602330997586250e-04 3.884876420556793164e-09
4.815829584003950004e-07 5.171474413145915605e-07 9.999409317970275879e-01 5.810665970784612000e-05
7.856976985931396484e-02 9.214220643043518066e-01 1.544845673606687342e-08 8.138362318277359009e-06
9.997843503952026367e-01 2.866076158625219250e-07 2.153364039259031415e-04 8.537854451207138595e-12
9.187428355216979980e-01 6.049374490976333618e-02 1.729088835418224335e-02 3.472572891041636467e-03
9.708365201950073242e-01 3.732510595000348985e-05 7.737776613794267178e-04 2.835247479379177094e-02
3.867852985858917236e-01 9.656318463385105133e-03 6.014699935913085938e-01 2.088352572172880173e-03
