7.540969252586364746e-01 2.459029406309127808e-01 1.089085301941850048e-07 1.624025891544533806e-08
1.305758632952347398e-04 1.712120584196341611e-10 9.998694062232971191e-01 6.086657566850561807e-11
2.824292550940299407e-07 9.999576807022094727e-01 1.217302633449435234e-05 2.986991421494167298e-05
1.000000000000000000e+00 3.567212969457500549e-09 5.977769390597131860e-09 4.365815868545563916e-12
2.792334498735726811e-06 1.410438107996014878e-05 6.300929188728332520e-01 3.698902428150177002e-01
1.438816513849028311e-11 5.085232260171324015e-06 9.999949336051940918e-01 3.919618407621783263e-08
3.055783404093403988e-11 1.000000000000000000e+00 2.176661108299615677e-11 3.532232284442216041e-09
1.731501834001392126e-04 3.758236198336817324e-05 7.649015784263610840e-01 2.348876893520355225e-01
9.513647825087900856e-08 9.999990463256835938e-01 8.664410415804013610e-07 1.927348725061506229e-09
9.958703517913818359e-01 2.562405825301539153e-07 4.126594867557287216e-03 2.857625986507628113e-06
9.521297812461853027e-01 7.154765313543975935e-08 4.770485311746597290e-02 1.652257924433797598e-04
9.593802094459533691e-01 3.901743516325950623e-02 6.095881985856976826e-07 1.601672032848000526e-03
