3.028912469744682312e-03 9.969539642333984375e-01 1.348261139355599880e-05 3.581368446248234250e-06
8.063074350357055664e-01 1.453869193792343140e-01 5.994038656353950500e-04 4.770617187023162842e-02
4.674936462834011763e-06 1.500288726674625650e-05 3.127851486206054688e-01 6.871951818466186523e-01
3.133753314614295959e-03 9.850384667515754700e-04 9.955688118934631348e-01 3.124476352240890265e-04
9.999954700469970703e-01 3.159903894101034894e-09 3.052629793387495738e-08 4.571382760332198814e-06
9.980326890945434570e-01 1.885682722786441445e-04 4.567493760987417772e-06 1.774192322045564651e-03
4.709345698356628418e-01 1.877390168374404311e-04 5.271239876747131348e-01 1.753719756379723549e-03
1.210838490806054324e-05 6.017848996897612324e-10 2.585416609690582845e-07 9.999876022338867188e-01
9.999573230743408203e-01 3.882743726535409223e-07 4.215510125504806638e-05 9.495954600424738601e-08
9.999946951866149902e-01 5.357892405299935490e-06 2.548504873800538917e-08 1.894652257306006504e-08
9.993854761123657227e-01 2.912700874730944633e-04 3.473931897701731941e-08 3.233024035580456257e-04
9.982007145881652832e-01 4.999659140594303608e-04 1.033028238452970982e-03 2.663346531335264444e-04
