1.779837248250260018e-06 9.945273399353027344e-01 5.470875184983015060e-03 3.253500935329611821e-08
1.380511776005732827e-07 9.818199872970581055e-01 1.773911714553833008e-02 4.407452070154249668e-04
5.112808025842241477e-07 9.993600845336914062e-01 6.393569638021290302e-04 4.877614312448486089e-09
1.525541767477989197e-03 1.423065114067867398e-04 8.614945727458689362e-06 9.983235597610473633e-01
2.558187361501040868e-06 9.324639290571212769e-02 9.821509650009829784e-08 9.067509174346923828e-01
8.646975970805215184e-07 4.491251893341541290e-03 2.753898264984400157e-08 9.955078959465026855e-01
1.023595004312483070e-07 1.741701562423259020e-04 2.533550374209880829e-02 9.744902849197387695e-01
9.021763689815998077e-04 5.128291249275207520e-01 2.642488107085227966e-03 4.836262166500091553e-01
5.508421274669217382e-09 1.000000000000000000e+00 2.203343951734382244e-09 2.958367950611773267e-08
5.240557356955832802e-07 6.831410814811533783e-07 4.547832941170781851e-04 9.995440244674682617e-01
2.885191738299930364e-11 1.000000000000000000e+00 2.423911027449321409e-08 3.122820046996821475e-08
1.553139882162213326e-04 9.998444318771362305e-01 2.682135624709758304e-09 1.675574310411320766e-07
