4.082890470158417884e-09 5.461683962494134903e-03 9.295727977587375790e-06 9.945290088653564453e-01
4.653103649616241455e-02 2.247894735774025321e-05 9.534353017807006836e-01 1.121869172493461519e-05
1.330306076852139086e-06 1.292519414164416958e-06 8.579252863682995667e-09 9.999973773956298828e-01
9.997326731681823730e-01 8.124360628691817965e-10 2.600039297249168158e-04 7.265378371812403202e-06
7.438963651657104492e-02 9.202994108200073242e-01 4.758887458592653275e-03 5.521673010662198067e-04
1.391545993101317436e-05 3.160338615998625755e-03 1.277638319879770279e-02 9.840493798255920410e-01
3.024836182594299316e-01 3.029737854376435280e-04 6.884514689445495605e-01 8.761945180594921112e-03
8.415169577347114682e-05 4.054140489984092710e-08 9.999138116836547852e-01 1.981729383260244504e-06
5.988118704408407211e-03 2.252664649859070778e-03 1.911134123802185059e-01 8.006458282470703125e-01
2.033652961254119873e-01 7.965139746665954590e-01 7.861219637561589479e-05 4.204430661047808826e-05
2.040708851902550691e-10 9.999606013298034668e-01 4.779900433793393688e-11 3.935716085834428668e-05
1.454836945358195521e-10 2.998922443708806895e-09 1.000000000000000000e+00 5.826734650327125564e-09
