6.271371239563450217e-05 9.027417749166488647e-02 4.212881028652191162e-01 4.883750081062316895e-01
7.219897568688793399e-09 9.998736977577209473e-01 5.076159936834301334e-07 1.257406402146443725e-04
5.159030202776193619e-03 2.405149303376674652e-02 7.136565982364118099e-04 9.700757861137390137e-01
2.783561114938493120e-07 2.511096536181867123e-04 9.995102882385253906e-01 2.383599494351074100e-04
4.194368557364214212e-06 1.462823746578578721e-07 9.997084736824035645e-01 2.872006734833121300e-04
2.404283623036462814e-05 1.655053496360778809e-01 8.344706296920776367e-01 2.395584886016877135e-08
3.884308781738898819e-13 1.000000000000000000e+00 5.702538779589960347e-15 1.899451949893826708e-11
6.200821189850103110e-09 3.440233911078394158e-07 3.865323378704488277e-04 9.996131062507629395e-01
6.646707333857193589e-05 9.744933777255937457e-06 9.979553818702697754e-01 1.968387514352798462e-03
1.945935253211406035e-11 2.053706339211203158e-06 9.780696034431457520e-01 2.192834205925464630e-02
1.207246542317408355e-11 2.302502155951402507e-12 1.000000000000000000e+00 1.952455003229047747e-10
9.940060973167419434e-01 7.033611473161727190e-05 3.858018970959165017e-08 5.923505872488021851e-03
