6.902816891670227051e-01 5.854124083271017298e-07 1.404129550792276859e-03 3.083135485649108887e-01
1.398073254677001387e-05 3.186277449131011963e-01 6.064147455617785454e-04 6.807518601417541504e-01
8.756677508354187012e-01 2.445480706825264861e-09 3.436606843024492264e-03 1.208956390619277954e-01
3.909371327608823776e-03 6.611253411392681301e-08 3.122977018356323242e-01 6.837928295135498047e-01
3.107247532191381723e-12 5.133529193699359894e-04 4.921294589621538762e-07 9.994861483573913574e-01
9.999814629554748535e-01 2.794252676463493401e-11 4.827904742654709480e-09 1.856628296081908047e-05
1.035816232786146429e-08 2.112608850002288818e-01 2.209805417805910110e-03 7.865293025970458984e-01
3.342803756822831929e-05 2.617676214677899793e-11 3.891641853215332958e-08 9.999665617942810059e-01
3.887935546426080080e-12 6.203983724320516480e-13 2.211844090857766759e-14 1.000000000000000000e+00
1.612278488494212070e-08 1.000000000000000000e+00 1.148380857074471351e-08 3.512910795588908286e-11
6.087638139724731445e-01 3.777523040771484375e-01 1.348386611789464951e-02 1.269220728516984309e-08
1.591708569321781397e-04 1.796278520487248898e-04 9.988980293273925781e-01 7.631456828676164150e-04
