9.941903948783874512e-01 1.564048801583339809e-07 5.809429101645946503e-03 5.883998149824876123e-11
3.860317170619964600e-01 1.156974212790373713e-05 6.103336215019226074e-01 3.623126307502388954e-03
8.235028303715807851e-08 9.999994635581970215e-01 2.545778841067658504e-07 2.020444327399673057e-07
1.504308420408051461e-05 9.999849200248718262e-01 1.705380281435964207e-09 5.705396688426844776e-08
1.092178354156203568e-05 9.999889731407165527e-01 1.629247776691045146e-07 4.525286395606897827e-12
5.892294430154265683e-10 1.000000000000000000e+00 1.635218627171752814e-10 7.352963238282939074e-10
3.159921765327453613e-01 1.239916849749000960e-11 6.741185188293457031e-01 9.889258071780204773e-03
7.897733667050488293e-08 9.999991655349731445e-01 1.842277719266149916e-10 7.101188543856551405e-07
2.192257708699685281e-09 9.999948740005493164e-01 5.118707122164778411e-06 1.972414054307591869e-08
4.292460744181880727e-06 3.897040486335754395e-01 2.291629774830994393e-09 6.102916002273559570e-01
3.463508813084104077e-09 1.000000000000000000e+00 2.504927146783353376e-13 1.105786035654476862e-11
2.226927783340215683e-03 5.314511246979236603e-03 4.319080617278814316e-04 9.920266866683959961e-01
