1.073131859302520752e-01 7.175269071012735367e-03 1.874184235930442810e-03 8.836373090744018555e-01
5.517294630408287048e-03 6.622050404548645020e-01 3.119824826717376709e-01 2.029520459473133087e-02
3.081739996559917927e-04 9.750534246677489136e-08 9.860119819641113281e-01 1.367972977459430695e-02
6.998009048402309418e-03 3.464495239313691854e-05 3.315654639735043929e-09 9.929673075675964355e-01
9.997888803482055664e-01 4.796354460268048570e-07 2.104250452248379588e-04 1.903223108001839137e-07
6.820936176987757449e-11 1.085543259978294373e-01 2.593290582275642464e-10 8.914456963539123535e-01
9.999989867210388184e-01 1.735383226009190594e-10 1.311669800552195397e-10 9.716881095300777815e-07
4.994811024516820908e-05 5.881070592295145616e-06 9.999318718910217285e-01 1.231930491485400125e-05
5.065595358610153198e-02 7.223885655403137207e-01 2.267276495695114136e-01 2.277959138154983521e-04
3.580843213057960384e-07 6.326582515612244606e-04 9.993669986724853516e-01 1.512238689826972404e-08
5.300535121932625771e-04 1.019995212554931641e-01 8.974578976631164551e-01 1.256866380572319031e-05
1.518018543720245361e-03 1.563883870840072632e-01 8.389294147491455078e-01 3.164169611409306526e-03
