1.503198436694219708e-04 9.984686970710754395e-01 3.877581621054559946e-04 9.932116372510790825e-04
9.977996349334716797e-01 2.677937154658138752e-04 1.746803522109985352e-03 1.857508177636191249e-04
3.703431117330069355e-09 9.881513118743896484e-01 3.247036829634453170e-06 1.184542383998632431e-02
1.285083289781496774e-10 3.275792137547028915e-11 1.004736405185724379e-09 1.000000000000000000e+00
5.181110100238583982e-05 8.773309332354983781e-07 5.642700853059068322e-05 9.998908638954162598e-01
4.306443152017891407e-04 3.494020923972129822e-02 1.363619958283379674e-06 9.646278023719787598e-01
2.259413886349648237e-04 9.997059702873229980e-01 6.720892270095646381e-05 8.866317102729226463e-07
3.798430043389089406e-05 1.350523177734430647e-07 5.852744216099381447e-04 9.993765950202941895e-01
1.885840816839845502e-08 9.997237324714660645e-01 2.733384317252784967e-04 2.874771098504425026e-06
4.469231134862639010e-05 1.029612612910568714e-04 9.258452138283246313e-08 9.998522400856018066e-01
3.512940928339958191e-02 9.065799117088317871e-01 5.543972179293632507e-02 2.850955352187156677e-03
7.362176984315738082e-05 5.435362458229064941e-02 9.269665926694869995e-02 8.528761267662048340e-01
