5.728203632315853611e-06 3.692780137062072754e-01 6.305249929428100586e-01 1.912125590024515986e-04
1.195173244923353195e-04 8.085321187973022461e-01 7.811706018401309848e-05 1.912702172994613647e-01
6.045553600415587425e-04 2.265461385250091553e-01 1.600453406572341919e-01 6.128039360046386719e-01
4.826743602752685547e-01 8.595020510256290436e-03 2.135476242983713746e-04 5.085171461105346680e-01
4.358222186565399170e-01 1.252693869173526764e-02 3.526273530951584689e-06 5.516473054885864258e-01
2.170627703890204430e-04 3.936696448363363743e-04 9.991928339004516602e-01 1.965059345820918679e-04
9.994170665740966797e-01 2.908102715082350187e-06 3.987525815318804234e-06 5.760742933489382267e-04
1.262874342501163483e-02 6.653032898902893066e-01 3.542916849255561829e-03 3.185250759124755859e-01
6.478552450062124990e-07 9.482208490371704102e-01 5.177818238735198975e-02 2.696585852390853688e-07
2.331312920489381213e-11 7.560954145446885377e-06 9.999883770942687988e-01 4.139399152336409315e-06
9.999219775199890137e-01 1.436048790992572322e-08 7.793574332026764750e-05 1.352892127215454821e-07
8.511930604804263112e-10 1.158501632403385884e-07 7.095289333847176749e-07 9.999992251396179199e-01
