5.930849056312581524e-06 6.493010520935058594e-01 3.506921827793121338e-01 7.365186434071802069e-07
9.943627119064331055e-01 5.631006322801113129e-03 4.053790547686730861e-08 6.188362021930515766e-06
1.387898823645983271e-10 1.246265952659086906e-07 9.999791383743286133e-01 2.072526149277109653e-05
3.501362353563308716e-02 3.112108615255237964e-08 9.647141695022583008e-01 2.721195633057504892e-04
9.842593669891357422e-01 5.606369199995242525e-07 5.509839858859777451e-03 1.023029629141092300e-02
9.999997615814208984e-01 2.656695983205281664e-07 3.930255010331507037e-10 1.528906688752496024e-11
9.854033589363098145e-01 1.409919150319183245e-05 1.458106096833944321e-02 1.396449874846439343e-06
1.217992248712107539e-04 2.799646928906440735e-02 1.307462155818939209e-01 8.411355018615722656e-01
2.555586630478501320e-03 3.622782571710558841e-07 1.873759356385562569e-05 9.974252581596374512e-01
9.849987030029296875e-01 5.802340830030061625e-10 1.180687546730041504e-02 3.194414544850587845e-03
9.717699885368347168e-01 1.328957587247714400e-04 2.154006622731685638e-02 6.557107437402009964e-03
9.803456664085388184e-01 1.964114792644977570e-02 1.009917774408286562e-10 1.311141932092141360e-05
