7.296840548515319824e-01 5.374274333007633686e-04 2.209260612726211548e-01 4.885238781571388245e-02
4.561188519001007080e-01 4.066171944141387939e-01 1.697077788412570953e-02 1.202931776642799377e-01
1.014248654246330261e-01 7.839507816242985427e-06 8.981087803840637207e-01 4.584747657645493746e-04
7.647809688933193684e-04 9.988734722137451172e-01 1.107085381590877660e-06 3.606442478485405445e-04
6.670046423096209764e-05 9.082041382789611816e-01 5.758966784924268723e-03 8.597017824649810791e-02
6.818625525317756342e-11 9.998541474342346191e-01 1.458940823795273900e-04 1.990034803611706593e-08
3.460755015893823838e-10 1.687922857041002089e-10 1.000000000000000000e+00 5.662393839402091178e-13
7.429519295692443848e-01 1.693366211839020252e-03 1.045144654199248180e-05 2.553442716598510742e-01
9.998598098754882812e-01 3.091158760071266443e-07 1.160715692094527185e-04 2.382947059231810272e-05
1.962414870604334283e-07 1.864782817051491293e-08 3.153794750687666237e-05 9.999682307243347168e-01
5.610101222991943359e-01 4.389894604682922363e-01 4.741762893445411464e-08 4.552429402338020736e-07
3.011759556829929352e-02 1.152000494997196256e-09 9.685303568840026855e-01 1.352058490738272667e-03
