2.095701359212398529e-02 1.067939959466457367e-02 4.138196345593314618e-06 9.683594107627868652e-01
9.999952316284179688e-01 2.700567449664958986e-07 4.473764420254155993e-06 4.727846114604972172e-09
7.278543046052021737e-11 8.230734467506408691e-01 9.303930958992623346e-09 1.769265085458755493e-01
2.793045714497566223e-04 5.480299296323210001e-05 9.996658563613891602e-01 3.585080321499845013e-08
4.429599465005651382e-10 5.388036371234417032e-12 1.000000000000000000e+00 5.642514233628048714e-11
1.251545967534184456e-03 2.926169706540804327e-08 9.987484812736511230e-01 1.103223201681657883e-08
4.361725425283680124e-10 7.325897968257777393e-07 8.181073665618896484e-01 1.818918883800506592e-01
5.410596713772974908e-06 2.950766611320432276e-05 9.999651312828063965e-01 3.305722084956386198e-10
6.124489004832867067e-07 6.450974615290760994e-05 9.997122883796691895e-01 2.226465439889580011e-04
1.675598174333572388e-01 2.407571673393249512e-02 1.801477992557920516e-05 8.083464503288269043e-01
8.219942450523376465e-02 1.830788999795913696e-01 4.120470908919315889e-10 7.347216606140136719e-01
9.883974492549896240e-02 9.011365771293640137e-01 1.073363591785891913e-06 2.258384847664274275e-05
