6.470786320278421044e-05 1.861380599439144135e-02 7.820109128952026367e-01 1.993105560541152954e-01
6.062007742002606392e-04 4.108310211449861526e-03 6.916515827178955078e-01 3.036338984966278076e-01
1.499124628026038408e-04 9.075706005096435547e-01 8.098118269117549062e-05 9.219846874475479126e-02
1.541515067219734192e-02 7.298915386199951172e-01 2.258360154883121140e-06 2.546911239624023438e-01
9.152636863291263580e-03 9.304214715957641602e-01 9.856206364929676056e-03 5.056976526975631714e-02
9.906303286552429199e-01 3.316154959520645207e-07 9.286022745072841644e-03 8.333181904163211584e-05
9.622822403907775879e-01 1.924940443132072687e-05 3.495889529585838318e-02 2.739612944424152374e-03
2.855008851554430294e-08 9.999963045120239258e-01 1.948322505995747633e-06 1.750963633639912587e-06
2.893548955995584038e-09 1.030712848404391480e-09 7.953363060951232910e-01 2.046636790037155151e-01
1.000000000000000000e+00 8.853234985395364021e-12 1.268623817107794594e-10 2.134331822389867739e-08
1.162379165180027485e-03 9.672815212979912758e-05 1.712971169354204903e-07 9.987407326698303223e-01
1.243429323949385434e-05 9.999086260795593262e-01 7.403818017337471247e-05 4.812549832422519103e-06
