1.193859847262501717e-03 7.443692084052599967e-06 9.987793564796447754e-01 1.930744656419847161e-05
2.947827801108360291e-03 1.451849840350405429e-07 9.970520138740539551e-01 1.692175999323808355e-08
2.952744125650497153e-06 1.223326989929773845e-06 3.090402344241738319e-03 9.969054460525512695e-01
3.974524736404418945e-01 3.127242438495159149e-03 4.475340247154235840e-03 5.949449539184570312e-01
6.446750760078430176e-01 1.204007887281477451e-03 3.540297150611877441e-01 9.110279643209651113e-05
6.465071783168241382e-05 1.284254391720196509e-08 6.386554840531744048e-09 9.999353885650634766e-01
9.712969660758972168e-01 2.870007045567035675e-02 2.962113967441837303e-06 8.426222386503923190e-09
5.708998074283044843e-08 9.991939067840576172e-01 2.826268039046730962e-11 8.060072432272136211e-04
2.095301709914565436e-08 3.086122646323019580e-08 9.999999403953552246e-01 1.293561230353290625e-10
1.807847002055495977e-04 9.936109185218811035e-01 5.702947266399860382e-03 5.053780623711645603e-04
4.227842146065086126e-04 8.947802707552909851e-03 1.828331375186564856e-10 9.906294345855712891e-01
9.743369444592531181e-10 1.761618193540925859e-07 9.999998211860656738e-01 3.537987325330504973e-08
