2.221984141215216368e-05 2.624151669442653656e-02 1.821021200157701969e-03 9.719151854515075684e-01
4.300753120332956314e-03 7.903999686241149902e-01 1.084373705089092255e-02 1.944555491209030151e-01
2.690356969833374023e-02 1.156452854047529399e-04 2.858483465388417244e-03 9.701223373413085938e-01
5.078500253148376942e-04 9.442646503448486328e-01 5.522639676928520203e-02 1.093125888473878149e-06
1.378361162096553016e-06 2.011858590833526250e-08 8.759662887314334512e-05 9.999110102653503418e-01
1.115837949328124523e-05 2.302168682217597961e-02 2.308412513229995966e-05 9.769440293312072754e-01
7.846560379221045878e-08 1.890069252112880349e-04 4.224749369785563147e-11 9.998109340667724609e-01
5.260318847177813950e-09 9.980582594871520996e-01 4.616333535523153841e-05 1.895602326840162277e-03
5.674150038714742550e-09 9.999959468841552734e-01 3.950012796849478036e-06 1.168187893085814721e-07
1.186957661047927104e-06 3.898283640335620248e-10 3.657373832538723946e-03 9.963414072990417480e-01
2.646928578542429022e-07 9.996039271354675293e-01 3.715716593433171511e-04 2.419681550236418843e-05
9.252518415451049805e-01 6.436227262020111084e-02 2.446844591759145260e-04 1.014122739434242249e-02
