3.542891863617114723e-05 5.799722075462341309e-01 1.676689833402633667e-02 4.032255411148071289e-01
9.898431897163391113e-01 8.413701834797393531e-06 1.984092705242801458e-06 1.014640275388956070e-02
2.645900167408399284e-05 9.004051685333251953e-01 2.742735436186194420e-03 9.682556986808776855e-02
3.282016223238315433e-07 9.999907612800598145e-01 7.307278337975731120e-06 1.667042852204758674e-06
1.044720294885337353e-03 7.179322838783264160e-01 2.808386385440826416e-01 1.842766941990703344e-04
4.240293449697674077e-08 3.038426029888796620e-06 9.999969005584716797e-01 1.735599575169999298e-08
1.041521318256855011e-02 1.020961906760931015e-03 1.932940483093261719e-01 7.952698469161987305e-01
9.799051098525524139e-03 2.319200932979583740e-01 7.572782635688781738e-01 1.002534641884267330e-03
5.923592425460810773e-07 4.412520571150935211e-09 2.320917014131396172e-09 9.999994039535522461e-01
9.999997019767761230e-01 9.598231064111839572e-12 1.205734001530345267e-08 2.828119534115103306e-07
7.834428856767772231e-07 1.019427105784416199e-01 1.274300942544215332e-10 8.980565071105957031e-01
3.135633422061800957e-03 1.846232800744473934e-03 7.248687744140625000e-01 2.701494097709655762e-01
