1.247303149654044319e-08 9.997449517250061035e-01 1.805157517082989216e-04 7.454947626683861017e-05
4.099930636584758759e-03 8.773816749453544617e-03 5.090334889246150851e-05 9.870753288269042969e-01
5.306143430061638355e-05 9.997915625572204590e-01 1.826952598094067071e-06 1.536431373097002506e-04
7.399977963729043040e-09 9.999990463256835938e-01 6.128849650011147787e-10 9.901568773784674704e-07
3.772954922169446945e-03 3.217726307624957371e-09 1.119577735662460327e-01 8.842692971229553223e-01
7.468719559255987406e-05 9.999226331710815430e-01 6.906317366883740760e-07 2.021741465796367265e-06
5.184571847359487062e-13 1.000000000000000000e+00 8.723387984188590849e-11 4.629418376422833603e-12
2.440815194404422073e-07 9.999997615814208984e-01 6.051385087468830193e-11 1.459402287906641504e-08
1.680288761854171753e-01 9.683971107006072998e-02 9.513571512798080221e-07 7.351304292678833008e-01
1.984040020033717155e-03 9.973486661911010742e-01 3.861853201669873670e-06 6.634122109971940517e-04
1.554347691126167774e-04 6.720890723954653367e-07 4.127403663005679846e-04 9.994311332702636719e-01
6.747676730155944824e-01 4.699739161878824234e-03 1.619590818881988525e-02 3.043367266654968262e-01
