9.999083280563354492e-01 8.976096310675529821e-09 1.045906330432444520e-07 9.151361882686614990e-05
9.923033714294433594e-01 9.882669837679713964e-05 7.597784046083688736e-03 5.359177990271746239e-09
9.695687890052795410e-01 2.956064015791071142e-08 2.849002182483673096e-02 1.941201160661876202e-03
9.999994039535522461e-01 3.103629637735139113e-07 3.449917906905852760e-09 2.501352582839899696e-07
7.613097317516803741e-03 1.341177039648755454e-06 3.163675046380376443e-07 9.923852086067199707e-01
4.086793959140777588e-01 1.770050948834978044e-05 5.537115335464477539e-01 3.759141266345977783e-02
9.653638601303100586e-01 6.024742615409195423e-04 3.338899090886116028e-02 6.446642219088971615e-04
8.877785205841064453e-01 1.077023968100547791e-01 3.127223753836005926e-04 4.206394776701927185e-03
2.607504837214946747e-02 3.682835085783153772e-04 9.499696493148803711e-01 2.358703315258026123e-02
5.281410722091095522e-06 3.489743221507524140e-06 8.369492321413929403e-10 9.999911785125732422e-01
2.257994765386683866e-06 9.999973177909851074e-01 4.284151486899645533e-07 1.105862179606731388e-09
9.999865293502807617e-01 5.891528189749806188e-07 1.763457930792355910e-06 1.111040364776272327e-05
