9.773139357566833496e-01 3.064534859731793404e-03 1.950920000672340393e-02 1.122768444474786520e-04
9.454907558392733335e-05 1.497781486250460148e-03 9.984071254730224609e-01 4.869741587754106149e-07
1.330785307800397277e-04 8.333544428751338273e-06 9.998584985733032227e-01 7.252058509266134934e-08
2.629681304097175598e-02 1.599312487998716392e-10 9.730264544486999512e-01 6.767368176952004433e-04
2.461049697366490818e-10 1.461772364564239979e-03 9.985382556915283203e-01 1.926591775003316798e-09
1.734260401953235942e-09 2.562225320801303496e-09 8.239510655403137207e-01 1.760489940643310547e-01
4.258308035787194967e-05 9.999361634254455566e-01 9.512062665306686426e-11 2.130855682480614632e-05
3.718736115843057632e-05 1.317811529588652775e-05 9.989119768142700195e-01 1.037608948536217213e-03
1.074423449515249374e-11 3.945098470126140455e-09 9.999951720237731934e-01 4.837780579691752791e-06
1.563650148455053568e-04 1.672242255779110565e-08 4.438709467649459839e-02 9.554565548896789551e-01
4.015032573079224676e-06 6.234474767552455887e-07 9.999953508377075195e-01 8.959850639200794831e-10
5.061800493422197178e-06 9.912459254264831543e-01 3.611538568204508692e-10 8.749017491936683655e-03
