3.347228467464447021e-02 1.678630411624908447e-01 6.287262588739395142e-02 7.357921004295349121e-01
9.182895421981811523e-01 4.927720874547958374e-04 1.669501514811599918e-08 8.121767640113830566e-02
1.454752851515195289e-08 9.999478459358215332e-01 5.125734947597493374e-09 5.216520003159530461e-05
6.965384818613529205e-03 1.535493676652066597e-10 9.926339983940124512e-01 4.005930386483669281e-04
8.341351747512817383e-01 5.822217152839925802e-10 1.658640652894973755e-01 7.421405143759329803e-07
1.932108336169524598e-12 1.000000000000000000e+00 2.224461663046656268e-13 3.981530545798389609e-13
2.074810545593663846e-08 2.710409462451934814e-04 9.997285008430480957e-01 4.303463754240510752e-07
5.238804593682289124e-02 2.844222308340249583e-06 9.470611810684204102e-01 5.479189567267894745e-04
2.451463615216198377e-06 1.641030050814151764e-02 2.861216664314270020e-01 6.974655985832214355e-01
1.049388796091079712e-01 8.911985754966735840e-01 1.274741807719692588e-04 3.735173260793089867e-03
1.967327261809259653e-04 9.873263239860534668e-01 8.068687166087329388e-04 1.167007070034742355e-02
9.999455213546752930e-01 2.722274757616105489e-06 2.324556519495146745e-10 5.176342165214009583e-05
