8.839035630226135254e-01 5.787041410803794861e-02 5.529469996690750122e-02 2.931318245828151703e-03
2.095231593557400629e-06 1.919668335403912351e-07 9.999977350234985352e-01 2.655156650099854687e-10
2.250130986794829369e-03 1.275108796328083827e-09 9.977498054504394531e-01 7.366341492343053687e-08
5.990955287415999919e-08 5.357890131563181058e-09 2.327064139535650611e-04 9.997672438621520996e-01
8.577429107390344143e-04 7.925326004624366760e-03 9.884205460548400879e-01 2.796433167532086372e-03
1.996387094259262085e-01 6.666856352239847183e-03 1.099131768569350243e-03 7.925952672958374023e-01
7.493772506713867188e-01 1.143889676313847303e-06 2.085843086242675781e-01 4.203725233674049377e-02
1.914134554681368172e-05 9.993882775306701660e-01 2.360537182539701462e-04 3.565443621482700109e-04
4.876132123172283173e-03 9.941408634185791016e-01 7.930721039883792400e-04 1.899268681881949306e-04
2.533759652578737587e-05 1.024621305987238884e-03 6.708749111794531927e-10 9.989500045776367188e-01
5.459955743276380391e-14 1.000000000000000000e+00 2.628014451021287723e-13 3.521119402807474730e-16
6.299344292720610028e-12 4.518851740416491083e-15 1.000000000000000000e+00 6.117464933057259469e-13
