9.177644252777099609e-01 1.863351278007030487e-02 6.360174715518951416e-02 2.839034038970567053e-07
3.050180907848698553e-08 2.367443556750004063e-07 2.439286099498172433e-11 9.999997615814208984e-01
9.999908804893493652e-01 3.566489881201562184e-10 6.530550322736417002e-09 9.133124876825604588e-06
6.060721489120624028e-07 9.994748234748840332e-01 5.245417123660445213e-04 2.872586790658715472e-08
5.689160786914726486e-08 1.237233052961528301e-03 9.987370967864990234e-01 2.563522866694256663e-05
8.311909437179565430e-01 4.257837281329557300e-05 1.436473578214645386e-01 2.511919848620891571e-02
4.523340146988630295e-03 5.176367238163948059e-03 1.414983272552490234e-01 8.488019704818725586e-01
1.809049248695373535e-01 7.251034548971801996e-05 5.368770956993103027e-01 2.821455001831054688e-01
7.836154103279113770e-01 1.617008149623870850e-01 5.468385294079780579e-02 1.313936515145996964e-09
5.370500497519969940e-03 1.545025035738945007e-03 1.149918807641370222e-05 9.930729269981384277e-01
9.999959468841552734e-01 4.567988765025177145e-10 1.618147216220222617e-08 3.993630343757104129e-06
8.019338526565888969e-10 4.007939100265502930e-01 9.432784281671047211e-04 5.982627272605895996e-01
