9.817039370536804199e-01 1.815516129136085510e-02 1.456156587664736435e-05 1.263519952772185206e-04
4.692878723144531250e-01 5.739916581660509109e-03 1.843900792300701141e-02 5.065332651138305664e-01
1.000000000000000000e+00 7.931357827450913334e-12 2.679726440746321714e-10 2.914611369093933479e-13
4.526874480739045969e-13 9.999999403953552246e-01 6.510933459047407723e-11 6.994815038297019782e-08
1.645311340689659119e-02 2.268253447255119681e-04 9.833200573921203613e-01 1.514683489745038969e-08
1.335498118343325658e-12 5.982145043692874533e-17 1.000000000000000000e+00 4.976623073463552413e-15
1.734802346220476466e-08 8.482528779862538726e-14 1.000000000000000000e+00 3.824101625637954527e-12
3.029868139492464252e-06 4.105506832274841145e-06 9.997379183769226074e-01 2.549099153839051723e-04
2.464135384627752501e-08 2.829455752362264320e-06 9.999971389770507812e-01 1.597054377633355671e-09
2.120920107699930668e-04 8.616611361503601074e-01 1.202062815427780151e-01 1.792037859559059143e-02
6.552785634994506836e-03 1.189900922327069566e-05 3.543652710504829884e-04 9.930809140205383301e-01
1.743435710668563843e-01 3.581857599783688784e-04 4.618116508936509490e-05 8.252520561218261719e-01
