2.535634674131870270e-03 5.909861996769905090e-03 1.444686040485976264e-05 9.915401339530944824e-01
1.811512788663094398e-07 6.961352028156397864e-06 9.973514080047607422e-01 2.641400089487433434e-03
1.495035095722130336e-09 8.776912689208984375e-01 1.872510679845618142e-08 1.223087608814239502e-01
3.098059778494643979e-06 1.111882622353732586e-03 3.256538475397974253e-04 9.985593557357788086e-01
5.190684199333190918e-01 2.304896479472517967e-03 4.576941728591918945e-01 2.093245089054107666e-02
2.898488128266762942e-05 9.979293942451477051e-01 1.264913407794665545e-06 2.040405524894595146e-03
2.195647539338096976e-05 7.783646136522293091e-02 1.360492855310440063e-01 7.860922813415527344e-01
1.129145821981980546e-12 2.532956483447534879e-13 9.738466921760391415e-09 1.000000000000000000e+00
2.355386108376933407e-08 9.999979734420776367e-01 1.180490869501227280e-07 1.924685420817695558e-06
7.042902708053588867e-01 4.725847975350916386e-04 1.088826229533879086e-05 2.952262163162231445e-01
8.901981345843523741e-06 9.902639389038085938e-01 6.554588338758549071e-08 9.727041237056255341e-03
9.254486212739720941e-05 4.930616341880522668e-06 1.756113533701864071e-06 9.999006986618041992e-01
