6.339809715427691117e-06 3.140844404697418213e-02 5.460216198116540909e-05 9.685305953025817871e-01
9.979419708251953125e-01 1.661241952888303786e-07 2.057317411527037621e-03 5.782786729469080456e-07
9.997048974037170410e-01 2.448719449432701367e-08 2.951181086245924234e-04 2.710641711090033823e-09
6.407951502751529915e-08 9.999998807907104492e-01 2.920703956466041973e-10 2.053854863959259092e-08
5.389805962652260973e-11 9.999445676803588867e-01 1.659897179706604220e-06 5.375124237616546452e-05
9.974158406257629395e-01 6.874806834922253529e-10 4.857602561969542876e-06 2.579288790002465248e-03
9.999996423721313477e-01 3.335342455557110952e-07 1.749476354698253650e-15 5.568336902683768130e-09
4.234642838127911091e-04 3.482026295387186110e-05 1.559891647275046811e-12 9.995417594909667969e-01
2.877771109342575073e-02 3.569275513291358948e-02 9.355295300483703613e-01 1.089926549013853219e-08
1.028202939778566360e-02 4.826617924780229885e-11 9.897177815437316895e-01 1.712653272534225835e-07
2.554128877818584442e-03 1.785093317607788777e-08 9.971833229064941406e-01 2.625980705488473177e-04
9.999997615814208984e-01 1.329022047968919651e-08 2.372682104123668978e-07 8.785874250349934300e-09
