3.070357143878936768e-01 6.672587394714355469e-01 6.362429354339838028e-03 1.934313401579856873e-02
6.069866458346950822e-07 6.723704747855663300e-03 6.287606665864586830e-04 9.926468729972839355e-01
1.964103879537049124e-10 1.000000000000000000e+00 2.396657539094348977e-09 2.545849989155080095e-11
1.918032666026192601e-08 4.336831449514022552e-10 9.999993443489074707e-01 7.009984983596950769e-07
9.996328353881835938e-01 6.623448280151933432e-05 2.280552413580494431e-09 3.009170759469270706e-04
2.984499769809190184e-05 4.541375637054443359e-01 1.535292714834213257e-01 3.923032879829406738e-01
3.974149003624916077e-02 4.530133737716823816e-04 9.582007527351379395e-01 1.604762626811861992e-03
1.082316543943306897e-06 1.764204898790922016e-05 3.783665597438812256e-01 6.216146945953369141e-01
9.413773077540099621e-04 2.748422275544726290e-06 9.990532994270324707e-01 2.514635298211942427e-06
2.114169774358742870e-06 9.587961249053478241e-04 2.451666397973895073e-03 9.965873956680297852e-01
9.994290471076965332e-01 5.636434070765972137e-04 7.344122423091903329e-06 2.595381243253314096e-09
8.423596736975014210e-04 9.918426871299743652e-01 2.307828748598694801e-03 5.007056519389152527e-03
