5.084039643406867981e-02 9.489542841911315918e-01 2.710297849262133241e-06 2.025908179348334670e-04
5.913703262194758281e-06 1.187308728694915771e-01 3.981490226578898728e-05 8.812233805656433105e-01
6.632354143221164122e-06 9.999921321868896484e-01 1.234832780028227717e-06 2.443565527698865480e-08
8.279279805719852448e-03 5.391386747360229492e-01 5.416357144713401794e-02 3.984183967113494873e-01
9.518459439277648926e-01 8.738797463436753787e-10 2.138458192348480225e-03 4.601559787988662720e-02
1.378050353378057480e-02 3.038843860849738121e-03 9.731654524803161621e-01 1.001517008990049362e-02
1.017383510770741850e-09 1.541914929070742346e-10 6.115129291828225178e-09 1.000000000000000000e+00
1.076141779776662588e-04 9.994271397590637207e-01 4.652675997931510210e-04 2.669768017771190216e-10
5.429415250546298921e-05 1.266669258370711759e-08 3.407099545001983643e-01 6.592357158660888672e-01
2.940997134714962158e-08 4.649642804110953875e-08 3.792590408391305346e-10 9.999998807907104492e-01
9.999443292617797852e-01 1.460891962956623047e-09 5.005492857890203595e-05 5.532105660677189007e-06
3.071641782298684120e-03 3.221000358462333679e-02 5.278095613903133199e-07 9.647178053855895996e-01
