9.965911507606506348e-01 2.298375766258686781e-04 7.473861332982778549e-04 2.431652508676052094e-03
2.227534569101408124e-04 1.470951929150032811e-06 9.997758269309997559e-01 1.725786596962208819e-10
9.999901056289672852e-01 5.912542746955296025e-06 5.216315823730610646e-09 3.973452749050920829e-06
1.416885480284690857e-02 2.222547035302113727e-09 9.850531220436096191e-01 7.780110463500022888e-04
9.970533251762390137e-01 2.945086453109979630e-03 8.080582460934238043e-07 8.468750252177414950e-07
8.453701734542846680e-01 2.956313081085681915e-03 1.502998024225234985e-01 1.373713836073875427e-03
4.707374500867445022e-06 1.643635414438904263e-06 9.750466942787170410e-01 2.494698576629161835e-02
9.999417066574096680e-01 5.702342241420410573e-05 2.709154012237036113e-09 1.271029645977250766e-06
8.738141059875488281e-01 1.082672625780105591e-01 1.787277497351169586e-02 4.589161108015105128e-05
8.958942890167236328e-01 2.246473915874958038e-03 1.018592193722724915e-01 4.599130853932820173e-09
9.999995231628417969e-01 3.755485167289407400e-08 3.146139126997127278e-09 4.969000997334660497e-07
6.270332960411906242e-04 3.979357279604300857e-05 2.017442748183384538e-04 9.991313815116882324e-01
