1.397250457557674963e-06 5.373198655433952808e-04 9.994609355926513672e-01 3.528776915118214674e-07
1.836376941355410963e-05 4.037558767322479980e-07 9.129814505577087402e-01 8.699975162744522095e-02
2.831517020240426064e-03 1.283168792724609375e-01 1.049021705985069275e-01 7.639494538307189941e-01
5.636856555938720703e-01 4.680896115161203852e-09 6.114484742283821106e-02 3.751694858074188232e-01
6.204927543995708561e-11 9.984635340742897824e-10 1.512513990746811032e-04 9.998487830162048340e-01
8.825264573097229004e-01 2.983421287794385535e-10 9.922201931476593018e-02 1.825154945254325867e-02
2.228411176474764943e-04 9.996951222419738770e-01 9.961318937712348998e-06 7.201154221547767520e-05
8.815752342343330383e-03 9.911618828773498535e-01 1.921871080412529409e-05 3.172573769916198216e-06
5.005720140616176650e-06 5.311521817930042744e-06 9.999887347221374512e-01 9.500378723714675289e-07
4.508304595947265625e-02 2.022775262594223022e-02 1.027064584195613861e-02 9.244185686111450195e-01
2.665967485881992616e-06 9.999898076057434082e-01 7.349959105340531096e-06 2.308048721033628681e-07
3.451017527300592747e-10 1.243924668131723976e-11 1.000000000000000000e+00 4.424905952760127548e-08
