7.523237466812133789e-01 3.173680743202567101e-04 2.473553866147994995e-01 3.472443040664074942e-06
3.659681603312492371e-02 9.565915465354919434e-01 5.401165224611759186e-03 1.410449622198939323e-03
8.870173245668411255e-02 8.839421868324279785e-01 2.735605649650096893e-02 1.233179247606130957e-08
6.467447383329272270e-05 4.520180821418762207e-02 9.546126127243041992e-01 1.208470494020730257e-04
7.429965734481811523e-01 1.134510617703199387e-03 3.646130207926034927e-04 2.555042803287506104e-01
9.995528459548950195e-01 1.906128636619541794e-05 3.977675805799663067e-04 3.029864637937862426e-05
1.293017082293346220e-11 3.142041896353475749e-05 4.648090907721780241e-06 9.999639391899108887e-01
3.440779820084571838e-02 7.498471177314058878e-09 9.655920863151550293e-01 8.632287773480129545e-08
4.938116489938693121e-06 2.163758617825806141e-04 8.675638696331589017e-07 9.997777938842773438e-01
1.863206007394254543e-14 1.000000000000000000e+00 2.762973034246856601e-16 5.886382960923475238e-12
4.790483981720328188e-12 1.566822851549161069e-17 1.000000000000000000e+00 5.204914758132821000e-16
2.705892920494079590e-01 3.270798921585083008e-02 6.949601769447326660e-01 1.742526306770741940e-03
