4.001158958999440074e-05 9.565047174692153931e-02 3.846011532004922628e-04 9.039249420166015625e-01
4.082524096560291582e-09 2.669896502993651666e-06 1.001261249184608459e-01 8.998711705207824707e-01
9.991502165794372559e-01 2.170239531551487744e-05 1.050497822063789499e-08 8.281098562292754650e-04
3.709564043674618006e-05 9.724538326263427734e-01 1.114513850097864633e-07 2.750902250409126282e-02
9.999778866767883301e-01 1.017426370708562899e-06 9.262188541470095515e-06 1.185375094792107120e-05
3.020952317456249148e-05 4.432416334748268127e-02 3.781962277571437880e-06 9.556418657302856445e-01
8.590097877458902076e-07 3.670185804367065430e-03 1.050176192075014114e-02 9.858271479606628418e-01
9.374068188350292985e-10 1.120854101264827374e-13 2.468544911176853837e-16 1.000000000000000000e+00
3.195437416434288025e-02 9.630935788154602051e-01 4.294326316767183016e-08 4.952056333422660828e-03
8.776260614395141602e-01 1.223479434847831726e-01 1.795565118811737193e-08 2.595629666757304221e-05
1.835260045481845737e-04 6.092553958296775818e-04 1.510495436377823353e-03 9.976967573165893555e-01
3.689145887619815767e-05 8.274582796730101109e-07 1.153314005932770669e-04 9.998469352722167969e-01
