2.909354567527770996e-01 6.974957585334777832e-01 3.337696762173436582e-05 1.153544243425130844e-02
1.251721615247447517e-09 6.832430954091250896e-04 2.633406438690144569e-06 9.993140697479248047e-01
9.983974695205688477e-01 7.169420541686122306e-07 1.128594612964661792e-05 1.590584870427846909e-03
3.455735146999359131e-01 5.302660465240478516e-01 1.204270347952842712e-01 3.733371850103139877e-03
2.063514105975627899e-02 2.947709290310740471e-03 9.684861302375793457e-01 7.930982857942581177e-03
6.259294860200270705e-09 6.393363616297165208e-09 1.000000000000000000e+00 1.284401057732864615e-10
2.963467836380004883e-01 5.527514002068301124e-09 7.036440372467041016e-01 9.180223059956915677e-06
2.212547260569408536e-04 4.379005404189229012e-04 9.961435198783874512e-01 3.197283484041690826e-03
6.929304799996316433e-04 1.800905522486573318e-07 9.993066191673278809e-01 1.997926517560699722e-07
7.810117006301879883e-01 5.224428605288267136e-06 2.177861928939819336e-01 1.196840428747236729e-03
8.897677039598761439e-11 2.032470414192744101e-09 1.085800459960095665e-11 1.000000000000000000e+00
9.952146410942077637e-01 4.776436369866132736e-03 2.859243295461055823e-07 8.584977877035271376e-06
