1.091676949727116153e-05 9.995146989822387695e-01 1.050968348863534629e-04 3.692487080115824938e-04
9.840032458305358887e-01 4.274878021015560137e-11 1.301219017477706075e-04 1.586662419140338898e-02
9.369141906745426240e-08 8.950920775532722473e-03 9.892607927322387695e-01 1.788230845704674721e-03
3.837235453829634935e-07 7.286114268936216831e-04 2.742613432928919792e-04 9.989967346191406250e-01
2.340156925129122101e-06 9.123795462073758245e-05 2.330624235269418421e-11 9.999064207077026367e-01
3.422204099479131401e-05 9.271776652894914150e-04 2.095187710438040085e-06 9.990364909172058105e-01
5.519455470448519918e-08 9.999997615814208984e-01 3.221840572109613277e-09 2.536658598728536163e-07
5.647929810947971418e-06 1.773611188582435716e-06 5.010098102502524853e-04 9.994915723800659180e-01
5.434974431991577148e-01 9.904275621863689594e-09 4.563370943069458008e-01 1.655498053878545761e-04
8.331946134567260742e-01 8.922919647602611803e-08 1.666935682296752930e-01 1.116936764447018504e-04
1.000000000000000000e+00 1.067695792889011841e-10 3.816345907369823875e-15 3.115581126422739544e-09
6.595501326955854893e-04 6.875841762621348607e-08 9.993403553962707520e-01 8.424987640864856075e-08
