6.856365507701411843e-05 4.980388323971851605e-10 9.999183416366577148e-01 1.309081198996864259e-05
2.596909366548061371e-02 5.310574238137633074e-07 9.740297794342041016e-01 6.014420819155930076e-07
6.219721058187133167e-07 6.500838026113342494e-06 9.999927282333374023e-01 1.598728118779035867e-07
5.713776118909663637e-08 2.509297880592953334e-09 9.999942183494567871e-01 5.664688615070190281e-06
4.630403964256402105e-06 1.025041798129677773e-03 4.818205279200071800e-10 9.989702701568603516e-01
1.333011895310320938e-10 4.264055497582575072e-10 9.999999403953552246e-01 6.026462529007403646e-08
3.804906043014533168e-11 1.032319341121024081e-09 9.989379644393920898e-01 1.062000286765396595e-03
5.214691896071599331e-07 8.621637626049505343e-09 9.955814480781555176e-01 4.418058320879936218e-03
1.618858805159106851e-04 3.687614480440970510e-07 9.998355507850646973e-01 2.108102989950566553e-06
1.522281090728938580e-04 1.031456631608307362e-03 7.888118034315994009e-07 9.988154768943786621e-01
5.014744886011612834e-08 1.392034813761711121e-02 3.200481444309843937e-07 9.860793352127075195e-01
4.028793424367904663e-03 1.631536579225212336e-04 5.284928679466247559e-01 4.673152267932891846e-01
