6.029527187347412109e-01 3.964916169643402100e-01 5.544660380110144615e-04 1.136934770329389721e-06
7.471745014190673828e-01 2.463426440954208374e-01 1.973456562609499088e-07 6.482704076915979385e-03
5.000425971957156435e-06 9.910434891935437918e-05 9.998589158058166504e-01 3.690788798849098384e-05
3.865114152431488037e-01 5.844993516802787781e-03 6.075016856193542480e-01 1.418797910446301103e-04
7.688411325216293335e-02 9.230846762657165527e-01 5.962986051599727944e-06 2.528883669583592564e-05
1.089324630498822444e-08 9.999965429306030273e-01 5.795888569082308095e-08 3.333835138619178906e-06
8.348689152626320720e-05 9.968693256378173828e-01 1.453858772038074676e-06 3.045753575861454010e-03
1.999120227992534637e-03 9.979989528656005859e-01 5.111536527380167172e-09 1.908507783809909597e-06
9.990748167037963867e-01 5.534733261980395724e-12 9.233027230948209763e-04 1.906391617012559436e-06
1.952596591359156974e-11 1.000000000000000000e+00 3.397623071776934012e-09 2.430858003776847909e-08
1.042456390849301473e-13 9.999995827674865723e-01 5.109410464165797805e-11 4.486824423111102078e-07
2.382422037428000294e-10 9.999987483024597168e-01 4.989060276017198703e-10 1.228694486599124502e-06
