2.658965764567255974e-03 1.519038632977753878e-04 3.638644004240632057e-03 9.935504794120788574e-01
9.948720932006835938e-01 1.492993995100277971e-08 6.835168460384011269e-04 4.444362130016088486e-03
7.582711368525618667e-12 1.690293904843542805e-09 3.116463337393682309e-11 1.000000000000000000e+00
8.883275985717773438e-01 1.116268262267112732e-01 4.558718865155242383e-05 1.654803760686718306e-08
1.705348677933216095e-02 5.461193919181823730e-01 9.809113107621669769e-04 4.358461499214172363e-01
9.008044749498367310e-02 1.165246684104204178e-02 8.475630283355712891e-01 5.070403590798377991e-02
9.329013824462890625e-01 4.793469270225614309e-04 3.798761099460534751e-06 6.661547720432281494e-02
2.161475798345691146e-08 9.999985098838806152e-01 6.551418695738275844e-12 1.499752329436887521e-06
5.052752660716919308e-10 3.812483744695782661e-03 7.664481401443481445e-01 2.297393828630447388e-01
7.318043112754821777e-01 4.935448989272117615e-03 4.099742909602355212e-07 2.632598280906677246e-01
5.450196564197540283e-02 9.454253911972045898e-01 8.558086506127438042e-08 7.260400161612778902e-05
4.312189048505388200e-05 1.636245287954807281e-03 1.609596051275730133e-02 9.822247028350830078e-01
