1.770701783243566751e-04 1.452161371707916260e-01 8.433733582496643066e-01 1.123339682817459106e-02
4.955664873123168945e-01 5.000560283660888672e-01 1.460045859857928008e-05 4.362912848591804504e-03
4.833693514894044085e-11 5.497263744473457336e-03 9.939232468605041504e-01 5.794987082481384277e-04
6.853458356381736394e-10 1.701393581576837732e-09 1.000000000000000000e+00 1.069443492096588955e-10
9.947027024281851482e-08 1.134171270678052679e-05 9.997518658638000488e-01 2.367056586081162095e-04
1.648636498430278152e-05 2.747419603110756725e-05 9.997290372848510742e-01 2.269907272420823574e-04
7.467629038728773594e-04 9.822047352790832520e-01 2.567728807356672860e-10 1.704846695065498352e-02
2.911507152020931244e-03 9.722445765136811247e-11 9.952453374862670898e-01 1.843181438744068146e-03
3.731233377823883757e-11 2.319517147797434120e-11 9.999998211860656738e-01 1.958795650125466636e-07
7.516494406445417553e-06 1.906943339236022439e-06 9.995977878570556641e-01 3.928212681785225868e-04
6.376499775797128677e-03 1.846181112341582775e-03 9.904737472534179688e-01 1.303552067838609219e-03
3.176546670147217810e-08 9.999902844429016113e-01 2.855620984121287620e-08 9.667133781476877630e-06
