1.524153351783752441e-02 9.765374286985206709e-09 9.847527146339416504e-01 5.660620900016510859e-06
9.999514222145080566e-01 9.334588213505412568e-09 4.773811087943613529e-05 8.637621249363292009e-07
3.146835267543792725e-01 3.340484181535430253e-05 6.852831244468688965e-01 5.020121540688649020e-10
1.936567714437842369e-04 5.347531754523515701e-03 9.869621396064758301e-01 7.496673148125410080e-03
9.492455865256488323e-05 9.999051094055175781e-01 7.401633125847517647e-12 2.363642970237833651e-08
7.729090611974243075e-06 1.727138529531657696e-03 9.796496033668518066e-01 1.861550845205783844e-02
3.032443740558221634e-11 3.240949660539627075e-02 7.704124450683593750e-01 1.971781253814697266e-01
4.895158926956355572e-04 3.901487133362024906e-09 9.061824083328247070e-01 9.332808852195739746e-02
2.926296929217642173e-07 1.310386799069362951e-10 9.999988079071044922e-01 8.408699727624480147e-07
6.565578303252550540e-08 9.999977350234985352e-01 2.137489673259551637e-06 3.684554172878051759e-08
1.114981841965345666e-06 3.497842499200487509e-06 3.798807597377162892e-07 9.999949932098388672e-01
1.410128772258758545e-01 1.875755697255954146e-05 8.380491733551025391e-01 2.091914229094982147e-02
