6.324284186121076345e-05 9.993190765380859375e-01 7.550305326731177047e-06 6.101574399508535862e-04
3.483117744326591492e-02 9.651103019714355469e-01 5.799105565529316664e-06 5.277011950965970755e-05
1.943942429250000714e-08 9.956462383270263672e-01 4.166006110608577728e-03 1.878438342828303576e-04
2.460610121488571167e-04 2.846288964519771980e-07 9.997526407241821289e-01 1.049748334480682388e-06
1.231884658336639404e-01 5.249369516968727112e-02 7.047951817512512207e-01 1.195226609706878662e-01
2.583195827901363373e-02 1.389185053994879127e-04 2.867069026635249429e-09 9.740291237831115723e-01
1.698333304375410080e-03 9.982981085777282715e-01 3.444939011387759820e-06 8.872716961150217685e-08
6.107705452507161681e-09 2.506272721802815795e-06 9.998585581779479980e-01 1.388570672133937478e-04
9.977344274520874023e-01 1.246896681550424546e-05 1.947904471307992935e-03 3.052141400985419750e-04
4.430033300195646007e-07 3.156833405792980329e-10 1.091706799343228340e-03 9.989078640937805176e-01
7.510834932327270508e-01 1.918370127677917480e-01 5.591707676649093628e-02 1.162402098998427391e-03
5.460057258605957031e-01 4.457290470600128174e-01 2.179011469706892967e-03 6.086152046918869019e-03
