5.072250962257385254e-01 4.899710714817047119e-01 1.992309233173727989e-03 8.115040836855769157e-04
1.325506637783746555e-08 1.867366284132003784e-01 7.757678031921386719e-01 3.749550133943557739e-02
2.746683821897022426e-05 9.106627106666564941e-02 8.874961137771606445e-01 2.141014114022254944e-02
9.478828310966491699e-01 1.394383289152756333e-04 4.927988722920417786e-02 2.697822637856006622e-03
4.416291984887799060e-12 1.164153218269348145e-06 4.070025649838271420e-09 9.999988675117492676e-01
9.747475981712341309e-01 7.318233241626614927e-10 2.525039389729499817e-02 2.043183712885365821e-06
3.749331533908843994e-01 6.979832891374826431e-03 7.518205791711807251e-02 5.429049730300903320e-01
1.308852874172539149e-12 9.999769330024719238e-01 8.357943226400266212e-10 2.311045500391628593e-05
9.999258518218994141e-01 4.018577026698721966e-09 1.209853508044034243e-05 6.203827797435224056e-05
4.214137792587280273e-03 1.308344188544197095e-08 1.127514551626518369e-04 9.956730604171752930e-01
3.876578435301780701e-02 1.996502447809689329e-07 9.605446457862854004e-01 6.893795798532664776e-04
6.170133848293346546e-12 9.999996423721313477e-01 7.830058379454385431e-09 3.324716999486554414e-07
