1.432028412818908691e-01 1.238277889115124708e-07 2.603055271332976872e-10 8.567970991134643555e-01
2.041130528596113436e-06 9.888420082759807883e-10 9.970014691352844238e-01 2.996457042172551155e-03
5.039681809648755006e-07 1.918371191067524961e-11 9.999995231628417969e-01 2.946121790969868925e-09
6.981036067008972168e-02 1.291806370318226982e-06 1.457680336898192763e-04 9.300425648689270020e-01
9.999964833259582520e-01 5.747423093005465944e-10 5.041222266299882904e-07 3.059368964386521839e-06
9.997589588165283203e-01 6.664753072982421145e-06 2.344123349757865071e-04 3.165341988520253835e-09
9.645545482635498047e-01 3.134560585021972656e-02 3.450815856922417879e-04 3.754774807021021843e-03
3.275975402061703790e-08 1.533545623821908066e-09 2.298919525856035762e-06 9.999976754188537598e-01
2.550737860929075396e-07 1.455637102480977774e-04 9.998469948768615723e-01 7.131154234230052680e-06
1.276067678190884180e-06 1.171286348835565150e-04 8.914641141891479492e-01 1.084174215793609619e-01
9.939406514167785645e-01 1.931749051436781883e-03 5.795767421545860998e-09 4.127619788050651550e-03
4.857750172959640622e-05 3.456592094153165817e-04 9.996055960655212402e-01 1.982149200330241001e-07
