3.956676053462615528e-08 2.626486583778842032e-09 2.758895789156667888e-06 9.999971389770507812e-01
9.398518595844507217e-04 7.416624470124588697e-08 9.990599155426025391e-01 1.691513489276985638e-07
5.370806455612182617e-01 6.065161433070898056e-03 1.637662993744015694e-03 4.552165865898132324e-01
2.658091019839048386e-03 9.659583121538162231e-02 7.014357095158629818e-09 9.007460474967956543e-01
7.599610398756340146e-07 8.934068083763122559e-01 1.065899655222892761e-01 2.452171429467853159e-06
1.644924865104258060e-03 5.393517017364501953e-01 1.798122674226760864e-01 2.791911065578460693e-01
9.980918169021606445e-01 2.769293701021524612e-07 1.410312834195792675e-03 4.975778865627944469e-04
5.953606531383659473e-12 1.000000000000000000e+00 8.147687524662217129e-10 5.008004011486377749e-10
4.335034020641614916e-07 9.999985694885253906e-01 4.956543619982767268e-08 8.577191010772367008e-07
9.275533556938171387e-01 1.651630441301676910e-06 7.244043052196502686e-02 4.587672265188302845e-06
1.711977711238432676e-05 2.614543026524529523e-09 4.513477147582989346e-09 9.999828338623046875e-01
3.831987380981445312e-01 9.732065349817276001e-02 4.869437813758850098e-01 3.253682702779769897e-02
