7.685249205678701401e-03 5.145227909088134766e-01 1.869034953415393829e-02 4.591016769409179688e-01
2.118106294801691547e-06 9.999979138374328613e-01 6.654875625176567833e-14 1.519085898737948526e-11
2.183145261369645596e-05 8.166614051674514485e-10 9.999779462814331055e-01 1.756014285092533100e-07
5.428579077124595642e-02 1.623996270794236807e-09 9.457141757011413574e-01 7.366948295839392813e-08
1.200598671857733279e-05 9.100706083700060844e-04 8.845926262438297272e-03 9.902319908142089844e-01
2.744474869587065768e-09 9.983146190643310547e-01 1.483221887610852718e-03 2.022144035436213017e-04
9.995563626289367676e-01 1.691969555395189673e-05 4.266340110916644335e-04 8.127538819735491415e-08
5.190745014260755852e-06 5.849433364346623421e-06 3.187343444732704256e-11 9.999889731407165527e-01
9.999963641166687012e-01 3.470130195637466386e-06 1.134732663388149376e-08 1.801055873329460155e-07
8.777108788490295410e-02 4.251949489116668701e-01 6.109399208753529820e-08 4.870339035987854004e-01
1.365796476602554321e-01 7.664909958839416504e-01 5.730028497055172920e-04 9.635627269744873047e-02
2.457053400576114655e-03 9.928650259971618652e-01 6.542521441588178277e-05 4.612419754266738892e-03
