4.832180275116115808e-05 4.018925875425338745e-02 9.476909041404724121e-01 1.207153405994176865e-02
1.026435755193233490e-03 1.547251828014850616e-02 1.361032389104366302e-02 9.698907136917114258e-01
2.249571362522573281e-10 9.999977350234985352e-01 4.525437750230176803e-12 2.265605871798470616e-06
1.977476316028514702e-08 1.380591818644916202e-08 1.097467538784258068e-04 9.998902082443237305e-01
4.738546222071704506e-10 4.394503193907439709e-04 9.995593428611755371e-01 1.158160671366204042e-06
9.265007972717285156e-01 5.138907908985856920e-06 7.349339127540588379e-02 7.068876470839313697e-07
1.450049663676011846e-10 1.957365647342612647e-08 1.000000000000000000e+00 1.248819936350287207e-10
1.456281317757657234e-08 4.638452529907226562e-01 7.079869392327964306e-04 5.354467630386352539e-01
3.693070902954787016e-05 9.918070435523986816e-01 5.941481262539127783e-08 8.155895397067070007e-03
2.224428757510721333e-12 1.696811636510420218e-14 2.397530416385629248e-13 1.000000000000000000e+00
2.169630874959693756e-07 2.771939039230346680e-01 6.921491120010614395e-03 7.158844470977783203e-01
2.553276950493454933e-03 8.713934421539306641e-01 1.257302612066268921e-01 3.230286529287695885e-04
