3.368805885292647240e-12 2.827395130901907278e-14 1.000000000000000000e+00 7.433944126944425079e-09
9.768347144126892090e-01 2.961561782285571098e-03 2.020210772752761841e-02 1.663343937252648175e-06
6.139982142485678196e-04 9.993560910224914551e-01 2.210812999692279845e-05 7.820229257049504668e-06
5.445164442062377930e-01 4.291840127734758426e-07 1.143120025517418981e-04 4.553687870502471924e-01
1.008451264351606369e-02 3.764548003673553467e-01 6.134605407714843750e-01 1.975466119574775803e-07
4.299657158091108045e-11 1.000000000000000000e+00 1.229714843408585834e-13 7.481540885943827046e-13
1.228833134518936276e-04 5.653622210957109928e-04 5.609108200133050559e-08 9.993117451667785645e-01
1.183201592258598112e-10 7.281688585436540961e-09 1.000000000000000000e+00 7.298605621784692854e-13
9.842070341110229492e-01 1.784639782272279263e-03 1.558511009136509529e-08 1.400842051953077316e-02
3.520002511692155167e-09 2.380058290852953267e-16 1.000000000000000000e+00 9.757672003729567223e-09
2.681152722061597160e-08 6.800262053729966283e-05 9.998852014541625977e-01 4.677891774917952716e-05
2.909729575339969898e-11 3.939824551343917847e-02 9.603790640830993652e-01 2.227150980615988374e-04
