3.034121822565793991e-03 9.969657063484191895e-01 2.290028646712016780e-07 1.138246163989720117e-09
9.280780760871285007e-14 6.957119467188022099e-07 9.999989867210388184e-01 2.962606515666266205e-07
1.494219244863037588e-12 9.999938607215881348e-01 6.097011009842390195e-06 4.099037553828566161e-08
5.654821991920471191e-01 3.132233242306853294e-13 2.104859650135040283e-01 2.240318506956100464e-01
1.030950845526401594e-11 1.642168291709448103e-15 7.229894634364075756e-12 1.000000000000000000e+00
3.631751751527190208e-03 3.354722749593364028e-11 9.963682293891906738e-01 2.963399969857505312e-09
2.073060488328337669e-03 9.760543704032897949e-01 2.120711840689182281e-02 6.654538447037339211e-04
9.806566834449768066e-01 2.118236807291395962e-05 2.201327634716518378e-13 1.932209543883800507e-02
4.738724976778030396e-02 5.610561402136227116e-06 9.519908428192138672e-01 6.163263460621237755e-04
2.859990927390754223e-04 9.996310472488403320e-01 8.157874253811314702e-05 1.342693394690286368e-06
1.843705959618091583e-02 6.261811405420303345e-02 7.127228975296020508e-01 2.062219083309173584e-01
4.287213683128356934e-01 5.554840564727783203e-01 6.692269234918057919e-04 1.512536220252513885e-02
