1.171546173281967640e-03 1.346349108644062653e-06 1.671461689056741307e-07 9.988269805908203125e-01
1.644487213070533471e-07 9.999952912330627441e-01 2.862611552245653002e-07 4.372826424514641985e-06
2.059057493397631333e-07 6.422792964144719008e-09 9.999942779541015625e-01 5.467116352519951761e-06
9.999524950981140137e-01 6.290516125773137901e-07 4.557186912279576063e-05 1.282363086829718668e-06
2.209096681326627731e-03 6.613925695419311523e-01 3.312440216541290283e-01 5.154325161129236221e-03
9.523927202437221240e-10 5.701655987650156021e-03 9.093241095542907715e-01 8.497426658868789673e-02
6.941322237253189087e-02 2.432172186672687531e-02 9.039871692657470703e-01 2.277882304042577744e-03
6.885308623313903809e-01 1.077030797880240698e-09 3.103962540626525879e-01 1.072924700565636158e-03
1.958909479071735404e-08 1.576106910761154722e-06 2.282589906826615334e-03 9.977158308029174805e-01
9.766078591346740723e-01 2.008732735703233629e-07 2.339197322726249695e-02 3.017616823086655131e-09
3.586231969165964983e-07 6.651947478530928493e-05 2.353202788185626559e-08 9.999330639839172363e-01
1.402022987604141235e-01 1.940071284770965576e-01 6.506455540657043457e-01 1.514500752091407776e-02
