5.772103008894191589e-07 1.421113893229630776e-06 1.467991769313812256e-01 8.531988263130187988e-01
5.809016874991357327e-04 1.711575459921732545e-04 9.992375373840332031e-01 1.041646828525699675e-05
2.409223234280943871e-04 7.256106187014665920e-07 9.994114041328430176e-01 3.469520888756960630e-04
5.472304183058440685e-04 6.164524002372218092e-09 9.994435310363769531e-01 9.267607310903258622e-06
1.526610702276229858e-01 6.309723258018493652e-01 8.249289251693880942e-09 2.163666039705276489e-01
4.700064266671688529e-07 8.366129837511504519e-12 9.999995231628417969e-01 2.617659144998896181e-10
1.769196074363765803e-11 2.724681798135482683e-15 1.000000000000000000e+00 1.718899328428946660e-11
3.966263466281816363e-05 3.918794959645310882e-07 9.999598264694213867e-01 1.065946761968916690e-07
9.902589321136474609e-01 1.287695550189482674e-08 9.740953333675861359e-03 1.165238572298221698e-07
3.659349679946899414e-02 3.571761250495910645e-01 1.342841237783432007e-01 4.719463288784027100e-01
1.074111321941018105e-03 8.299312591552734375e-01 9.918870404362678528e-03 1.590757668018341064e-01
9.923346042633056641e-01 2.765614626198953374e-09 7.633121684193611145e-03 3.228249261155724525e-05
