9.999998807907104492e-01 1.507980372517092604e-11 7.067938412319563213e-08 1.374087621464070708e-09
7.095707058906555176e-01 9.705205528121041425e-10 2.901645898818969727e-01 2.646864741109311581e-04
8.675502538681030273e-01 1.322805434465408325e-01 1.535184419481083751e-04 1.562586112413555384e-05
6.971626877784729004e-01 1.746458411216735840e-01 1.267991214990615845e-01 1.392335630953311920e-03
9.998850822448730469e-01 1.845518599052908826e-10 1.145460773841477931e-04 3.442640661432960769e-07
9.999620318412780762e-01 3.526436557876877487e-05 1.813906465031323023e-07 2.471637117196223699e-06
4.671192727982997894e-03 3.510012334118073341e-07 8.725233868744908250e-08 9.953283667564392090e-01
2.549506723880767822e-01 8.094055374385789037e-05 5.431801546365022659e-04 7.444251775741577148e-01
9.951037168502807617e-01 4.542469469015486538e-06 1.365019488730467856e-05 4.878077656030654907e-03
9.886124134063720703e-01 1.102065388113260269e-02 3.627758123911917210e-04 4.111135240236762911e-06
9.999997615814208984e-01 1.277786854103624137e-08 3.165274709004961551e-09 2.318796390454735956e-07
9.824407696723937988e-01 1.319988598424970405e-07 1.751882210373878479e-02 4.031335993204265833e-05
