9.999958276748657227e-01 4.314937314120470546e-07 1.191223617524883593e-07 3.610673275034059770e-06
1.719621650408953428e-05 1.616862788796424866e-02 7.115529850125312805e-03 9.766986370086669922e-01
1.258969678019639105e-05 2.485377770256036456e-08 4.574466496706008911e-02 9.542427659034729004e-01
6.187841296195983887e-03 1.432649232447147369e-02 5.651847095577977598e-05 9.794291257858276367e-01
1.032663538014233495e-10 1.000000000000000000e+00 7.396234232709408829e-13 2.013138100664946251e-08
1.372512313537299633e-03 2.155926264822483063e-02 1.003701332956552505e-02 9.670312404632568359e-01
5.696108862363047365e-11 1.465728161065271706e-07 9.999998807907104492e-01 7.293575465805446356e-11
3.417006693780422211e-03 6.607333034480689093e-06 9.891572594642639160e-01 7.419133558869361877e-03
1.123822590542999933e-09 9.918544888496398926e-01 5.410804878920316696e-03 2.734703710302710533e-03
5.097956279342952257e-09 5.212329179382635402e-11 3.722271102457597181e-11 1.000000000000000000e+00
8.506968462995700975e-09 9.998875260353088379e-01 1.122265603044070303e-04 2.396542413407587446e-07
1.241559349000453949e-02 9.875329136848449707e-01 6.360343007827395923e-08 5.136075924383476377e-05
