6.941167116165161133e-01 1.418014168739318848e-01 5.146313086152076721e-02 1.126187667250633240e-01
3.867052122950553894e-02 5.324733210727572441e-04 1.007340382784605026e-02 9.507235884666442871e-01
8.732784986495971680e-01 2.790568978525698185e-04 1.256148368120193481e-01 8.276352891698479652e-04
1.132552298471756203e-11 2.287606735984493156e-11 2.577695035199667473e-08 1.000000000000000000e+00
7.794846296310424805e-01 3.659636527299880981e-02 1.839080452919006348e-01 1.098535540222655982e-05
4.399730642035137862e-07 1.842427082010544837e-05 2.704770676791667938e-02 9.729334115982055664e-01
5.375803112983703613e-01 3.957611918449401855e-01 1.232531503774225712e-04 6.653529405593872070e-02
8.522893767803907394e-04 5.051103234291076660e-02 6.791071791667491198e-05 9.485687613487243652e-01
8.435775689097368968e-11 9.999979734420776367e-01 2.581553677424852644e-12 2.050730245173326693e-06
8.721857680527023149e-10 5.971304722386661101e-13 1.000000000000000000e+00 4.582040857847857751e-10
7.767744660377502441e-01 2.068430781364440918e-01 1.294935003670616425e-08 1.638250984251499176e-02
1.667399800453495118e-07 9.999997615814208984e-01 8.029970643974593258e-08 4.705988043696152090e-09
