7.106459179340163246e-06 2.492311296009575017e-06 9.999902844429016113e-01 1.400157429998216685e-07
1.027021184563636780e-01 4.535398259758949280e-02 8.508986234664916992e-01 1.045313430950045586e-03
2.825744749301861702e-09 6.833986935378399963e-12 9.977720379829406738e-01 2.227892633527517319e-03
1.656026020646095276e-02 9.783051452272317761e-11 9.834377765655517578e-01 2.071077460641390644e-06
9.487115740776062012e-01 1.624629087746143341e-02 1.005572101281382302e-11 3.504214808344841003e-02
3.267104364823580909e-09 8.584540296396880876e-07 9.999988675117492676e-01 2.691051292913471116e-07
3.919297775212271517e-09 6.774038795176462457e-13 1.000000000000000000e+00 2.390543596408889471e-10
1.340580731630325317e-01 4.153256785797282413e-13 8.659419417381286621e-01 1.076143861522549372e-11
5.906470417976379395e-01 6.074328151584040825e-09 3.134504556655883789e-01 9.590249508619308472e-02
9.989426732063293457e-01 1.056525274179875851e-03 1.022207030132449290e-08 8.226458021454163827e-07
4.913325483357766643e-06 6.977684497833251953e-01 3.381880465894937515e-03 2.988448143005371094e-01
8.122764527797698975e-02 1.444855239242315292e-03 4.978352080797776580e-06 9.173225164413452148e-01
