1.430619210004806519e-01 7.930667400360107422e-01 6.386297196149826050e-02 8.317595529661048204e-06
6.839093565940856934e-01 2.948954105377197266e-01 6.104767671786248684e-04 2.058473415672779083e-02
5.839350819587707520e-02 6.280649453401565552e-02 8.786566853523254395e-01 1.433808647561818361e-04
9.995708465576171875e-01 2.276153463753871620e-05 3.796409000642597675e-04 2.670282810868229717e-05
5.556088228386713013e-11 8.613062091171741486e-04 9.751795204682167650e-11 9.991386532783508301e-01
3.414612993399290808e-12 1.412670247447067595e-08 2.081190905375840394e-12 1.000000000000000000e+00
3.479521026861220889e-08 7.020501925580902025e-06 5.782911321148276329e-04 9.994146227836608887e-01
6.120398410303096171e-09 2.952169440686702728e-02 9.543437361717224121e-01 1.613453030586242676e-02
8.908217723592806725e-14 1.000000000000000000e+00 5.376539515114303266e-15 5.302595168510393364e-12
8.426576982856204268e-07 2.652381092538291796e-10 4.646527231670916080e-04 9.995345473289489746e-01
2.631319606649640264e-09 1.417491817846894264e-03 9.985793828964233398e-01 3.105135192527086474e-06
8.725468814373016357e-02 2.146607935428619385e-01 1.675119528954382986e-05 6.980677843093872070e-01
