4.490975697990506887e-07 1.237632532138377428e-04 9.998758435249328613e-01 1.120892489936409220e-09
6.689391285181045532e-02 9.330185055732727051e-01 5.014679782533448815e-10 8.761461504036560655e-05
9.409776926040649414e-01 7.888348773121833801e-05 5.894333124160766602e-02 4.351705840122122027e-08
1.061878938344307244e-04 1.728726178407669067e-01 8.264446854591369629e-01 5.765443784184753895e-04
1.234161845786729828e-05 7.090233793860534206e-06 9.969264864921569824e-01 3.054126864299178123e-03
7.725068717263638973e-04 7.632943391799926758e-01 2.357269227504730225e-01 2.062329003820195794e-04
5.185404326766729355e-03 9.173732995986938477e-01 6.090945377945899963e-02 1.653189584612846375e-02
3.442644327878952026e-02 9.653409719467163086e-01 2.288404721184633672e-05 2.097403339575976133e-04
9.294358460465446115e-05 9.080239893322072930e-10 9.999060034751892090e-01 1.058805082720937207e-06
3.236768577608017949e-07 1.179132450488395989e-04 9.998817443847656250e-01 2.797540332721837331e-08
9.944891929626464844e-01 1.042178254806458426e-07 5.469229537993669510e-03 4.142474426771514118e-05
9.910053014755249023e-01 3.212486626580357552e-03 5.782220978289842606e-03 1.035887153832959484e-09
