8.597717285156250000e-01 1.163029391318559647e-02 1.126479133963584900e-01 1.595000922679901123e-02
1.777425069349192199e-07 1.332737156189978123e-05 1.071462363277930763e-12 9.999864697456359863e-01
8.235754370689392090e-01 1.548459976911544800e-01 1.540378775644057896e-06 2.157698944211006165e-02
3.541871672496199608e-03 4.227561412051272782e-09 9.964581131935119629e-01 3.976345348908477684e-13
3.504401147365570068e-01 6.495551466941833496e-01 4.746989816339919344e-06 1.857926812398602578e-09
4.292539101946601932e-10 9.999362230300903320e-01 6.375161319738253951e-05 9.721681237806478748e-10
3.340005383378752413e-09 4.397436441649915650e-07 9.999995827674865723e-01 2.581015223768190481e-08
4.913502380077261478e-06 4.522919283544979407e-08 9.999950528144836426e-01 9.298096514953613223e-09
2.073157361337507609e-07 3.083222691202536225e-05 9.823139309883117676e-01 1.765503175556659698e-02
1.804608268374252589e-10 4.161047637462615967e-01 2.453818619251251221e-01 3.385133743286132812e-01
5.290172249078750610e-02 1.333504400236051879e-07 9.470981359481811523e-01 2.656927566846434274e-09
2.829430401325225830e-01 1.075469224787184430e-08 2.450624015182256699e-05 7.170323729515075684e-01
