4.235402122139930725e-02 8.668863177299499512e-01 9.073232859373092651e-02 2.726047750911675394e-05
3.679443849250674248e-03 1.115973718697205186e-04 1.668073650762380566e-06 9.962072968482971191e-01
7.789811934344470501e-05 1.908172919803594048e-13 3.446431372710820340e-15 9.999220967292785645e-01
9.998320341110229492e-01 1.568724883327377029e-07 6.815652682234940585e-07 1.671649661147966981e-04
3.930384293198585510e-03 2.587107883300632238e-04 9.952260851860046387e-01 5.848439177498221397e-04
8.864777782946475782e-07 3.976739346981048584e-01 1.515216659754514694e-03 6.008099913597106934e-01
9.783630371093750000e-01 7.670175546081736684e-05 2.153498306870460510e-02 2.524124283809214830e-05
1.907806470990180969e-02 1.682635210454463959e-02 9.640955924987792969e-01 1.919689074370012349e-09
1.724067551549524069e-04 2.106276154518127441e-02 2.019094681600108743e-04 9.785628914833068848e-01
9.999946355819702148e-01 8.954164666674646611e-12 3.718206569459231448e-13 5.343972588889300823e-06
1.735197585617243021e-08 9.999973773956298828e-01 3.827700378877807452e-10 2.640707407408626750e-06
8.682070183567702770e-04 5.438864231109619141e-01 2.843310870230197906e-02 4.268123209476470947e-01
