9.999983310699462891e-01 1.104633611248573288e-06 2.965061973725369171e-08 5.422950835054507479e-07
2.541230060160160065e-06 9.998558759689331055e-01 1.711879849608521909e-05 1.245490420842543244e-04
2.055390551686286926e-02 2.416933421045541763e-05 9.794051647186279297e-01 1.674699524301104248e-05
2.613695414765970781e-06 9.938039511325769126e-06 9.999589323997497559e-01 2.851689532690215856e-05
7.505351305007934570e-02 1.039051101543009281e-03 9.238584041595458984e-01 4.891718708677217364e-05
4.544017370790243149e-03 4.933965392410755157e-04 9.830984473228454590e-01 1.186409406363964081e-02
1.242033031303435564e-04 1.130701150486856932e-07 9.998756647109985352e-01 7.028889189436560159e-12
9.389300346374511719e-01 3.800772503018379211e-02 3.257674165070056915e-03 1.980461366474628448e-02
1.703240049000243062e-10 1.538133714348077774e-03 5.791372381658277391e-10 9.984619021415710449e-01
9.999998211860656738e-01 1.735944547831547169e-11 9.851237603442086765e-10 1.618439995354492567e-07
1.903418749570846558e-01 1.468593487516045570e-03 7.074598222970962524e-03 8.011149168014526367e-01
4.746994934976100922e-03 3.721046028658747673e-03 9.915317296981811523e-01 2.278723485460432130e-07
