6.715340614318847656e-01 6.446779519319534302e-02 1.897324472665786743e-01 7.426569610834121704e-02
1.913277953863143921e-01 4.615451616700738668e-04 8.049014806747436523e-01 3.309161402285099030e-03
1.125177592039108276e-01 8.375383019447326660e-01 3.567511215806007385e-02 1.426887512207031250e-02
9.174402356147766113e-01 3.169058263301849365e-02 5.691359750926494598e-03 4.517779499292373657e-02
1.755302747596942936e-08 9.999985098838806152e-01 1.517282385066209827e-06 1.385453418656368285e-09
2.691911227259424777e-08 1.545627292820483945e-09 1.000000000000000000e+00 5.872301950260450099e-11
6.418619751930236816e-01 3.194880662249488523e-07 3.581376373767852783e-01 5.567380778614960946e-09
4.727422966976924101e-11 1.493246498673883593e-11 2.510107854902798863e-08 1.000000000000000000e+00
1.543257683515548706e-01 8.456664681434631348e-01 1.026333773523901982e-08 7.768406248942483217e-06
7.289979464530915720e-08 3.651244640350341797e-01 6.340227127075195312e-01 8.527293102815747261e-04
6.875162124633789062e-01 1.495323087574718102e-09 3.124497532844543457e-01 3.408774500712752342e-05
9.010937646962702274e-04 9.937253780663013458e-04 5.558933615684509277e-01 4.422118365764617920e-01
