2.584070513123037927e-09 6.985217332839965820e-03 1.041791052557528019e-03 9.919729828834533691e-01
1.642577553866431117e-04 3.769121468067169189e-01 5.797269344329833984e-01 4.319674149155616760e-02
7.142413854598999023e-01 2.259505987167358398e-01 2.569438947830349207e-04 5.955099686980247498e-02
6.824519914516713470e-06 9.998955726623535156e-01 5.935185254202224314e-05 3.826917600235901773e-05
8.155897148753865622e-07 3.040446972590871155e-05 9.999622702598571777e-01 6.509359536721603945e-06
1.975061459233984351e-04 4.239565168973058462e-04 9.993785619735717773e-01 1.355340978337338242e-10
3.203363157808780670e-03 1.786733810149598867e-05 2.891348138689409097e-08 9.967787265777587891e-01
3.530108602717518806e-03 6.287019252777099609e-01 2.816706837620586157e-04 3.674863278865814209e-01
3.907038148548815440e-15 1.000000000000000000e+00 2.670150342151678124e-13 8.105482431075561323e-13
1.090550995286321267e-05 1.861997460785112107e-14 9.999890327453613281e-01 6.815729136633308372e-08
9.759910702705383301e-01 2.089467349142282160e-10 2.733344445005059242e-03 2.127560786902904510e-02
4.948439542204141617e-03 6.961120107007445768e-06 1.272229383175726980e-05 9.950318932533264160e-01
