7.037742733955383301e-01 7.091016508638858795e-03 2.814269661903381348e-01 7.707641460001468658e-03
2.436533011496067047e-02 4.648677073419094086e-03 1.432725694030523300e-03 9.695532917976379395e-01
1.560882623152792803e-07 9.776306748390197754e-01 4.802328490427498764e-08 2.236906811594963074e-02
5.296616000123322010e-04 9.846675395965576172e-01 1.479959487915039062e-02 3.209244596291682683e-06
4.794991475860652742e-18 2.805812053779509901e-14 1.000000000000000000e+00 1.287235156790730861e-13
5.666080713272094727e-01 3.023338271304965019e-03 4.303685724735260010e-01 3.790785046975386763e-11
1.465461309635429643e-06 1.978590233875365811e-07 7.103440557119922172e-13 9.999983310699462891e-01
2.489752881228923798e-02 1.035107125062495470e-04 2.355123882580301142e-07 9.749987125396728516e-01
2.769260081664226547e-12 1.000000000000000000e+00 2.276537790744936895e-13 1.963613299738042883e-12
2.654334064573049545e-03 1.528561027752672885e-10 9.973425269126892090e-01 3.155355898343259469e-06
9.950184822082519531e-01 1.094391845981590450e-04 3.915543516086472664e-07 4.871758632361888885e-03
2.724240906536579132e-02 8.372887969017028809e-04 8.636307716369628906e-01 1.082894802093505859e-01
