2.479122951626777649e-03 6.867331266403198242e-02 9.288275837898254395e-01 1.998167317651677877e-05
7.374166250228881836e-01 4.290517419576644897e-02 1.733975223032757640e-04 2.195048034191131592e-01
3.878609433627389080e-08 2.346526598557829857e-04 1.034717410802841187e-01 8.962935805320739746e-01
4.625666072399781115e-09 9.951776862144470215e-01 1.189678096125135198e-05 4.810429643839597702e-03
3.292566077561787097e-07 3.452174368590021913e-08 1.342206075787544250e-02 9.865775704383850098e-01
8.444450827482796740e-07 1.953760534524917603e-02 9.186249971389770508e-01 6.183655932545661926e-02
9.772713838174240664e-07 9.680061340332031250e-01 8.229827699324232526e-07 3.199205547571182251e-02
8.334819722222164273e-05 2.120083954650908709e-04 6.514434935525059700e-04 9.990531802177429199e-01
5.185699410503730178e-05 9.991995692253112793e-01 1.998022192140069819e-09 7.485582027584314346e-04
2.556735934078346872e-09 1.725186393741751090e-06 9.751781362865585834e-06 9.999884963035583496e-01
3.256786158090108074e-06 7.543082833290100098e-01 5.197791615501046181e-04 2.451687008142471313e-01
6.019481020302919205e-07 9.999993443489074707e-01 6.135391750206053985e-09 7.061137097252867534e-08
