6.847329204902052879e-04 1.199055276811122894e-02 2.466241767251631245e-06 9.873222708702087402e-01
3.007593937218189240e-02 1.340452581644058228e-01 8.070331811904907227e-01 2.884560264647006989e-02
6.911581973412239677e-09 1.444962194341314898e-08 9.999966621398925781e-01 3.348240170453209430e-06
9.985520243644714355e-01 8.487617151331505738e-07 2.174412838940043002e-05 1.425428898073732853e-03
6.882796287536621094e-01 1.319341454654932022e-02 9.352054446935653687e-03 2.891748547554016113e-01
2.394486000412143767e-05 6.318106055259704590e-01 9.212814271450042725e-02 2.760372757911682129e-01
9.999945759773254395e-01 5.406820037023862824e-06 5.819563581033193600e-11 2.202072302281976590e-08
2.572900484665296972e-06 9.185801744461059570e-01 6.673222530118039231e-10 8.141724020242691040e-02
4.016287996622125434e-11 1.000000000000000000e+00 3.528672465336057940e-08 2.258581793812552974e-10
7.472210563719272614e-05 9.604771733283996582e-01 3.673530742526054382e-02 2.712836721912026405e-03
9.576631188392639160e-01 5.484996829181909561e-03 3.675808012485504150e-02 9.387322643306106329e-05
2.366100737560827838e-08 6.077921499425542606e-11 1.227624668587168344e-09 1.000000000000000000e+00
