8.234285814978647977e-06 7.584015193629056739e-09 3.211576640605926514e-01 6.788340806961059570e-01
8.599447086453437805e-03 9.632810950279235840e-03 3.880805568769574165e-03 9.778869152069091797e-01
2.839428605511784554e-03 1.194598502479493618e-03 6.845782995223999023e-01 3.113876283168792725e-01
2.575473114848136902e-02 4.268258344382047653e-04 4.677856341004371643e-02 9.270398616790771484e-01
2.239733748137950897e-02 6.521688966643068852e-09 9.776026606559753418e-01 3.225946176854677105e-09
4.329909011016590422e-17 3.185643269020140521e-17 6.762838767564912095e-17 1.000000000000000000e+00
2.303013950586318970e-02 9.769698381423950195e-01 1.374989358482459068e-11 2.164324830467023730e-10
5.153790241796407656e-11 3.164365742092806189e-13 1.000000000000000000e+00 9.844762402207510310e-15
2.360520284128142521e-06 9.914516210556030273e-01 7.631730753928422928e-03 9.142751805484294891e-04
1.252528480932824095e-08 1.389835468934563778e-09 9.999996423721313477e-01 3.433908943861752050e-07
5.648396611213684082e-01 9.848587214946746826e-02 3.365370631217956543e-01 1.373935519950464368e-04
6.825079321861267090e-01 3.174148797988891602e-01 7.718430424574762583e-05 7.577740035458191414e-08
