2.376156382766225761e-09 9.914402961730957031e-01 5.311188711054626310e-10 8.559694513678550720e-03
8.209319710731506348e-01 5.540543934330344200e-04 9.246975928544998169e-02 8.604418486356735229e-02
6.429089012272015680e-07 5.944748520851135254e-01 4.052675962448120117e-01 2.569395292084664106e-04
9.999688267707824707e-01 3.793036057686549611e-06 2.693215719773434103e-05 4.311937118472997099e-07
7.348071085289120674e-05 1.866062859789963113e-07 9.999263286590576172e-01 5.985363760174777781e-09
7.682741198777875979e-08 9.996535181999206543e-01 3.276001953054219484e-04 1.882161632238421589e-05
1.372952974634245038e-04 9.997559785842895508e-01 9.544159547658637166e-05 1.131972749135456979e-05
9.587090462446212769e-02 2.092123759211972356e-05 1.727886992739513516e-04 9.039354324340820312e-01
3.078277131862705573e-06 7.894732334534637630e-07 9.999961256980895996e-01 5.840043115767912241e-09
2.788208723068237305e-01 9.871705621480941772e-02 4.953848123550415039e-01 1.270772665739059448e-01
9.969493746757507324e-01 3.240374191193495790e-09 5.034763671574182808e-05 3.000297583639621735e-03
3.980060682806652039e-06 5.551307822315720841e-07 9.999954104423522949e-01 1.343210840332176303e-07
