1.099180895835161209e-03 9.172832965850830078e-02 4.464036464923992753e-05 9.071278572082519531e-01
1.314154427639602218e-11 1.000000000000000000e+00 1.857699107390975435e-12 1.057192666742423626e-10
3.193808026935585076e-07 3.848819485341437030e-09 7.379065937129780650e-05 9.999258518218994141e-01
1.087595613569192210e-08 9.957005977630615234e-01 4.202919546514749527e-03 9.647520346334204078e-05
6.044371519237756729e-03 1.511549089627806097e-05 7.196084284011305954e-10 9.939405322074890137e-01
4.601256478053983301e-07 3.699285164475440979e-02 9.629999399185180664e-01 6.698786819470115006e-06
2.644394407980144024e-04 9.993152618408203125e-01 4.174748610239475965e-04 2.873233370337402448e-06
9.975985288619995117e-01 5.859962470822210889e-08 7.584272619653997793e-12 2.401395468041300774e-03
9.866310358047485352e-01 6.904670044605154544e-06 1.335378922522068024e-02 8.193385838239919394e-06
6.000960469245910645e-01 3.995665609836578369e-01 3.017775015905499458e-04 3.554039722075685859e-05
4.744054593608382220e-10 1.000000000000000000e+00 1.965761420308353991e-08 7.696747128527192672e-10
1.864686608314514160e-01 3.584042360671446659e-07 1.489179790951311588e-03 8.120418190956115723e-01
