1.317864842712879181e-02 9.800744652748107910e-01 6.737633608281612396e-03 9.318673619418404996e-06
5.275858256936771795e-06 9.999941587448120117e-01 1.367567725729657013e-10 5.537542620004387572e-07
1.431883573532104492e-01 1.647467724978923798e-02 9.561947546899318695e-03 8.307750225067138672e-01
5.599179800364062487e-11 1.707065706568755559e-07 9.999970793724060059e-01 2.680609213712159544e-06
1.117611973313614726e-04 3.294640649187385861e-08 9.998869895935058594e-01 1.178339971374953166e-06
9.999952316284179688e-01 4.780456038133706897e-06 2.931252809923456937e-11 5.920083000210407675e-12
1.585705019533634186e-02 4.014051955891773105e-05 9.630836844444274902e-01 2.101899869740009308e-02
8.288756012916564941e-02 2.089368924498558044e-02 8.961991667747497559e-01 1.956538289960008115e-05
9.933697581291198730e-01 1.397457323037087917e-03 1.549237822473514825e-07 5.232679191976785660e-03
9.231863617897033691e-01 3.674005881748598767e-07 7.678382098674774170e-02 2.945861160696949810e-05
1.232867129147052765e-03 4.585370479617267847e-04 9.982025027275085449e-01 1.060725480783730745e-04
1.168317521660355851e-05 9.999815821647644043e-01 6.703613053105073050e-06 4.355999294602952432e-08
