4.506126940250396729e-01 8.901661261916160583e-03 4.080461859703063965e-01 1.324393898248672485e-01
6.397238466888666153e-04 4.418131709098815918e-01 4.887053370475769043e-01 6.884185224771499634e-02
8.384208083152770996e-01 1.195188909769058228e-01 1.277318503707647324e-02 2.928721159696578979e-02
6.772566121071577072e-05 1.586880981922149658e-01 8.412097692489624023e-01 3.437936538830399513e-05
3.453565796007751487e-06 1.285603037104010582e-03 8.515367507934570312e-01 1.471741646528244019e-01
9.999714493751525879e-01 1.099460291698051151e-07 8.379633875676972821e-09 2.840771958290133625e-05
8.231498149768867734e-09 1.816442090785130858e-04 2.306109963683411479e-04 9.995877146720886230e-01
1.345667551504448056e-04 1.319097937084734440e-04 9.997311830520629883e-01 2.368894456594716758e-06
2.575512416660785675e-02 8.806082606315612793e-01 4.257736727595329285e-03 8.937889337539672852e-02
9.784644246101379395e-01 9.635523383622057736e-07 2.729080605945455318e-08 2.153453789651393890e-02
6.717995688632072415e-07 9.999986290931701660e-01 4.334660186344763133e-09 6.928968332431395538e-07
2.094688034137703880e-10 4.300981615301679994e-08 9.999439120292663574e-01 5.601150041911751032e-05
