9.992484450340270996e-01 7.010553417785558850e-06 7.444251095876097679e-04 8.035289766894493368e-08
1.366497508570319042e-05 3.585166856646537781e-02 2.066355373244732618e-04 9.639279842376708984e-01
9.648323059082031250e-03 8.894269466400146484e-01 1.004891842603683472e-01 4.355160926934331656e-04
3.605511486530303955e-01 6.231039762496948242e-01 2.222905168309807777e-03 1.412192359566688538e-02
2.696073949337005615e-01 3.694280283525586128e-03 7.266788482666015625e-01 1.948672615981195122e-05
1.169939423117938304e-10 9.995236396789550781e-01 4.762308963108807802e-04 8.716056498769830796e-08
9.999607801437377930e-01 3.523388659232296050e-05 3.733210405698628165e-06 2.499949118828226347e-07
7.188432391558308154e-06 6.307233491043007234e-08 9.999576807022094727e-01 3.508828012854792178e-05
4.236335371388122439e-07 1.052896725013852119e-03 9.989467263221740723e-01 2.000980908745120246e-10
3.828676789999008179e-02 9.616658091545104980e-01 1.066791988080240117e-08 4.745186379295773804e-05
9.202679939335212111e-05 2.113680784532334656e-05 9.998859167098999023e-01 9.323164249508408830e-07
3.585659898817539215e-03 7.083683460950851440e-02 1.254403218626976013e-02 9.130334854125976562e-01
