8.714380860328674316e-02 1.893922672024928033e-05 9.128347635269165039e-01 2.447349288559053093e-06
3.121434222208563369e-10 1.000000000000000000e+00 4.018805416488441251e-13 1.223727230659221732e-09
9.894096851348876953e-02 4.167159062262726366e-08 9.010590314865112305e-01 7.311279137667270334e-09
4.626884590834379196e-03 7.041336596012115479e-02 9.249264597892761230e-01 3.330957406433299184e-05
8.462482094764709473e-01 9.284688218258452252e-08 1.535769999027252197e-01 1.747420465108007193e-04
7.211926504125179549e-16 3.576096671819056132e-17 1.618209038989348869e-12 1.000000000000000000e+00
8.452988862991333008e-01 1.541163772344589233e-01 1.394512219121679664e-05 5.707864183932542801e-04
1.329540501097384222e-16 9.690007947496932740e-17 1.000000000000000000e+00 2.202402553407901975e-15
3.657387495040893555e-01 1.461814343929290771e-01 3.511200193315744400e-04 4.877286255359649658e-01
9.746234281919896603e-04 6.935368180274963379e-01 3.031218945980072021e-01 2.366629894822835922e-03
5.478749275207519531e-01 1.167742811958305538e-05 2.523445291444659233e-03 4.495899975299835205e-01
9.128308296203613281e-01 2.970969580928795040e-05 8.712029457092285156e-02 1.915054781420622021e-05
