6.997903436422348022e-02 9.300122261047363281e-01 1.669092739575717133e-06 6.981819296925095841e-06
1.267624320462346077e-04 5.444203037768602371e-03 9.941300153732299805e-01 2.990728535223752260e-04
1.162086846306920052e-04 1.765789696946740150e-03 5.910866462954800227e-09 9.981179833412170410e-01
2.007948351092636585e-04 9.931777119636535645e-01 5.778293815650314968e-11 6.621514447033405304e-03
4.569980315864086151e-03 9.172357916831970215e-01 1.214032527059316635e-02 6.605394184589385986e-02
9.999998807907104492e-01 2.896579509581442835e-08 7.894072240333116497e-08 4.258733454776120197e-08
1.381340377470247332e-15 1.000000000000000000e+00 6.703738258950764362e-11 7.546976377170722117e-10
1.006252264672269359e-12 2.501614382310890505e-08 1.000000000000000000e+00 9.568259812936519282e-13
7.773727178573608398e-01 2.386860083788633347e-03 2.202403992414474487e-01 9.119618255004624530e-11
9.931799024343490601e-03 4.066011752001941204e-05 4.696955329563934356e-06 9.900228381156921387e-01
8.545950651168823242e-01 1.330849826335906982e-01 3.354386353748850524e-05 1.228642463684082031e-02
1.501427683979272842e-02 9.375470280647277832e-01 1.193375396724150050e-06 4.743736982345581055e-02
