3.911776735865402088e-10 9.999984502792358398e-01 1.556816982883901801e-06 5.345613396379178539e-10
8.286382555961608887e-01 9.775440958037506789e-06 1.146211943705566227e-04 1.712373495101928711e-01
4.216440974147417364e-09 3.047635573238949291e-06 9.999953508377075195e-01 1.605102170287864283e-06
9.999395012855529785e-01 6.039118306944146752e-05 5.580035633556690300e-08 1.585373915480303708e-10
9.673856496810913086e-01 1.451050868003789240e-12 3.260955587029457092e-02 4.777451522386400029e-06
2.407565480098128319e-04 7.238551461341558024e-06 8.900858163833618164e-01 1.096661686897277832e-01
8.887227522791363299e-06 9.999908804893493652e-01 2.106893646214302862e-07 2.142822097539465176e-08
7.330295443534851074e-01 7.822547852993011475e-02 1.226932860864948793e-10 1.887449473142623901e-01
6.538596935570240021e-04 5.471976399421691895e-01 1.694243699312210083e-01 2.827241420745849609e-01
2.541200046835001558e-06 9.999970793724060059e-01 1.544333372294204310e-07 1.721095230777791585e-07
5.297304014675319195e-04 1.798924724460970737e-12 8.616946339607238770e-01 1.377756446599960327e-01
1.112454570829868317e-02 9.858594536781311035e-01 6.290993769653141499e-05 2.953058341518044472e-03
