2.777758527372498065e-05 9.999721646308898926e-01 8.939752049741400697e-09 1.236867177567546605e-07
1.989145239349454641e-04 9.991182088851928711e-01 9.283860435971291736e-07 6.819138070568442345e-04
1.677192130837557027e-12 1.000000000000000000e+00 2.429844103701839231e-10 1.761359168157047416e-15
2.962592615673997898e-09 8.391008973121643066e-01 1.608908623456954956e-01 8.214229637815151364e-06
2.228650962933897972e-03 9.905326962471008301e-01 6.846607197076082230e-03 3.920948365703225136e-04
3.140195048434435421e-11 1.000000000000000000e+00 1.456252754830893864e-14 3.600937636179940560e-14
1.932825027051580697e-16 5.124764397847780839e-19 1.000000000000000000e+00 1.180787539515899386e-15
9.917453527450561523e-01 3.851434667012654245e-05 8.202318102121353149e-03 1.380383946525398642e-05
5.160767977940849960e-05 3.285695798695087433e-03 2.506596956663997844e-07 9.966624379158020020e-01
9.937908053398132324e-01 1.433033612556755543e-03 4.576961975544691086e-03 1.991868775803595781e-04
2.698675729334354401e-03 3.062280714511871338e-01 5.392100811004638672e-01 1.518632322549819946e-01
5.636276602745056152e-01 1.361569161417719442e-06 5.425621930044144392e-05 4.363167285919189453e-01
