1.191183691844344139e-03 1.559550464153289795e-01 9.944193065166473389e-03 8.329096436500549316e-01
8.405497074127197266e-01 9.932676702737808228e-02 2.776878140866756439e-02 3.235471621155738831e-02
5.179265826882328838e-06 9.448611892892699871e-10 6.706663002731261258e-11 9.999948143959045410e-01
1.206297427415847778e-02 5.489101167768239975e-04 6.703859156687030918e-08 9.873880743980407715e-01
9.112335443496704102e-01 1.255125273019075394e-02 7.544593513011932373e-02 7.693444495089352131e-04
1.877270638942718506e-01 1.255051349289715290e-03 1.076269242616945121e-07 8.110178112983703613e-01
3.497865408777500740e-12 1.000000000000000000e+00 2.039484670035562885e-08 9.240969767176920868e-09
3.393064718082428044e-09 6.126195512479171157e-05 9.999356269836425781e-01 3.127203171970904805e-06
4.210355655231978744e-06 6.096168014835257054e-10 9.874444007873535156e-01 1.255139894783496857e-02
2.398800849914550781e-01 1.018387702060863376e-04 6.219701766967773438e-01 1.380478143692016602e-01
3.549560290139197605e-08 9.999998807907104492e-01 5.578890593938012898e-08 1.694953066788684737e-10
5.115447947900975123e-06 9.977437853813171387e-01 2.251089317724108696e-03 4.241138551464018747e-09
