8.768221735954284668e-02 8.945838809013366699e-01 1.773376762866973877e-02 2.051314140771864913e-07
4.554639304599206184e-11 9.999833703041076660e-01 1.669012817728798836e-05 1.222988110782807780e-08
8.359638314914263901e-09 8.995484357399163855e-10 9.961440563201904297e-01 3.855959279462695122e-03
3.906652331352233887e-02 3.201311438161269507e-09 1.413469901308417320e-03 9.595199227333068848e-01
1.936093345284461975e-02 9.805907607078552246e-01 5.881047400180250406e-07 4.775898923981003463e-05
3.716565402100968640e-07 2.056817756965756416e-03 4.559086391964228824e-06 9.979382157325744629e-01
8.128054105327464640e-07 4.875928536057472229e-02 1.651625707745552063e-02 9.347236752510070801e-01
4.698968306183815002e-02 6.881908178329467773e-01 2.648195326328277588e-01 2.354806349913474151e-09
3.667406417662277818e-06 9.881118535995483398e-01 2.666405453055631369e-05 1.185776293277740479e-02
8.394175767898559570e-01 2.534364722669124603e-02 3.491067618597298861e-04 1.348896920680999756e-01
9.740758953559122690e-14 1.000000000000000000e+00 3.192284214748042359e-10 4.730859107238138961e-11
2.247387866083361274e-11 1.897092118952059536e-07 9.999997615814208984e-01 6.640964667070647920e-09
