2.184871664212550968e-05 9.850213527679443359e-01 1.948559656739234924e-04 1.476185955107212067e-02
6.788378641431336291e-07 5.769769728658502572e-08 2.777210175991058350e-01 7.222782969474792480e-01
8.336284622600942384e-07 9.999957084655761719e-01 8.327034493049723096e-07 2.589744553915807046e-06
7.375657878583297133e-05 9.999251961708068848e-01 1.050319042406044900e-06 4.449822801899649960e-11
7.913928031921386719e-01 1.850763112306594849e-01 7.804250926710665226e-04 2.275039814412593842e-02
9.999083876609802246e-01 4.932120250406013540e-13 9.160227637039497495e-05 7.016688896577250034e-10
9.435778380861847836e-09 5.146898462982107958e-10 9.999992847442626953e-01 7.484134698643174488e-07
1.794652071396285464e-08 5.511842370033264160e-01 1.805442501790821552e-03 4.470102787017822266e-01
2.471132611390203238e-04 3.436173545196652412e-03 2.757773654593620449e-05 9.962891340255737305e-01
1.385456442903887364e-07 9.999991059303283691e-01 7.610181000927696005e-07 2.497735573925297103e-09
1.371974803987541236e-06 8.378009311854839325e-03 7.277173426700755954e-05 9.915478229522705078e-01
3.537104962224313365e-13 8.333198904140678986e-14 1.000000000000000000e+00 2.692917069890832238e-11
