9.188501238822937012e-01 1.168345864499542586e-08 6.808168441057205200e-02 1.306821126490831375e-02
1.115014569563754776e-07 9.976149797439575195e-01 5.894038167753024027e-06 2.379003213718533516e-03
9.477888345718383789e-01 5.678524530594586395e-07 3.422688459977507591e-04 5.186830833554267883e-02
4.091295897960662842e-01 1.545840641483664513e-04 5.890995264053344727e-01 1.616253517568111420e-03
7.766406961984273494e-10 8.802983760833740234e-01 1.413954606732659158e-07 1.197014302015304565e-01
8.632810022390913218e-08 4.739638864994049072e-01 3.562002248713724839e-08 5.260359644889831543e-01
8.528559119440615177e-04 5.844874362281871072e-09 4.544560331851243973e-03 9.946026206016540527e-01
1.742601990699768066e-01 8.109498620033264160e-01 1.260407455265522003e-02 2.185933990404009819e-03
6.989878329477505758e-06 9.998456239700317383e-01 1.474833989050239325e-04 1.406987593099984224e-08
9.890625476837158203e-01 5.602861818942983518e-08 1.050618720910279080e-06 1.093631982803344727e-02
5.326149334905494470e-07 3.321726893545928760e-08 9.999994039535522461e-01 1.436680496791353789e-10
9.196546673774719238e-02 6.432465852412860841e-06 9.080281257629394531e-01 1.627164536444070109e-08
