4.810561193835383165e-08 9.999790191650390625e-01 2.012294686437599012e-08 2.089274130412377417e-05
1.205865740776062012e-01 5.705763760488480330e-05 3.694490935401972820e-09 8.793563842773437500e-01
7.217395392444814206e-08 9.999320507049560547e-01 6.682788807665929198e-05 1.077025899576256052e-06
9.895753264427185059e-01 1.707283990981522948e-05 1.008403487503528595e-02 3.235664626117795706e-04
7.552791237831115723e-01 4.474206827580928802e-03 1.786558516323566437e-02 2.223811149597167969e-01
4.339494239502528217e-07 5.578751442953944206e-04 1.149000965483537584e-07 9.994415640830993652e-01
2.827025355145451613e-06 2.132492372766137123e-04 9.872367978096008301e-01 1.254705432802438736e-02
4.719491641935746884e-08 1.393186952918767929e-02 9.656225442886352539e-01 2.044556103646755219e-02
9.867954231523867747e-10 1.000000000000000000e+00 1.274985717003573882e-08 6.756123216433707057e-09
1.943709082574684999e-12 1.000000000000000000e+00 7.412874133971847357e-12 1.739938609857105689e-10
9.980056881904602051e-01 4.590739990817382932e-05 1.948375138454139233e-03 1.015724926389793836e-08
4.293615638744086027e-04 2.103275054121667154e-10 9.995700716972351074e-01 5.726978429265727755e-07
