2.081068903207778931e-01 3.736939333975897171e-06 7.918694615364074707e-01 1.990947384911123663e-05
4.014164645127493714e-08 3.122506919694956196e-09 9.999999403953552246e-01 5.401908698132729114e-09
6.842632889747619629e-01 5.727945335820550099e-07 3.157360851764678955e-01 6.837969834805335267e-08
1.769994567579757927e-10 4.113569502806058154e-07 9.999995827674865723e-01 4.999800573557422467e-10
7.055933615163212380e-09 8.075835000731501623e-10 9.951972365379333496e-01 4.802730400115251541e-03
6.121710874140262604e-03 9.813040494918823242e-01 1.833286022989710773e-10 1.257417444139719009e-02
7.936920970678329468e-03 8.892362529877573252e-06 9.920540452003479004e-01 1.088958185846422566e-07
4.063954861521779094e-08 1.327574050691282537e-09 9.998245239257812500e-01 1.753964606905356050e-04
6.421767473220825195e-01 4.075270676473508047e-10 3.534580469131469727e-01 4.365279339253902435e-03
4.633402568288147449e-06 6.306730938376858830e-05 9.998968839645385742e-01 3.541526166372932494e-05
2.450523823499679565e-01 5.962491631507873535e-01 5.694856213267485145e-07 1.586978137493133545e-01
7.175452083174604923e-06 8.137947320938110352e-01 1.046933030011132360e-04 1.860934048891067505e-01
