2.837147330865263939e-04 9.962589740753173828e-01 3.422806039452552795e-03 3.450479562161490321e-05
1.525862986309634017e-12 7.260199785232543945e-01 1.744649864576786058e-07 2.739798426628112793e-01
1.981620080513838778e-16 1.000000000000000000e+00 2.271387245972897144e-15 6.379378879060111814e-16
3.083154188226501502e-14 2.031976983321494984e-15 1.000000000000000000e+00 2.898353283179062878e-14
4.404430455906549469e-06 4.534094211194883428e-10 1.445095776375637797e-08 9.999955296516418457e-01
9.926601648330688477e-01 1.941739391497776523e-08 7.313293870538473129e-03 2.652039074746426195e-05
1.124467817135155201e-03 6.804520671721547842e-05 3.037531394511461258e-03 9.957699775695800781e-01
6.013994291424751282e-02 9.396184086799621582e-01 2.226430806331336498e-04 1.901296673167962581e-05
8.275412321090698242e-01 4.854835424339398742e-05 4.347565482021309435e-05 1.723666936159133911e-01
1.123533834856971225e-07 3.415024912101216614e-05 9.999544620513916016e-01 1.133684054366312921e-05
7.723273709416389465e-03 9.922078251838684082e-01 4.753906978294253349e-05 2.133621455868706107e-05
8.236355185508728027e-01 1.870024134404957294e-03 1.744941771030426025e-01 3.342512400195118971e-07
