3.264066208430449478e-06 9.999894499778747559e-01 2.339559479480612936e-08 7.239641490741632879e-06
4.933108357363380492e-06 7.695994241885273368e-08 9.396312758326530457e-03 9.905986189842224121e-01
2.690184919629245996e-04 9.996683001518249512e-01 6.272173777688294649e-05 1.077661071491320399e-09
9.868015050888061523e-01 3.664740128442645073e-03 2.344843323953682557e-06 9.531431831419467926e-03
7.242837455123662949e-04 9.971956014633178711e-01 1.931768842041492462e-03 1.483332016505300999e-04
3.497738418900553370e-07 8.620634078979492188e-01 7.081546300469199196e-07 1.379355341196060181e-01
4.754939072881825268e-05 3.688568313009454869e-07 7.405792474746704102e-01 2.593728303909301758e-01
5.403067993015042703e-10 8.058482781052589417e-04 7.507970281039888505e-07 9.991933703422546387e-01
2.965257372977703199e-09 9.621712565422058105e-01 1.948874910340236966e-07 3.782851994037628174e-02
2.188117832702118903e-05 5.237202644348144531e-01 4.762156903743743896e-01 4.213238935335539281e-05
6.070014461874961853e-02 4.482677876949310303e-01 4.060818173456937075e-05 4.909914135932922363e-01
1.094018330149992835e-06 9.466896153753623366e-05 3.201991421519778669e-05 9.998722076416015625e-01
