9.920440614223480225e-03 3.440831278567202389e-06 4.211406111717224121e-01 5.689354538917541504e-01
1.326771173626184464e-02 9.867322444915771484e-01 1.428322130708759019e-11 1.342459754472002942e-10
7.539141923189163208e-02 5.656492430716753006e-03 9.097187519073486328e-01 9.233364835381507874e-03
4.711718065664172173e-04 1.144650205969810486e-02 9.814720153808593750e-01 6.610322277992963791e-03
9.953930377960205078e-01 1.252026268048211932e-04 4.476976115256547928e-03 4.926203473587520421e-06
4.410557892242650269e-07 9.999945759773254395e-01 4.855993211094755679e-06 1.204209070237993728e-07
6.188584025949239731e-03 9.904650449752807617e-01 2.908213064074516296e-03 4.381876497063785791e-04
7.660962874069809914e-04 8.713990449905395508e-01 1.230838820338249207e-01 4.751005675643682480e-03
9.265696280635893345e-04 2.212660037912428379e-04 9.184175729751586914e-01 8.043457567691802979e-02
2.527345444036654953e-09 2.737331195046266430e-10 2.099743556110977849e-12 1.000000000000000000e+00
5.685778070585456589e-09 1.000000000000000000e+00 7.491979259199865737e-11 5.485958909368093828e-10
2.633048076447486174e-12 3.610698437288284435e-13 1.000000000000000000e+00 1.375358811214755228e-12
