9.998793005943298340e-01 1.207376262755133212e-04 3.496065215102817092e-09 1.061600487422056927e-13
2.605866737670492483e-11 9.990482330322265625e-01 5.906465716520870046e-08 9.516486315988004208e-04
2.681769728951621801e-06 1.670472621917724609e-01 8.328536152839660645e-01 9.641563519835472107e-05
6.142429924693715293e-07 2.685930837742489530e-07 9.999991059303283691e-01 3.069585818166187252e-12
5.070972256362438202e-04 9.079913638743164483e-07 1.637226487195830860e-12 9.994919896125793457e-01
7.253993749618530273e-01 4.702375235865474679e-07 2.737860083580017090e-01 8.141187718138098717e-04
9.564904207212676646e-13 1.000000000000000000e+00 5.587605045320742647e-09 5.297517524475992001e-13
9.572385549545288086e-01 2.027005539275705814e-04 4.255826771259307861e-02 5.667938580700138118e-07
2.995147109031677246e-01 8.608956214573026955e-09 5.308786057867109776e-05 7.004322409629821777e-01
4.400493344292044640e-04 4.003401845693588257e-02 9.595257639884948730e-01 1.108183624864977901e-07
9.637311697006225586e-01 8.616464765509590507e-05 3.583018109202384949e-02 3.525088832248002291e-04
3.724637255072593689e-02 1.062449541677779052e-06 9.621863365173339844e-01 5.661997129209339619e-04
