5.125102688907645643e-05 9.971963167190551758e-01 2.752325031906366348e-03 5.326536012262295117e-08
1.107501811929978430e-04 9.997527003288269043e-01 1.362130569759756327e-04 4.168065572685009101e-07
9.999705553054809570e-01 4.378168494412193468e-09 5.764200068369973451e-07 2.887832488340791315e-05
9.999812245368957520e-01 1.875328962341882288e-05 4.421925225983613927e-08 7.850197575320905230e-11
1.048458069562911987e-01 5.211016329553785909e-08 1.290733963251113892e-01 7.660807967185974121e-01
9.931831300491467118e-06 4.811292455997318029e-05 7.970757484436035156e-01 2.028662264347076416e-01
8.471943438053131104e-02 9.235438369614712428e-08 9.152798652648925781e-01 5.890880743208981585e-07
3.384467363357543945e-01 1.012497814372181892e-03 6.605401635169982910e-01 5.630789132737845648e-07
1.000000000000000000e+00 1.514244729605707107e-08 5.785541316860598471e-14 1.489591644476817578e-10
1.460602506995201111e-03 9.515057802200317383e-01 4.703355208039283752e-02 1.256127006854512729e-07
6.962220799877627542e-10 9.999832510948181152e-01 1.659519148233812302e-05 1.081307985373314295e-07
4.922291263937950134e-03 7.999863028526306152e-01 3.555391744902713924e-11 1.950913518667221069e-01
