2.656468190252780914e-02 5.603309869766235352e-01 3.960367143154144287e-01 1.706762611865997314e-02
9.206619262695312500e-01 7.729654014110565186e-02 2.041511703282594681e-03 5.351560261601662205e-08
4.507257145291987399e-08 5.366984754800796509e-02 9.463295340538024902e-01 5.682433084075455554e-07
4.737459719181060791e-01 2.518290129955857992e-04 5.259773135185241699e-01 2.494704676792025566e-05
2.058461308479309082e-01 6.560023635415745957e-09 7.941538095474243164e-01 1.201321175869907165e-08
8.999537226550557989e-11 7.732146332273259759e-05 7.515999975171716585e-12 9.999226927757263184e-01
9.999722242355346680e-01 1.315772624366218224e-05 9.249899449059739709e-06 5.303831585479201749e-06
1.000000000000000000e+00 3.588558894485061046e-10 1.550990114118633301e-09 6.187581697014721271e-11
2.161440991466090367e-11 1.177356534753926098e-05 1.355784320367092732e-06 9.999868273735046387e-01
9.999818801879882812e-01 4.186752988744046888e-08 1.450506033506826498e-06 1.661849819356575608e-05
2.678250893950462341e-06 9.999527335166931152e-01 4.466169411898590624e-05 4.152687793634868285e-08
2.887631671910639852e-05 1.636392176151275635e-01 8.358326554298400879e-01 4.992451285943388939e-04
