1.332307419943390414e-05 1.867948594735935330e-05 9.998083710670471191e-01 1.596301008248701692e-04
2.261590957641601562e-02 1.007938850671052933e-02 9.633377790451049805e-01 3.966955933719873428e-03
9.997895359992980957e-01 6.974469890508316894e-09 1.944204996107146144e-04 1.603482087375596166e-05
4.177696071565151215e-03 2.510256366804242134e-03 9.908842444419860840e-01 2.427798230201005936e-03
2.091240748995915055e-04 9.993218183517456055e-01 4.160058160778135061e-04 5.302892895997501910e-05
9.920070624502841383e-06 3.606018955659706648e-11 9.995462298393249512e-01 4.438132164068520069e-04
7.008566171862185001e-07 9.528283584359087399e-08 9.999991655349731445e-01 1.435184771025888040e-08
1.494475454092025757e-01 2.965014402889210032e-07 8.505485653877258301e-01 3.582940507840248756e-06
9.999983310699462891e-01 7.443667460194092200e-09 1.489434339418949094e-06 1.979189221401611576e-07
4.636180400848388672e-02 9.505704641342163086e-01 3.066910663619637489e-03 7.871633442846359685e-07
8.524116412722548830e-10 4.368140798760578036e-05 7.078892583223250767e-09 9.999563097953796387e-01
6.180742057040333748e-04 3.363391897437395528e-06 1.898752088891342282e-04 9.991886615753173828e-01
