8.985718712210655212e-03 1.294253024752833880e-07 9.906510710716247559e-01 3.630965366028249264e-04
8.675166141003387565e-11 1.654958170504983173e-09 7.239616195420239819e-08 9.999999403953552246e-01
8.631811141967773438e-01 1.091465605895791668e-06 1.368178725242614746e-01 5.001697189754850115e-08
9.157356539724048616e-10 8.307546973228454590e-01 7.129868695443519755e-09 1.692453175783157349e-01
3.214779135305434465e-04 4.074936732649803162e-03 9.660366922616958618e-04 9.946374893188476562e-01
1.691141224000602961e-04 9.979758858680725098e-01 1.851616660133004189e-03 3.360101345606381074e-06
1.929483711719512939e-01 8.070507645606994629e-01 6.850195859442465007e-07 2.255289075492328266e-07
3.094722842433839105e-06 9.457012595248670550e-08 1.763082657646464213e-08 9.999967813491821289e-01
3.726397699210792780e-05 9.999619722366333008e-01 4.238027262459809208e-09 7.710433465035748668e-07
5.108042620122432709e-03 8.867102962994977133e-08 6.910425424575805664e-01 3.038492798805236816e-01
9.974471330642700195e-01 8.247628358049041708e-08 5.565857009059982374e-06 2.547210315242409706e-03
2.955963835120201111e-03 6.629045605659484863e-01 1.920354552567005157e-02 3.149359822273254395e-01
