6.613823377854544106e-11 2.783978125080466270e-03 9.972159862518310547e-01 2.013943145584562444e-08
1.252369135618209839e-01 8.746966123580932617e-01 1.520274417998734862e-05 5.124505332787521183e-05
1.281769666820764542e-02 1.170624196529388428e-01 5.221448466181755066e-02 8.179053664207458496e-01
2.003489993512630463e-02 9.048455953598022461e-01 6.440837681293487549e-02 1.071118842810392380e-02
1.904836893081665039e-01 7.323443293571472168e-01 7.705876231193542480e-02 1.131614117184653878e-04
5.768251867266371846e-06 2.673592973678751150e-07 9.808638095855712891e-01 1.913010329008102417e-02
3.404021263122558594e-02 9.244035754818469286e-05 1.759588718414306641e-01 7.899084091186523438e-01
9.482396876592247281e-07 9.831238389015197754e-01 8.771151556175027508e-07 1.687434874475002289e-02
4.125979103264398873e-06 2.714285685101458512e-09 4.714233057256933535e-07 9.999954700469970703e-01
5.512906753324386955e-08 9.999999403953552246e-01 1.390950288976400273e-12 1.833354579261481376e-10
2.052440322586335242e-06 9.999979138374328613e-01 1.045302511215595587e-08 4.510319895345560326e-10
9.953684806823730469e-01 4.688386106863617897e-04 9.160284207609947771e-06 4.153436515480279922e-03
