9.947178959846496582e-01 5.266805179417133331e-03 2.668328988875146024e-07 1.505644013377605006e-05
7.216417047262169149e-11 1.000000000000000000e+00 5.405758848366082336e-13 1.107553937451655202e-09
1.369507729442887012e-09 9.921610355377197266e-01 4.565584455634708050e-12 7.838930003345012665e-03
4.132998362183570862e-02 5.130676092313102288e-11 4.859812557697296143e-01 4.726887643337249756e-01
3.199693455826491117e-04 9.665271639823913574e-01 1.919275291584199294e-06 3.315082192420959473e-02
4.198838610136590432e-09 9.999976158142089844e-01 8.499154158236876810e-11 2.386035248491680250e-06
1.863122102804481983e-03 2.448069453239440918e-01 2.819976806640625000e-01 4.713321924209594727e-01
1.593769557075574994e-04 1.314748674631118774e-01 1.840707380324602127e-03 8.665250539779663086e-01
1.358406268991529942e-03 4.293696838431060314e-05 5.431177669379394501e-06 9.985932111740112305e-01
1.002210120448765451e-10 9.974181652069091797e-01 9.071086104484038515e-09 2.581833628937602043e-03
1.439044863218441606e-04 4.145641163688651432e-09 4.662209507344527992e-10 9.998561143875122070e-01
4.208901822566986084e-01 5.790889263153076172e-01 2.090008274535648525e-05 2.311321620207529293e-11
