1.661642414774178178e-07 9.999623894691467285e-01 1.016726673697121441e-05 2.724814112298190594e-05
6.795637455070391297e-05 9.999319911003112793e-01 6.402514429737493629e-08 1.423871598404957695e-08
6.253757601371034980e-05 3.027355996891856194e-03 7.784520983695983887e-01 2.184579819440841675e-01
5.319533556757960469e-06 1.129449060499609914e-06 9.999807476997375488e-01 1.284136578760808334e-05
1.529464381746947765e-03 8.975430391728878021e-04 9.975188970565795898e-01 5.405627962318249047e-05
1.162987427960615605e-05 5.000317315762004000e-08 9.999883770942687988e-01 7.602492857472498144e-09
1.274505674608850114e-12 5.898233290668741802e-11 8.681625127792358398e-02 9.131837487220764160e-01
4.162938694207696244e-06 9.999957084655761719e-01 1.758863471534866108e-10 6.248281891885199002e-08
1.660153792215623980e-09 8.365031445300985524e-10 9.883992671966552734e-01 1.160073932260274887e-02
6.448534884038689165e-16 3.788895369494324917e-16 1.000000000000000000e+00 1.379268400880651058e-11
3.308803231405477163e-10 1.645434366537301685e-07 9.999994039535522461e-01 4.837381766265025362e-07
4.147755913436412811e-03 1.961936322913970798e-05 9.958326220512390137e-01 1.882009881271073937e-09
