3.090716199949383736e-04 5.035974900238215923e-04 5.246397267910651863e-05 9.991348385810852051e-01
9.792207720238366164e-07 9.998008608818054199e-01 3.744774976222053908e-11 1.981793175218626857e-04
3.569850248741346377e-10 1.033741136780008674e-05 9.999896287918090820e-01 7.298649240539134553e-09
1.468254625797271729e-01 8.522787690162658691e-01 3.086896322201937437e-04 5.870466120541095734e-04
4.158437150181271136e-08 8.728559017181396484e-01 6.991725740590482019e-07 1.271433383226394653e-01
4.811903461813926697e-02 3.176682730554603040e-05 3.201258927583694458e-02 9.198365807533264160e-01
9.999940991401672363e-01 4.413894943988694308e-11 5.870853783562779427e-06 3.982810081737397923e-09
6.153988942969590425e-05 3.044315800070762634e-02 9.467958989262115210e-06 9.694858193397521973e-01
3.633056282997131348e-01 9.962018579244613647e-03 5.911151412874460220e-03 6.208212375640869141e-01
4.633839580492349342e-06 9.999952316284179688e-01 1.659607916587937937e-13 1.092498109755979385e-07
1.373530103592202067e-04 1.385735347867012024e-02 7.210566401481628418e-01 2.649486958980560303e-01
9.328913092613220215e-01 3.883850527927279472e-03 8.327080649905838072e-06 6.321647018194198608e-02
