1.413861609762534499e-04 2.306713759899139404e-01 7.408576011657714844e-01 2.832959964871406555e-02
6.863073911517858505e-03 6.101118326187133789e-01 2.495576888322830200e-01 1.334674209356307983e-01
1.060985028743743896e-02 2.479619113728404045e-03 8.809724450111389160e-01 1.059380695223808289e-01
2.769278580672107637e-06 1.558149023139776546e-07 2.359396944484615233e-07 9.999969005584716797e-01
7.420179843902587891e-01 2.377064973115921021e-01 2.020601555705070496e-02 6.956017023185268044e-05
1.233970170488873919e-08 8.830516017042100430e-04 1.005882168669813836e-07 9.991168379783630371e-01
8.983508348464965820e-01 1.258768224943196401e-05 2.857826189028855879e-07 1.016362234950065613e-01
9.999988675117492676e-01 5.694213101037348679e-09 6.814973829705195385e-08 1.038052118929044809e-06
1.235708202429464109e-10 1.000000000000000000e+00 7.024864197291424972e-12 4.957157948015655791e-12
1.093688537366688251e-03 1.337682260782457888e-05 9.988929033279418945e-01 8.327953082698513754e-08
1.909999363124370575e-02 9.235465899109840393e-03 9.716645479202270508e-01 1.385365244743752555e-08
3.616346418857574463e-02 1.932600396685302258e-03 8.152863383293151855e-01 1.466176360845565796e-01
