9.984936714172363281e-01 6.292103207670152187e-04 1.589127691659086850e-07 8.769179694354534149e-04
8.036689162254333496e-01 1.011131610721349716e-02 2.907120006057084538e-06 1.862168312072753906e-01
9.541140794754028320e-01 4.588180035352706909e-02 4.128896762267686427e-06 1.337724635924741889e-11
2.789845439110649750e-06 1.189594378558922472e-08 9.999972581863403320e-01 1.576481722942446595e-09
1.065486649167723954e-04 2.405050054221646860e-06 9.948531985282897949e-01 5.037856753915548325e-03
3.699222346767783165e-03 6.996221600275021046e-06 9.960095286369323730e-01 2.842373214662075043e-04
9.711860116112802643e-08 5.194595473767549265e-07 6.889576907269656658e-04 9.993104338645935059e-01
1.412574388086795807e-02 3.866348379233386368e-06 9.858700633049011230e-01 3.143500180158298463e-07
6.317492079688236117e-06 2.323108105883875396e-07 7.276480644941329956e-02 9.272286295890808105e-01
9.999917149543762207e-01 8.116537173918914050e-06 1.566313585499301553e-07 3.509468982088037592e-08
4.705217986067378177e-12 9.999760985374450684e-01 6.510324368491637870e-08 2.384154140600003302e-05
2.334223315119743347e-02 7.943403720855712891e-01 1.823117583990097046e-01 5.659713224304141477e-06
