5.312717732408600568e-08 9.999830126762390137e-01 1.218476609210483730e-05 4.923623691865941510e-06
3.350217525621701498e-07 1.822517333494033664e-05 1.834340840578079224e-01 8.165473341941833496e-01
2.328224809389212169e-06 1.116039402404567227e-05 2.442796659396506698e-11 9.999865293502807617e-01
9.999324679374694824e-01 2.949856470202405490e-10 5.972420331090688705e-05 7.822972293070051819e-06
1.593165734448120929e-06 6.077904254198074341e-03 1.319970521773683458e-10 9.939205646514892578e-01
5.255522727966308594e-01 2.914061042247340083e-05 4.743756055831909180e-01 4.295082908356562257e-05
1.896776854991912842e-01 1.838726550340652466e-02 7.795512080192565918e-01 1.238381676375865936e-02
9.525031430257513421e-08 9.999908804893493652e-01 1.572540782035503071e-07 8.901235560188069940e-06
1.823035375991821638e-07 3.087290423309241305e-09 9.996435642242431641e-01 3.562992205843329430e-04
9.971630573272705078e-01 1.976805971935391426e-03 8.600421133451163769e-04 4.805435338539609802e-08
2.043621800839900970e-02 2.030958421528339386e-02 1.717709749937057495e-02 9.420771598815917969e-01
1.414899080991744995e-01 4.218949675559997559e-01 1.777053177356719971e-01 2.589098215103149414e-01
