1.728825651525767171e-07 9.999981522560119629e-01 1.336504965365747921e-06 2.992771328536036890e-07
1.995701381929393392e-08 2.409227484179154999e-09 4.892630015864395110e-14 1.000000000000000000e+00
3.022959382814605078e-10 2.234721928834915161e-01 7.764552831649780273e-01 7.251044007716700435e-05
9.920018315315246582e-01 7.997864857316017151e-03 2.335076771942112828e-07 6.317695522284338949e-08
3.263084806803817628e-07 9.409842324011475495e-15 9.999997019767761230e-01 7.552953817935303960e-09
7.484019874937075656e-07 9.977010488510131836e-01 1.895595923997461796e-03 4.026337119285017252e-04
3.246530155820437358e-08 9.939202070236206055e-01 5.049255560152232647e-04 5.574864335358142853e-03
3.586758945406387511e-10 7.949078195679248893e-08 3.414770896603691597e-11 9.999999403953552246e-01
6.684896334263612516e-07 5.718693864764645696e-05 5.560067947953939438e-03 9.943820238113403320e-01
2.840869683495839126e-06 9.800128340721130371e-01 1.054721287800930440e-04 1.987884007394313812e-02
2.303817414617270742e-10 1.082083258552302141e-06 9.986256361007690430e-01 1.373305567540228367e-03
9.326260685920715332e-01 6.737358868122100830e-02 3.829670731647638604e-07 3.756770589058433529e-11
