6.080522760748863220e-02 9.391907453536987305e-01 3.653004341686028056e-06 3.325903321638179477e-07
9.999987483024597168e-01 3.219442670353983571e-13 1.138379435161596120e-08 1.227512711921008304e-06
9.979179501533508301e-01 2.395531417676011188e-08 1.173404825749457814e-06 2.080851234495639801e-03
2.449209569022059441e-04 3.026327105581927412e-11 2.608091076439222888e-09 9.997550845146179199e-01
1.403389546794642229e-07 8.180581927299499512e-01 8.804197609424591064e-02 9.389958530664443970e-02
7.187158917076885700e-04 2.866351778152420593e-08 2.462622243911027908e-03 9.968186020851135254e-01
9.082584142561245244e-07 1.233148649334907532e-01 8.243296146392822266e-01 5.235459282994270325e-02
6.025854498147964478e-03 9.854329228401184082e-01 2.566036302596330643e-03 5.975093226879835129e-03
3.898113965988159180e-01 7.347546460145792935e-10 3.810225799679756165e-02 5.720863342285156250e-01
1.358431322984188228e-08 1.762431813403964043e-03 9.982351660728454590e-01 2.371338041484705172e-06
1.318800855187873822e-07 9.988116621971130371e-01 1.488624848389186184e-11 1.188206020742654800e-03
2.017876249738037586e-05 1.003504568330981783e-08 4.879834887105971575e-05 9.999309778213500977e-01
