6.640837788581848145e-01 3.354158401489257812e-01 3.840478893835097551e-04 1.162852713605388999e-04
1.809959113597869873e-02 1.071368693374097347e-03 6.736769864801317453e-05 9.807617068290710449e-01
1.246586907655000687e-02 1.580609567463397980e-02 2.726732927840203047e-04 9.714553952217102051e-01
3.231912478804588318e-02 9.924685855366988108e-07 9.610226750373840332e-01 6.657203659415245056e-03
1.092022880911827087e-01 2.858609368558973074e-04 1.327771678916178644e-05 8.904985189437866211e-01
6.755376258382739252e-09 9.999905228614807129e-01 9.412322469870559871e-06 7.322482531435525743e-08
5.595159677795891184e-07 1.611948619029135443e-08 9.999994635581970215e-01 1.560582739423832521e-11
1.361236209049820900e-03 3.548572749423328787e-06 9.986352324485778809e-01 1.117686654339422603e-08
5.698979066437459551e-09 1.247023940086364746e-01 8.752974867820739746e-01 7.562326942434083321e-08
1.448678374290466309e-01 5.489999428391456604e-02 8.001698851585388184e-01 6.229268183233216405e-05
4.971902235411107540e-04 1.390546531183645129e-04 2.336889738216996193e-04 9.991300106048583984e-01
1.000000000000000000e+00 3.017685927531044143e-13 3.049160587648841458e-13 1.443313024651615706e-08
