5.485446192324161530e-03 5.988015793263912201e-03 1.179197803139686584e-02 9.767345786094665527e-01
5.645611323416233063e-03 9.165831208229064941e-01 7.777105271816253662e-02 1.769773234627791680e-07
3.271426294304546900e-07 9.943699240684509277e-01 5.052014719694852829e-03 5.777591723017394543e-04
6.082457304000854492e-02 7.373432070016860962e-02 4.252619296312332153e-02 8.229148983955383301e-01
3.664618792881962905e-13 1.661899025513779993e-12 9.828583086290976212e-11 1.000000000000000000e+00
9.999998807907104492e-01 5.004275749342923518e-08 4.505985273794976820e-08 1.871338195513772007e-09
1.691542118787765503e-01 5.353803089747088961e-07 1.335930973291397095e-01 6.972521543502807617e-01
4.373015326564200222e-05 5.096876993775367737e-03 1.143743842840194702e-02 9.834219217300415039e-01
2.339609192145153393e-12 1.000000000000000000e+00 1.287835181378038651e-12 1.057986489215456682e-12
1.586479783100003260e-07 2.091267697207355170e-12 9.999998211860656738e-01 2.281529987158137374e-08
1.666799835220444947e-05 9.970839619636535645e-01 2.747821621596813202e-03 1.515515614300966263e-04
8.961192965507507324e-01 2.287340722978115082e-02 2.459750510752201080e-02 5.640986561775207520e-02
