9.999981522560119629e-01 2.912910190833173374e-10 1.852403102020616643e-06 1.001267624367585540e-09
9.999651312828063965e-01 2.814580284393741749e-06 3.106660005869343877e-05 9.253814710064034443e-07
4.354441625764593482e-05 9.999560117721557617e-01 6.375318567335142017e-13 4.222176244184083771e-07
4.525073170661926270e-01 5.474898219108581543e-01 2.515122105251066387e-06 3.522328881899738917e-07
9.999988079071044922e-01 9.976538692391123675e-12 1.103451108264152936e-08 1.168297558251651935e-06
9.998763203620910645e-01 5.145535033079795539e-05 4.500531891604708790e-11 7.225097215268760920e-05
1.997775171957982820e-07 3.520214564289858572e-09 2.968575385509097941e-11 9.999998211860656738e-01
3.447833705649827607e-06 9.628043770790100098e-01 8.682935117576562334e-07 3.719131648540496826e-02
8.198734372854232788e-02 2.230078168213367462e-02 8.953400850296020508e-01 3.718191001098603010e-04
9.988532662391662598e-01 9.913588874042034149e-04 2.002745168283581734e-05 1.353210973320528865e-04
9.999364614486694336e-01 2.161914522957886220e-07 6.290330929914489388e-05 4.399929025566962082e-07
6.493688821792602539e-01 1.661199494265019894e-03 3.489684164524078369e-01 1.478043259339756332e-06
