3.195189312100410461e-02 1.629158505238592625e-03 1.819024510041344911e-05 9.664007425308227539e-01
9.999993443489074707e-01 1.762385792858367495e-10 1.083338557750224140e-10 6.683745255031681154e-07
9.684652090072631836e-01 4.872408695518970490e-03 2.102122834912734106e-06 2.666029334068298340e-02
2.291719429194927216e-03 1.015099603682756424e-02 9.875096678733825684e-01 4.771480598719790578e-05
8.351403084816411138e-05 9.707478284835815430e-01 1.580598327564075589e-04 2.901061438024044037e-02
2.447192091494798660e-03 3.573265348677523434e-05 9.974983930587768555e-01 1.862885073933284730e-05
1.477239711675792933e-04 9.756555557250976562e-01 2.418279834091663361e-02 1.388884356856578961e-05
5.991040325170615688e-06 9.722291231155395508e-01 2.776007540524005890e-02 4.819153673452092335e-06
2.491888986821955143e-11 4.557921595704783613e-09 9.999998807907104492e-01 1.236798823356366483e-07
2.208387712016701698e-03 1.650103695283178240e-05 7.708474993705749512e-01 2.269275784492492676e-01
9.634816646575927734e-01 1.137710860348306596e-04 1.696379143822923652e-07 3.640444576740264893e-02
4.626089776138542220e-06 9.999943375587463379e-01 9.613869451641221531e-07 5.062423724666587077e-08
