2.909921859028941071e-09 1.795531064271926880e-01 5.840095691382884979e-03 8.146067857742309570e-01
6.074413505530174007e-08 2.122454941272735596e-01 6.089107440487850909e-09 7.877544760704040527e-01
1.645490059314080877e-12 1.499206981432285590e-13 6.975785945542156696e-04 9.993024468421936035e-01
4.921887921227607876e-06 9.999949336051940918e-01 1.069222292926497175e-07 8.496420633719026227e-08
3.783998254220932722e-04 3.369078738614916801e-03 8.463970152661204338e-05 9.961678981781005859e-01
1.317600663242046721e-06 1.043362244963645935e-01 1.028698875416012015e-06 8.956614732742309570e-01
8.918836712837219238e-03 2.485532490936748218e-08 2.626292072704927705e-08 9.910811781883239746e-01
7.185015419963747263e-05 9.998933076858520508e-01 1.511076220594986808e-06 3.334194479975849390e-05
7.660485607630107552e-06 9.999367594718933105e-01 5.547546606976538897e-05 1.652760062142988318e-07
9.970496296882629395e-01 4.568690599171532085e-07 2.404739498160779476e-04 2.709326101467013359e-03
1.197671645059017465e-05 9.976199269294738770e-01 2.361644525080919266e-03 6.487724022008478642e-06
8.470781722280662507e-06 9.430404305458068848e-01 5.684557929635047913e-02 1.055161046679131687e-04
