1.000000000000000000e+00 1.578358244103128527e-08 5.167945238415683207e-11 1.420466944068721205e-08
6.271859456319361925e-05 9.527828544378280640e-03 5.382662173360586166e-03 9.850267767906188965e-01
9.999909400939941406e-01 6.450753886610982590e-08 3.868386102112708613e-06 5.124019025970483199e-06
4.064687527716159821e-04 5.024849772453308105e-01 4.971086084842681885e-01 2.710768720604050941e-09
4.923945695622933272e-10 3.336865783687414933e-10 1.000000000000000000e+00 2.939591681183628680e-09
9.803403019905090332e-01 8.488790115279698512e-09 1.857356727123260498e-02 1.086117001250386238e-03
1.330561120994389057e-03 1.774605363607406616e-02 9.805809259414672852e-01 3.424450405873358250e-04
1.874407712376680024e-10 9.959357380867004395e-01 4.063864704221487045e-03 4.397551549573108787e-07
1.958287043635209557e-07 4.665286894578457577e-07 9.999993443489074707e-01 1.083369172150128179e-09
5.159780979156494141e-01 4.328755438327789307e-01 1.260127646673936397e-07 5.114621669054031372e-02
7.629553675651550293e-01 2.293474413454532623e-02 1.758784346748143435e-04 2.139340937137603760e-01
1.154102608561515808e-01 2.706765430048108101e-03 3.436880069784820080e-05 8.818486332893371582e-01
