1.145160174928605556e-03 6.083616388430357347e-10 9.705924391746520996e-01 2.826243638992309570e-02
6.501597090391442180e-05 1.036605201676366050e-08 9.999349713325500488e-01 9.178566934275877998e-11
1.000000000000000000e+00 9.734928418936306116e-10 1.006107870626937739e-11 1.615013123235087278e-10
9.996380209922790527e-01 2.649916837071941700e-07 9.028843487612903118e-05 2.714918809942901134e-04
3.311976417899131775e-02 5.937629030086100101e-04 1.518557269264420029e-06 9.662849903106689453e-01
1.358023554720588777e-10 9.999955892562866211e-01 3.360236178195918910e-06 1.113902612814854365e-06
5.380217771744355559e-06 1.942175003932788968e-06 3.419645145186223090e-05 9.999583959579467773e-01
1.610900568493889295e-08 1.620088091458526947e-10 1.000000000000000000e+00 2.004989507753407452e-09
9.561455982520783436e-08 9.871448874473571777e-01 1.280196942389011383e-02 5.308257823344320059e-05
4.447058017831295729e-06 8.583962172269821167e-02 2.295935060828924179e-03 9.118599891662597656e-01
1.394988066749647260e-05 8.459087439405266196e-06 1.297010970846557143e-10 9.999775886535644531e-01
1.074649553629569709e-04 5.278599448502063751e-03 1.649806834757328033e-02 9.781157970428466797e-01
