3.369355946779251099e-02 9.447622895240783691e-01 3.463579807430505753e-03 1.808062568306922913e-02
5.578160285949707031e-01 1.553207539473078214e-06 9.185146154777612537e-07 4.421814680099487305e-01
2.577587962150573730e-01 1.679401397705078125e-01 5.742205977439880371e-01 8.045868162298575044e-05
5.557027634495170787e-06 2.527041397115681320e-05 9.999691843986511230e-01 1.409216032711643751e-13
5.289750220072164666e-07 3.181000384974708162e-13 9.999995231628417969e-01 2.967394996389316475e-09
1.536948911962099373e-05 3.432159777730703354e-03 9.822417497634887695e-01 1.431070081889629364e-02
5.243466603133128956e-07 1.775095588527619839e-04 4.654254298657178879e-03 9.951676726341247559e-01
5.947154131717979908e-04 2.193899126723408699e-05 9.993749260902404785e-01 8.379244718526024371e-06
5.478477478027343750e-01 1.628558966331183910e-04 6.748660962330177426e-05 4.519219398498535156e-01
1.000000000000000000e+00 1.533752373153104975e-13 1.644030744873958838e-10 1.860612219850565907e-09
6.201837976504975813e-08 9.998704791069030762e-01 2.288246832904405892e-06 1.272131194127723575e-04
2.183506585424765944e-04 4.133224487304687500e-01 5.864589214324951172e-01 2.492921566954464652e-07
