4.142291110814655397e-12 1.000000000000000000e+00 2.395537934685165737e-11 1.409585670408830538e-09
6.361519644393354156e-10 8.156944737713889282e-12 9.999998807907104492e-01 1.128336961642162350e-07
4.366186622064560652e-04 2.963909366826555924e-07 9.995085000991821289e-01 5.456458893604576588e-05
2.500815689563751221e-01 7.211937103420495987e-03 9.725423133488675376e-09 7.427065372467041016e-01
6.733704209327697754e-01 2.983255311846733093e-02 2.967048585414886475e-01 9.218537888955324888e-05
6.070415303111076355e-02 1.581319607794284821e-02 2.239774403278715909e-06 9.234803915023803711e-01
9.420522451400756836e-01 2.589262521723867394e-06 5.789326503872871399e-02 5.192715616431087255e-05
7.148441672325134277e-01 2.318538129329681396e-01 5.328667536377906799e-02 1.535072624392341822e-05
5.908535438692297248e-09 3.882860839366912842e-01 5.916189760313272927e-10 6.117138862609863281e-01
9.998497366905212402e-01 4.200680692179048492e-09 6.712868525937665254e-06 1.435118902008980513e-04
2.843625068749133789e-08 9.301939047873020172e-03 5.565991159528493881e-06 9.906924962997436523e-01
5.402626395225524902e-01 5.094296764582395554e-03 4.525648057460784912e-01 2.078307792544364929e-03
