1.660738699138164520e-02 2.403926337137818336e-04 9.831464290618896484e-01 5.794636308564804494e-06
3.533632479957304895e-05 3.154562477902800310e-07 9.999555945396423340e-01 8.849435289448592812e-06
3.564214275684207678e-04 1.678434014320373535e-02 9.788703322410583496e-01 3.988889977335929871e-03
2.384193180660076905e-07 9.999468326568603516e-01 8.797882401267997921e-06 4.407591768540441990e-05
1.200976679216481102e-10 5.514471948431969636e-16 4.056057247882327577e-13 1.000000000000000000e+00
6.135388612747192383e-01 3.861611783504486084e-01 2.182964453822933137e-05 2.779948408715426922e-04
6.074377518995241476e-14 1.000000000000000000e+00 2.153316824707925820e-14 4.452489488215860547e-09
2.402694821357727051e-01 1.848658030212391168e-05 3.443972673267126083e-05 7.596776485443115234e-01
5.401328962761908770e-05 7.411987135164110896e-10 9.999459981918334961e-01 9.554151247925801727e-09
5.124250892549753189e-03 7.100998191162943840e-04 9.933637976646423340e-01 8.018481312319636345e-04
1.838155984878540039e-01 7.253266320894624641e-10 8.161841034889221191e-01 2.676565031833888497e-07
9.824579358100891113e-01 1.694174297153949738e-02 3.243136452510952950e-04 2.760154311545193195e-04
