8.711016774177551270e-01 1.233686804771423340e-01 5.529645830392837524e-03 8.290825803669576999e-09
8.897460065782070160e-04 9.609487056732177734e-01 3.720514103770256042e-02 9.564006468281149864e-04
1.164654036983847618e-03 9.988059401512145996e-01 3.364767508173827082e-06 2.606747329991776496e-05
9.021657705307006836e-01 4.588680341839790344e-03 9.323646128177642822e-02 9.153760402114130557e-06
1.414668076904490590e-04 1.521122734993696213e-02 3.565153165254741907e-04 9.842907786369323730e-01
5.604667821899056435e-04 1.656617969274520874e-01 6.192009449005126953e-01 2.145767807960510254e-01
1.934676419068637188e-09 1.000000000000000000e+00 3.227660361204698347e-10 3.967395578730048555e-10
5.716029732871774627e-11 3.292879025007522387e-10 9.999978542327880859e-01 2.176950829380075447e-06
9.940218329429626465e-01 1.263941062923379377e-09 2.251636715300264768e-06 5.975904408842325211e-03
3.229141584597527981e-04 9.706212282180786133e-01 1.653283648192882538e-02 1.252304948866367340e-02
8.566917777061462402e-01 1.505705586168915033e-04 1.431525796651840210e-01 5.047819286119192839e-06
1.047916244715452194e-02 6.341564358081086539e-07 9.608542323112487793e-01 2.866593562066555023e-02
