7.058067239995580167e-06 7.736125588417053223e-01 1.874775253236293793e-02 2.076326161623001099e-01
1.389924818795407191e-06 9.999933838844299316e-01 4.891528988082427531e-06 4.138978795253933640e-07
1.000000000000000000e+00 1.487738231220614438e-11 3.246605828621795808e-08 3.964510852938474272e-08
4.653260532450076425e-07 8.760053515434265137e-01 1.241890572600823361e-07 1.239940449595451355e-01
4.485285198807531515e-10 1.251903427146316972e-06 2.378019416937604547e-07 9.999985098838806152e-01
7.796298329143525052e-11 2.815710331560694613e-09 1.255630621699310723e-07 9.999998211860656738e-01
1.723374705761671066e-03 7.355033159255981445e-01 2.611235380172729492e-01 1.649786951020359993e-03
3.799539990723133087e-05 9.999609589576721191e-01 7.995872020050143192e-11 1.033321268550935201e-06
1.933747171278810129e-06 4.100327632983180592e-09 9.767789244651794434e-01 2.321916632354259491e-02
4.357436264399439096e-04 5.968789337202906609e-04 9.980238676071166992e-01 9.435469983145594597e-04
1.286248007090762258e-04 7.497863261960446835e-04 5.408065021038055420e-02 9.450409412384033203e-01
3.357025329023599625e-03 9.206991195678710938e-01 2.017661948627846868e-08 7.594384998083114624e-02
