7.978728788771149993e-09 1.120062227103098274e-13 1.000000000000000000e+00 5.161998051228522399e-10
2.706618513911962509e-03 1.337434696324635297e-07 9.972929954528808594e-01 2.057890782225513249e-07
1.928243041038513184e-02 8.532915671821683645e-06 9.807077646255493164e-01 1.300344479204795789e-06
7.743406968074850738e-06 9.998311400413513184e-01 7.618533581776887331e-10 1.611169573152437806e-04
8.336143508813620429e-08 4.447225946933031082e-04 1.771468222141265869e-01 8.224083781242370605e-01
4.937742489191654371e-12 9.740948598846443929e-07 9.999971389770507812e-01 1.859582084762223531e-06
4.500558134168386459e-06 9.415072277363378817e-09 9.999955296516418457e-01 4.348362558914686815e-09
1.264979982806835324e-05 5.249004243523813784e-05 9.995506405830383301e-01 3.842581936623901129e-04
5.965195305179804564e-05 6.841086596250534058e-02 3.946549895772477612e-06 9.315255284309387207e-01
1.103918748412979767e-06 9.283044934272766113e-01 4.390025842848643833e-10 7.169444859027862549e-02
1.945511251688003540e-01 9.143813883838447509e-08 4.278106614947319031e-03 8.011707067489624023e-01
5.714034195989370346e-04 2.923743566498160362e-03 9.964575767517089844e-01 4.726012048195116222e-05
