1.119265903071209323e-06 1.619762990401341085e-08 1.225197027165947361e-10 9.999988079071044922e-01
1.310637458118435461e-06 1.879478439548165625e-08 9.999986886978149414e-01 7.276989427706936908e-11
9.976773262023925781e-01 2.322623273357748985e-03 3.078768837094791877e-11 2.336759605259253192e-11
2.819170958900940605e-06 1.331458463482704246e-07 9.969198703765869141e-01 3.077183384448289871e-03
1.301134324768925201e-16 1.000000000000000000e+00 6.739856502763208468e-12 4.374960949071748928e-10
9.133129715919494629e-01 1.654849387705326080e-02 7.013857364654541016e-02 6.410280726371064830e-12
2.029039297690715671e-10 4.594188744710958616e-12 2.422564406023841599e-11 1.000000000000000000e+00
5.795338438741720610e-14 3.723370136515802287e-12 1.000000000000000000e+00 5.600073790107407135e-12
5.514706469256225319e-09 9.999780058860778809e-01 9.683356200218540266e-11 2.200938070018310100e-05
2.029563583166860141e-13 2.162817586701462624e-13 9.999998211860656738e-01 1.947463346141375951e-07
3.100017171603346329e-17 1.000000000000000000e+00 1.196924503954477359e-11 1.503575264294454428e-09
9.999607205390930176e-01 8.454889566245071819e-10 3.926077624782919884e-05 6.306303923508949083e-09
