6.395731586962938309e-03 1.668502278562300489e-07 9.936037063598632812e-01 3.655820819403743371e-07
9.945831298828125000e-01 1.120294382417341694e-05 5.404987372457981110e-03 6.782109949199366383e-07
4.405156150460243225e-02 5.249009728431701660e-01 4.400325224196421914e-07 4.310471117496490479e-01
6.193006038665771484e-01 3.806720674037933350e-01 2.536824649723712355e-05 1.981901050385204144e-06
2.141681034117937088e-05 4.164628386497497559e-01 5.826719403266906738e-01 8.437742944806814194e-04
9.995411634445190430e-01 8.726024134375620633e-06 3.423481248319149017e-04 1.077571942005306482e-04
3.863843530416488647e-02 1.944914629348204471e-06 2.130315639078617096e-03 9.592292904853820801e-01
1.997336324111032013e-11 1.289010981286864421e-10 6.650477152488065702e-13 1.000000000000000000e+00
9.771442413330078125e-01 4.381989493484894638e-10 2.285571023821830750e-02 1.005144554255821276e-07
2.898971797549165785e-05 9.589127898216247559e-01 2.281725392094813287e-05 4.103533178567886353e-02
1.486902778680132542e-08 1.000000000000000000e+00 5.147935411287107854e-09 1.065737453842530158e-08
2.016986973491299850e-13 1.110474911047846288e-15 1.000000000000000000e+00 1.791945203333256131e-10
