9.529926776885986328e-01 4.250759300106210503e-09 4.691506922245025635e-02 9.222723019775003195e-05
6.105635839048773050e-05 1.937470026314258575e-02 1.084053558031428111e-08 9.805642366409301758e-01
1.514470130205154419e-01 6.806960701942443848e-01 9.280759841203689575e-03 1.585761755704879761e-01
2.728702819254635870e-09 1.000000000000000000e+00 1.692515225193425010e-11 1.484447330682425736e-13
1.743957896930409257e-13 1.232532782263664594e-15 1.000000000000000000e+00 9.044691502647830145e-15
9.677451252937316895e-01 5.089656269774422981e-07 1.060344045981764793e-03 3.119396418333053589e-02
3.753372933715581894e-03 1.600045493432844523e-06 7.902009383542463183e-05 9.961659908294677734e-01
5.701821297407150269e-02 2.700740005820989609e-04 8.392190933227539062e-01 1.034925654530525208e-01
8.889862298965454102e-01 4.750161617994308472e-02 6.099075451493263245e-02 2.521422458812594414e-03
5.658264160156250000e-01 9.831887669861316681e-03 4.243396818637847900e-01 1.948234967130701989e-06
3.435223216996519113e-09 2.199438320360513899e-08 9.999995231628417969e-01 4.775513389176921919e-07
1.410978293279185891e-04 2.619809936732053757e-03 9.972041845321655273e-01 3.487021240289323032e-05
