8.063636300903453957e-07 9.823649525642395020e-01 1.763418875634670258e-02 1.048670306147414522e-08
5.916984235909694689e-08 9.074013233184814453e-01 5.377989728003740311e-04 9.206076711416244507e-02
4.883973160758614540e-04 9.994040131568908691e-01 1.018164311972213909e-05 9.739020606502890587e-05
2.979815699744037261e-11 9.999997615814208984e-01 2.359766826387499350e-10 2.887074401769496035e-07
1.918767392635345459e-02 7.541800517429919637e-12 9.549638628959655762e-01 2.584842219948768616e-02
8.193926440136500844e-12 1.000000000000000000e+00 6.617771008108914305e-16 1.184574253246158939e-16
1.289716600183510309e-08 1.000000000000000000e+00 1.332591762631674115e-11 3.288862576917607472e-14
9.110911749303340912e-03 9.908890724182128906e-01 5.869522645696179097e-09 1.130766325019294527e-08
8.707285742275416851e-04 6.179897785186767578e-01 1.517690435548502137e-07 3.811393678188323975e-01
5.488187126978516517e-10 9.999290704727172852e-01 1.298516281167394482e-06 6.967578519834205508e-05
1.978746056556701660e-01 8.286905881504935678e-07 1.495960168540477753e-04 8.019749522209167480e-01
8.597277104854583740e-03 8.893429367162752897e-06 1.739815920591354370e-01 8.174121975898742676e-01
