4.471022111829370260e-04 9.958341121673583984e-01 4.658608668250963092e-05 3.672133432701230049e-03
1.176398995994532015e-06 1.783419101286654040e-08 9.998330473899841309e-01 1.656940876273438334e-04
3.568525244190823287e-07 9.845764636993408203e-01 1.522706914693117142e-02 1.960448280442506075e-04
7.876405119895935059e-01 3.228005766868591309e-02 4.890513955615460873e-04 1.795903295278549194e-01
1.439994719021342462e-07 1.213241368532180786e-03 1.763064181432127953e-03 9.970235228538513184e-01
1.619668665853168932e-07 9.999997019767761230e-01 1.107744711931202275e-11 1.099265247717085003e-07
8.993213772773742676e-01 4.255243402440100908e-05 1.006244495511054993e-01 1.169849838333902881e-05
9.999978542327880859e-01 1.907917226984245929e-11 2.163555029577324262e-10 2.147033001165254973e-06
1.070299671113161821e-08 9.996712207794189453e-01 3.286320134066045284e-04 7.120977585373111651e-08
8.404200713130194345e-08 5.243391264230012894e-03 9.947531223297119141e-01 3.370786544110160321e-06
8.710663765668869019e-03 1.640442176721990108e-03 9.895451068878173828e-01 1.037986803567036986e-04
5.919805971643654630e-06 7.779164589010179043e-04 9.992161393165588379e-01 5.249370715887380356e-08
