1.440979104927464505e-07 5.937174428254365921e-04 7.752578239887952805e-04 9.986308813095092773e-01
8.863582611083984375e-01 3.223409876227378845e-02 2.602615859359502792e-05 8.138161897659301758e-02
2.242818009108304977e-03 6.853836384834721684e-05 8.898062515072524548e-05 9.975996613502502441e-01
4.497094079852104187e-03 9.954988360404968262e-01 4.310543477714645633e-09 4.048255959787638858e-06
2.338069826364517212e-01 4.299710781197063625e-05 7.661477923393249512e-01 2.162858208976103924e-06
5.315967276692390442e-02 1.944057643413543701e-03 3.026717195098171942e-06 9.448932409286499023e-01
2.093824835736057821e-10 9.999638795852661133e-01 1.416446249180580708e-08 3.609032864915207028e-05
3.091034095348277333e-09 1.726080540720431600e-06 9.999969005584716797e-01 1.361146246381395031e-06
1.000000000000000000e+00 3.992766403962400013e-13 9.791408794868061705e-10 4.383892360237950925e-08
2.128961750713642687e-05 9.851170182228088379e-01 1.739265571814030409e-04 1.468769833445549011e-02
1.344352066516876221e-01 8.655297160148620605e-01 3.329686660435982049e-05 1.730784333631163463e-06
2.234985004179179668e-06 7.639958994332118891e-07 9.999818205833435059e-01 1.508438617747742683e-05
