9.352228641510009766e-01 4.700555652379989624e-02 5.593511331197786873e-12 1.777155511081218719e-02
5.377204433898441494e-05 2.032044231891632080e-01 7.967410683631896973e-01 7.062628242238133680e-07
9.601946473121643066e-01 8.814045577310025692e-04 1.706415969238150865e-05 3.890679776668548584e-02
5.773961311206221581e-05 1.507043180026812479e-06 9.222913649864494801e-04 9.990184307098388672e-01
4.396575503051280975e-03 1.449929669661287335e-07 9.955538511276245117e-01 4.947833440382964909e-05
1.244855523109436035e-01 5.555294454097747803e-03 3.876115952152758837e-04 8.695715665817260742e-01
1.257813273696228862e-04 9.887117147445678711e-01 1.115618366748094559e-02 6.385891083482420072e-06
9.598580072633922100e-05 3.602571487426757812e-01 6.396468877792358398e-01 7.467789941983937752e-09
3.107890961473458447e-06 1.909330167109146714e-04 9.998059272766113281e-01 1.539728455846045563e-09
1.155618036818850669e-07 1.563869409437756985e-05 7.845353877655725228e-08 9.999841451644897461e-01
1.806415268220007420e-03 9.981848597526550293e-01 3.320347996549344316e-09 8.775291462370660156e-06
2.002242815990484814e-08 9.041023076861165464e-06 9.999909400939941406e-01 5.823011850480952489e-09
