9.759631752967834473e-01 9.145330750470748171e-07 5.360636823326103695e-09 2.403590641915798187e-02
4.318262338638305664e-01 2.863717600121162832e-05 2.247526026621926576e-06 5.681428313255310059e-01
5.747749209403991699e-01 1.038810331374406815e-02 4.121571183204650879e-01 2.679910743609070778e-03
2.248819218948483467e-03 9.518145769834518433e-02 1.742431777529418468e-03 9.008272886276245117e-01
5.416761040687561035e-01 1.116710714995861053e-03 4.565355777740478516e-01 6.714763585478067398e-04
1.567285954952239990e-01 1.610002800589427352e-04 8.430449366569519043e-01 6.536828004755079746e-05
4.825593050150622787e-13 3.477913423921563663e-08 1.000000000000000000e+00 7.880336140575483483e-12
3.668591472272275666e-11 4.163564644193401662e-17 1.000000000000000000e+00 1.175314012610742097e-15
2.693710620754280428e-16 5.334849612241630672e-16 1.000000000000000000e+00 2.821886293310761325e-16
3.277010824156989521e-13 5.043640727223174032e-18 1.000000000000000000e+00 7.738201897831975540e-13
8.216693926817175697e-15 5.470284977541540337e-20 1.000000000000000000e+00 2.086347804589050448e-12
3.278660329342208968e-11 1.889706273405789005e-12 9.999997019767761230e-01 2.859677010746963788e-07
