1.000000000000000000e+00 3.780736845555160430e-13 7.868194290550079018e-11 3.420618455152180104e-09
8.005640506744384766e-01 8.559610694646835327e-03 6.485142023393564159e-08 1.908762902021408081e-01
2.494118522822219575e-10 1.000000000000000000e+00 5.388037932485545412e-11 1.941599059307463904e-08
8.422045502811670303e-04 8.052138156244836864e-08 9.991552233695983887e-01 2.515415189918712713e-06
7.966186785779427737e-06 6.030078511685132980e-04 9.822900295257568359e-01 1.709904149174690247e-02
1.808796674013137817e-01 6.447395682334899902e-01 1.743806302547454834e-01 9.283287027983533335e-08
6.916137408552458510e-06 3.914344889888177192e-11 9.999780058860778809e-01 1.501362203271128237e-05
5.487587486641132273e-07 1.738539026518992614e-06 9.985886812210083008e-01 1.409021555446088314e-03
5.344425439834594727e-01 5.262157174001913518e-06 4.650068283081054688e-01 5.453090998344123363e-04
1.614635437726974487e-01 2.200590461143292487e-05 4.398740362375974655e-03 8.341157436370849609e-01
2.529097255319356918e-03 9.974474310874938965e-01 1.280839387618470937e-05 1.061561943060951307e-05
7.128971815109252930e-01 3.924798875232227147e-05 2.870635390281677246e-01 6.126423587188289943e-12
