2.413125343991850968e-07 9.992451071739196777e-01 2.452067565172910690e-04 5.094456719234585762e-04
8.383272529499663506e-07 4.029581323266029358e-02 9.291628599166870117e-01 3.054045885801315308e-02
1.406260882504284382e-03 8.790122866630554199e-01 1.935489848256111145e-02 1.002264842391014099e-01
1.064133539330214262e-05 1.734078163281083107e-03 9.970062375068664551e-01 1.249068882316350937e-03
9.359660744667053223e-01 5.686104670166969299e-02 1.492214323661755770e-05 7.157925050705671310e-03
2.370751817082350499e-09 2.777972123169103469e-11 2.611459493095935613e-08 1.000000000000000000e+00
1.416562554368283600e-05 9.481973052024841309e-01 4.531174990773934041e-09 5.178852379322052002e-02
1.640648861211957410e-08 4.129453003406524658e-01 6.514768756460398436e-05 5.869895815849304199e-01
1.179517421234788088e-12 9.999999403953552246e-01 8.738407566988293240e-12 8.544056839809854864e-08
1.110000011976808310e-04 3.374107881981558421e-09 2.448493796691764146e-05 9.998645186424255371e-01
1.043021580215963695e-08 9.999849200248718262e-01 1.510948186478344724e-05 1.925874570929408947e-08
3.905529379844665527e-01 5.150719285011291504e-01 3.159926459193229675e-02 6.277587264776229858e-02
