9.735391139984130859e-01 2.787955781968776137e-05 6.682084058411419392e-04 2.576477080583572388e-02
8.459890523226931691e-06 7.506113888666732237e-06 9.999839663505554199e-01 5.181313156299438560e-08
3.518347162753343582e-03 6.858013868331909180e-01 8.183100726455450058e-05 3.105984330177307129e-01
2.861703478629351594e-07 2.382801358180586249e-05 9.983028769493103027e-01 1.672968850471079350e-03
2.277006569784134626e-05 7.909422492957673967e-06 9.999693036079406738e-01 1.612320520150145597e-11
9.965577125549316406e-01 3.430260811001062393e-03 2.893506461987271905e-06 9.167538337351288646e-06
2.499954687706917866e-10 7.727369393251137808e-07 9.999988675117492676e-01 4.278152800907264464e-07
4.342795014381408691e-01 8.561611419821701929e-10 5.628383159637451172e-01 2.882239175960421562e-03
8.985031843185424805e-01 1.031598628742358414e-07 1.014592498540878296e-01 3.744150308193638921e-05
1.000000000000000000e+00 5.734053856731868848e-11 3.845367167049085211e-12 8.076679769430938904e-09
9.998987913131713867e-01 6.093396186929167513e-12 1.012177308439277112e-04 3.909455259520910886e-10
8.023127317428588867e-01 1.174533367156982422e-02 1.858355253934860229e-01 1.063752933987416327e-04
