1.461706977679000374e-09 4.656023904681205750e-02 7.686564922332763672e-01 1.847833395004272461e-01
8.940881490707397461e-01 1.058873310685157776e-01 1.696538674877956510e-05 7.538108548033051193e-06
1.490362592448946089e-06 4.786650606547482312e-06 1.497205666964873672e-04 9.998439550399780273e-01
9.383934736251831055e-01 6.052572652697563171e-02 3.453688805166166276e-06 1.077279797755181789e-03
9.383006952702999115e-03 6.468610167503356934e-01 3.428107798099517822e-01 9.451995138078927994e-04
4.118189681321382523e-04 8.603791684436146170e-06 6.027311769685184117e-07 9.995789527893066406e-01
1.000000000000000000e+00 1.915771360994078520e-12 9.485140537585090570e-13 1.567105396594074482e-15
9.228347253031898845e-12 9.999999403953552246e-01 9.444843840356043074e-08 3.631037527943026255e-13
1.158995788230754442e-09 9.986131191253662109e-01 1.386880641803145409e-03 1.079937736458980169e-10
3.855551779270172119e-02 5.385864278650842607e-05 9.562140703201293945e-01 5.176526494324207306e-03
7.127531766891479492e-01 1.755239176226552900e-09 1.061263587325811386e-02 2.766341567039489746e-01
3.218402853235602379e-03 9.508094080956652761e-05 9.966853260993957520e-01 1.184482698590727523e-06
