2.347328327596187592e-02 3.935510665178298950e-02 8.171523809432983398e-01 1.200192347168922424e-01
2.800925540213938802e-05 1.915444037877023220e-03 3.714867234230041504e-01 6.265698075294494629e-01
1.159710111096501350e-03 9.484229683876037598e-01 5.036417767405509949e-02 5.308091567712835968e-05
1.226569565915269777e-07 4.608679228113032877e-05 9.885657429695129395e-01 1.138800475746393204e-02
2.495356276631355286e-02 2.992351651191711426e-01 1.846541124450595817e-07 6.758110523223876953e-01
2.614888687524352662e-11 2.150733564576512435e-07 1.866585961352029699e-07 9.999995827674865723e-01
1.113818370868102647e-07 9.893020391464233398e-01 1.977671928443669458e-07 1.069760136306285858e-02
1.660523878399544628e-07 9.999998211860656738e-01 4.189134119887000240e-13 1.197836621558145964e-11
7.160229870351031423e-05 7.503419760523932780e-12 4.445126978680491447e-05 9.998839497566223145e-01
3.235667755865229145e-13 9.999684691429138184e-01 9.266870049096098683e-10 3.152253702864982188e-05
1.689112991698493715e-06 9.999976158142089844e-01 6.067240860829770099e-07 3.785012836488022003e-08
1.987673604162409902e-04 9.909659624099731445e-01 3.517071945680072531e-06 8.831791579723358154e-03
