5.386070700552636481e-09 1.368831563740968704e-02 9.862639904022216797e-01 4.771395106217823923e-05
3.872158995363861322e-04 3.424550595809705555e-05 9.930606484413146973e-01 6.517872679978609085e-03
6.806284934282302856e-02 1.829705238342285156e-01 7.489644885063171387e-01 2.088222572638187557e-06
9.991483092308044434e-01 7.175641949288547039e-04 9.544854906451405441e-10 1.340896560577675700e-04
7.337262308143577272e-13 1.108692131157607008e-11 1.000000000000000000e+00 2.724840839074538223e-11
4.214031249284744263e-02 1.411954726791009307e-04 8.909459710121154785e-01 6.677252054214477539e-02
1.692258555507919482e-09 1.314718733880226864e-08 1.000000000000000000e+00 2.599901804956061824e-08
3.882586952386191115e-06 4.370446549728512764e-04 9.977060556411743164e-01 1.853044261224567890e-03
1.013295877783093601e-05 2.346779715001190425e-10 9.999865293502807617e-01 3.359344191267155111e-06
9.878091812133789062e-01 1.219072565436363220e-02 3.173542678647223170e-11 1.741304060942638898e-07
1.355005565528699663e-07 1.468307031515792005e-09 9.996562004089355469e-01 3.436748811509460211e-04
4.890333116236433852e-07 1.255085109733045101e-03 9.982748627662658691e-01 4.695654788520187140e-04
