9.988020658493041992e-01 2.370592555962502956e-04 8.004308328963816166e-04 1.604673743713647127e-04
2.224688942078500986e-04 9.997772574424743652e-01 4.561171440542466371e-09 2.695956879961158847e-07
3.018783172592520714e-04 1.855244161561131477e-03 9.978429079055786133e-01 3.560763417453927104e-08
3.159869015216827393e-01 4.290874358048313297e-07 6.837748289108276367e-01 2.379230427322909236e-04
7.644256576895713806e-03 3.716273605823516846e-01 2.630000199133064598e-05 6.207020878791809082e-01
9.708867669105529785e-01 1.229668589175503257e-09 2.904958277940750122e-02 6.366439629346132278e-05
2.485910590621642768e-05 1.549978719594946597e-06 1.468849495722679421e-05 9.999589323997497559e-01
9.999942183494567871e-01 2.307662505529606278e-09 8.462225196126382798e-07 4.931169314659200609e-06
2.544143795967102051e-01 1.783659160137176514e-01 1.071326881647109985e-01 4.600870609283447266e-01
2.288362383842468262e-02 9.427452683448791504e-01 2.663593366742134094e-02 7.735071238130331039e-03
9.982315897941589355e-01 3.101930778939276934e-04 4.280768334865570068e-04 1.030132407322525978e-03
1.034851593431085348e-04 1.853180816397070885e-03 3.190441057085990906e-04 9.977242350578308105e-01
