9.866015315055847168e-01 6.967647932469844818e-04 1.270039286464452744e-02 1.298723987019911874e-06
1.976880885194987059e-04 1.277888713957509026e-06 9.996813535690307617e-01 1.196578523376956582e-04
9.997342228889465332e-01 2.654121490195393562e-04 2.992860288486554055e-07 6.815506026214279700e-08
2.152569144964218140e-01 7.161587709560990334e-04 7.840260267257690430e-01 8.807034532765101176e-07
2.469246461987495422e-02 4.830375313758850098e-03 9.701510071754455566e-01 3.261961683165282011e-04
2.344988984987139702e-03 9.975484013557434082e-01 1.045352764776907861e-04 2.134583610313711688e-06
9.938870668411254883e-01 6.081847473978996277e-03 3.080154056078754365e-05 2.290762353140962659e-07
5.787674126622732729e-07 2.140921715181320906e-04 9.997092485427856445e-01 7.606355211464688182e-05
6.695437710732221603e-03 9.932457208633422852e-01 1.308245828113285825e-05 4.572899706545285881e-05
9.999912381172180176e-01 8.430897651123814285e-06 9.890936780720949173e-08 3.074560197546816198e-07
1.632686555385589600e-01 1.359840351433660999e-09 8.367310762405395508e-01 2.573045492226810893e-07
1.526868072687648237e-05 9.996797442436218262e-01 6.582658862441803649e-09 3.049720835406333208e-04
