2.239650882529531373e-07 1.557835105359117733e-07 1.113460484702955000e-06 9.999985694885253906e-01
3.690057326366513735e-08 1.784951746230944991e-04 2.996720013470621780e-06 9.998185038566589355e-01
2.445161726427613758e-06 1.448538247495889664e-02 6.086674602556740865e-06 9.855061173439025879e-01
1.704175083432346582e-04 9.589964747428894043e-01 2.222149260342121124e-02 1.861167326569557190e-02
9.997461438179016113e-01 1.790112146409228444e-04 2.756119386049249442e-07 7.448087126249447465e-05
1.365682692267000675e-06 2.740264619660592871e-07 1.743222528602927923e-04 9.998240470886230469e-01
2.661973936483263969e-03 3.522508862374706951e-08 2.719972469478193489e-09 9.973379969596862793e-01
2.441105971229262650e-05 2.608059958220110275e-06 9.999725222587585449e-01 4.945088676322484389e-07
5.271543912499510043e-08 1.049615283577054470e-09 9.999998211860656738e-01 8.866123835105099715e-08
1.878570042579408295e-11 1.889380277134478092e-03 1.304311581407091580e-06 9.981092810630798340e-01
1.014343880001433718e-07 1.160313445325300563e-06 7.734613973298110068e-06 9.999909996986389160e-01
9.875302314758300781e-01 4.160907119512557983e-03 7.475568563677370548e-04 7.561356760561466217e-03
