8.794144378043711185e-05 3.124810188381843545e-09 9.999070763587951660e-01 4.978353899787180126e-06
1.267946092411875725e-03 1.324330312080235217e-09 9.942622780799865723e-01 4.469731356948614120e-03
7.733105421066284180e-01 7.241919636726379395e-03 2.194469422101974487e-01 5.955362212262116373e-07
9.971501231193542480e-01 2.623042091727256775e-03 2.266988012706860900e-04 9.870413464341254439e-08
3.944933996535837650e-05 6.345739215612411499e-02 9.363855719566345215e-01 1.176292353193275630e-04
9.934584498405456543e-01 1.045617624185979366e-03 3.072443883866071701e-03 2.423435449600219727e-03
1.009490661090239882e-04 3.960435535077522218e-08 9.998989701271057129e-01 4.073053716524555057e-08
1.061798073351383209e-02 1.399882876285118982e-06 9.888635873794555664e-01 5.170697695575654507e-04
9.996746182441711426e-01 3.253150498494505882e-04 6.650905959304509452e-08 1.225277745930952733e-08
5.060885087004862726e-05 8.311654653425648576e-08 9.999492764472961426e-01 3.150708582921879497e-10
2.503642998635768890e-02 9.793893473997172805e-10 9.749616980552673340e-01 1.898764594443491660e-06
9.998076558113098145e-01 2.956668243569993137e-11 1.812787813832983375e-04 1.100684767152415588e-05
