9.684758186340332031e-01 2.785395481623709202e-04 4.892287543043494225e-04 3.075644932687282562e-02
2.356693148612976074e-03 1.204253123887610855e-07 1.051869592629373074e-03 9.965913295745849609e-01
2.787159175329789740e-12 1.790727708339545643e-07 7.589747497149801347e-08 9.999997615814208984e-01
4.347958437733723258e-08 2.778597574248919955e-09 6.548558303620666265e-06 9.999934434890747070e-01
2.557568019255995750e-03 9.778003441169857979e-04 1.824143230915069580e-01 8.140503764152526855e-01
1.187440687999696820e-07 2.890605901484377682e-05 1.788391527952626348e-04 9.997921586036682129e-01
9.583770036697387695e-01 1.962905344043974765e-06 2.217579542218572897e-08 4.162104055285453796e-02
2.751647620868880040e-08 7.151612953748553991e-05 7.258321158587932587e-03 9.926701188087463379e-01
8.446289598941802979e-02 3.614441448007710278e-05 4.461396529986672022e-10 9.155009984970092773e-01
3.299966522263275692e-09 2.940866164863109589e-02 9.963415550373611040e-07 9.705902934074401855e-01
5.860304597149479378e-08 4.175537014816654846e-06 1.133220717264293853e-08 9.999957680702209473e-01
1.089751720428466797e-02 7.910838723182678223e-02 5.091259479522705078e-01 4.008681178092956543e-01
