5.655676432070322335e-06 9.999942779541015625e-01 7.016672576298788044e-09 7.228678100545948837e-08
9.961561560630798340e-01 6.679553621324885171e-08 5.693057901225984097e-04 3.274537157267332077e-03
3.564540743827819824e-01 2.048323750495910645e-01 5.250559654086828232e-03 4.334629774093627930e-01
8.453971743583679199e-01 3.706165822222828865e-03 2.950424677692353725e-04 1.506016701459884644e-01
4.871179157817095984e-07 2.417769792373292148e-05 2.972229849547147751e-03 9.970031380653381348e-01
3.904491165940271458e-07 4.940629936754703522e-03 2.226333599537611008e-03 9.928326010704040527e-01
6.601870605749127208e-09 9.999979734420776367e-01 1.123576339523424394e-06 8.640261057735187933e-07
1.488970724494720344e-08 1.000000000000000000e+00 3.130714546113744223e-13 7.938641606065888201e-13
9.999977350234985352e-01 7.127055057232212221e-10 2.294056685059331357e-06 1.262334237139839388e-09
4.916721536574186757e-06 8.128517947625368834e-07 9.999912381172180176e-01 3.082323019043542445e-06
5.430285236798226833e-04 2.991622895933687687e-04 9.991337060928344727e-01 2.407759893685579300e-05
7.605518102645874023e-01 6.646316614933311939e-04 1.793686124074156396e-06 2.387816756963729858e-01
