4.765999150890820601e-08 4.088638871913019557e-10 2.290513663183446624e-07 9.999997019767761230e-01
1.000000000000000000e+00 3.938463333241770670e-09 2.376932474579788882e-16 1.780529890194060272e-11
6.227057054638862610e-02 2.113451212644577026e-01 3.592039092836785130e-07 7.263839840888977051e-01
1.372545170852390584e-07 4.687261208891868591e-02 9.531246423721313477e-01 2.633392114148591645e-06
1.470083952881395817e-04 6.244944930076599121e-01 5.754908549704396137e-09 3.753585219383239746e-01
2.704462167457677424e-05 9.985443353652954102e-01 7.695553358644247055e-04 6.590116536244750023e-04
1.664453463945392286e-08 9.999983906745910645e-01 2.831911372069839672e-10 1.584268261467514094e-06
6.677351484540849924e-05 2.809906005859375000e-02 9.683660864830017090e-01 3.468070877715945244e-03
1.878226044027542230e-06 9.998686313629150391e-01 1.278961135540157557e-04 1.637739160287310369e-06
6.027367760452762013e-08 9.999725818634033203e-01 2.714453694352414459e-05 1.515681731234508334e-07
9.301358368247747421e-04 5.924110160759887833e-12 9.990698099136352539e-01 5.587105000870451477e-09
2.027061954140663147e-02 7.812961004674434662e-03 1.501399725675582886e-01 8.217764496803283691e-01
