7.950083352625370026e-03 9.274258017539978027e-01 4.492497537285089493e-03 6.013171374797821045e-02
3.334932923316955566e-01 2.116977274417877197e-01 1.729393005371093750e-01 2.818696498870849609e-01
9.597264528274536133e-01 4.997840733267366886e-04 1.999860629439353943e-02 1.977514103055000305e-02
1.791497743397485465e-05 2.276770283060614020e-05 1.073436811566352844e-03 9.988858699798583984e-01
3.857448995113372803e-01 1.176376733928918839e-02 6.023324728012084961e-01 1.588916202308610082e-04
1.408403622917830944e-04 5.793930888175964355e-01 4.156241714954376221e-01 4.841838032007217407e-03
3.325415402650833130e-02 9.147582650184631348e-01 4.112743213772773743e-02 1.086020749062299728e-02
1.846349406697811446e-09 1.000000000000000000e+00 5.198107722037548228e-09 2.932196985216961593e-10
4.913327232049236049e-13 1.534247728862681015e-11 1.000000000000000000e+00 8.681320747492619308e-17
3.481800376903265715e-05 1.709557771682739258e-01 7.567133434349671006e-05 8.289337158203125000e-01
2.583887253422290087e-04 1.407328333730140102e-11 8.898817013130999598e-14 9.997416138648986816e-01
1.000000000000000000e+00 4.357731508974893586e-09 2.331106863096010784e-09 2.243425711867530481e-08
