3.311097680125385523e-04 2.660849816038535209e-07 4.973848000133784808e-10 9.996686577796936035e-01
5.981381036690436304e-05 9.974685311317443848e-01 2.216113731265068054e-03 2.554490929469466209e-04
2.628318786571104404e-12 1.000000000000000000e+00 3.463842102036096549e-09 1.914499492272625503e-08
1.528386622667312622e-01 2.857905055861920118e-04 1.978071304620243609e-05 8.468558192253112793e-01
1.054501641561955694e-08 5.201216936256969348e-06 9.999947547912597656e-01 3.444012719455713523e-08
3.593411296606063843e-03 2.768394125052253685e-10 9.964065551757812500e-01 1.055042631037395040e-08
1.253233253955841064e-01 1.328319194726645947e-04 8.745136857032775879e-01 3.014723915839567780e-05
9.999856352806091309e-01 1.435159447282785550e-05 5.946067194173565440e-09 6.191541945810286052e-09
8.734543825994478539e-07 2.583284549473319203e-05 8.455620408058166504e-01 1.544112861156463623e-01
4.838601220399141312e-03 8.361780643463134766e-01 3.950082827941514552e-06 1.589793711900711060e-01
1.222417833623978822e-09 2.925997832790017128e-04 3.287461414203107779e-10 9.997074007987976074e-01
8.217183600223165740e-10 2.419149991439439873e-09 9.998073577880859375e-01 1.926337718032300472e-04
