1.999027153942734003e-05 2.780183785944245756e-05 9.998969435691833496e-01 5.535742457141168416e-05
7.756887078285217285e-01 5.588846653699874878e-02 2.157773543176588760e-10 1.684228330850601196e-01
9.396235789438378561e-09 6.514403223991394043e-01 4.508642014116048813e-04 3.481088876724243164e-01
2.108052285620942712e-05 2.188457983720581979e-05 4.234315838402835652e-06 9.999527931213378906e-01
5.739586055278778076e-02 1.074714873539051041e-05 9.425927400588989258e-01 7.072857783896324690e-07
2.938812249109190589e-10 1.000000000000000000e+00 4.382545881753685535e-09 2.640117464924873758e-11
1.876358877300754457e-12 1.000000000000000000e+00 7.157732628826352084e-09 2.417569996190221948e-13
3.295006463304162025e-04 1.831384349726405958e-10 9.996705055236816406e-01 4.054199196409230543e-13
4.529773816466331482e-02 3.519426099956035614e-04 1.556940674781799316e-01 7.986562252044677734e-01
5.668835714459419250e-03 9.909138679504394531e-01 3.227992216125130653e-03 1.893646985990926623e-04
2.491581439971923828e-02 2.832016616594046354e-04 9.748010039329528809e-01 2.595784698300462878e-09
1.607949525350704789e-04 4.092808961868286133e-01 2.498962357640266418e-02 5.655686855316162109e-01
