1.814163806557189673e-05 2.094137244057492353e-06 4.472863052162878716e-13 9.999797940254211426e-01
5.387840928960940801e-07 1.042645830784394434e-10 9.999994635581970215e-01 6.242128667253987739e-13
2.094338970911463482e-13 1.056572386914922390e-06 9.999858140945434570e-01 1.311830146732972935e-05
7.078908681869506836e-01 7.263711653649806976e-03 2.848454713821411133e-01 3.332963238733555045e-09
1.850737817585468292e-02 5.983180528801312903e-08 9.814925789833068848e-01 3.294000450182466011e-08
3.305813297629356384e-02 3.519490710459649563e-04 9.664794206619262695e-01 1.104405382648110390e-04
4.119536839425563812e-03 9.951285123825073242e-01 2.090208361948953097e-08 7.519904174841940403e-04
3.095224201388191432e-06 9.389920742250978947e-04 5.324782431125640869e-02 9.458100795745849609e-01
1.827570145457139972e-15 1.996842144760813120e-12 1.000000000000000000e+00 2.746086691374216571e-10
9.043415047926828265e-06 3.155477398472661399e-12 9.994241595268249512e-01 5.668167723342776299e-04
9.996545910835266113e-01 2.793957828544080257e-04 6.600522465305402875e-05 3.189812192161411986e-09
1.575462811160832644e-04 9.933189749717712402e-01 6.523399148136377335e-03 8.446330213018882205e-08
