2.050589397549629211e-02 3.593442142009735107e-01 3.267141892138170078e-06 6.201466321945190430e-01
9.093492627143859863e-01 2.711401748456410132e-06 9.064802527427673340e-02 2.581667379875085544e-10
3.691353445134382127e-09 8.339437842369079590e-01 9.263574331998825073e-02 7.342045754194259644e-02
8.369298143406922463e-08 8.909437019610777497e-05 9.999088048934936523e-01 2.021052296186098829e-06
8.331633580382913351e-05 3.435005890839448739e-10 9.999166727066040039e-01 7.660134748732616572e-09
9.487547874450683594e-01 3.253073543874052120e-08 5.123830214142799377e-02 6.889018550282344222e-06
9.959553135558962822e-04 1.369840356346685439e-05 5.145717877894639969e-04 9.984757304191589355e-01
2.587938904762268066e-01 4.510100781917572021e-01 2.901954650878906250e-01 5.236796596364001743e-07
4.726547747850418091e-02 1.971534185907231063e-10 9.137291312217712402e-01 3.900546208024024963e-02
5.467206687370662621e-09 4.331869973839275190e-09 6.065854069037257545e-11 1.000000000000000000e+00
8.118691444396972656e-01 1.881306320428848267e-01 4.063794786790531077e-11 3.096400007507327246e-07
1.074632818927057087e-04 6.642146706581115723e-01 2.748293809418100864e-05 3.356504738330841064e-01
