4.205011646263301373e-05 1.205715971508425355e-08 9.751904606819152832e-01 2.476748637855052948e-02
2.861141410903655924e-06 8.395779877901077271e-05 3.285951167345046997e-02 9.670536518096923828e-01
3.656231939430654165e-08 9.999999403953552246e-01 2.335207374692949145e-11 1.932314768263165838e-12
1.316397035822092221e-08 3.189378015161503654e-12 1.000000000000000000e+00 3.121823910490206799e-10
9.728617034852504730e-03 1.457071448385249823e-06 1.732427477836608887e-01 8.170271515846252441e-01
3.558933362364768982e-02 6.800446135457605124e-05 4.869911074638366699e-02 9.156435132026672363e-01
9.894301891326904297e-01 7.006453233771026134e-05 1.049973070621490479e-02 2.612116523081908781e-09
3.011116405104985461e-07 4.120174050331115723e-02 9.376958608627319336e-01 2.110209688544273376e-02
1.843384001404047012e-03 3.347049057483673096e-01 6.577686667442321777e-01 5.683102644979953766e-03
3.195319441147148609e-04 2.836138196289539337e-02 9.712656140327453613e-01 5.344650708138942719e-05
9.513893746770918369e-05 1.710155265755020082e-05 6.728947399281537400e-10 9.998877644538879395e-01
9.181884527206420898e-01 3.665004333015531301e-04 2.484878525137901306e-03 7.896019518375396729e-02
