7.903095684014260769e-05 9.993220567703247070e-01 3.956050477427197620e-06 5.949516780674457550e-04
2.627372763797097832e-10 9.999975562095642090e-01 6.870793640700867400e-07 1.706625312181131449e-06
1.377059855034445945e-10 3.552349525648423878e-10 1.000000000000000000e+00 1.262496877874053069e-11
9.618800878524780273e-01 7.176930694186012261e-08 3.697080165147781372e-02 1.149047282524406910e-03
5.336426625035528559e-07 3.510608439682982862e-05 1.286388638839508491e-12 9.999643564224243164e-01
6.691613048315048218e-02 4.213543236255645752e-01 5.117280483245849609e-01 1.547726583339681383e-06
1.482663151364249643e-06 9.989112615585327148e-01 2.998636091433581896e-06 1.084247836843132973e-03
9.951824545860290527e-01 4.892882099483131242e-09 4.023559813504107296e-05 4.777280613780021667e-03
2.280540320498403162e-05 9.906768798828125000e-01 2.309607109054923058e-03 6.990690249949693680e-03
3.395754902157932520e-05 4.416988193988800049e-01 5.581524968147277832e-01 1.148425144492648542e-04
1.186554580926895142e-01 1.249431632459163666e-03 8.530616760253906250e-01 2.703340537846088409e-02
5.982337097520940006e-05 1.341377901553642005e-05 2.232111683042603545e-06 9.999245405197143555e-01
