3.368219722688081674e-06 4.111571172416006448e-08 9.999964833259582520e-01 8.281394769937833189e-08
8.314949423438022791e-12 1.000000000000000000e+00 1.373732327891730165e-08 9.785352866539809291e-13
5.421755822077045650e-10 1.000000000000000000e+00 4.377552209611224043e-10 1.388488456155467787e-11
1.867405623197555542e-01 2.233899235725402832e-01 5.387300997972488403e-02 5.359964966773986816e-01
5.325513426214456558e-03 1.027060625347075984e-05 6.051626801490783691e-01 3.895015716552734375e-01
3.824605140835046768e-03 7.749597491502058233e-11 9.961754083633422852e-01 1.279193551084745195e-08
1.256611759092862712e-10 5.626690451998421494e-14 1.000000000000000000e+00 1.741555326092005061e-16
2.512018978595733643e-01 7.487979531288146973e-01 1.480382394447588013e-07 5.990032914127141339e-09
4.865765804424881935e-04 9.995132684707641602e-01 1.306170673842643737e-07 3.543366641767242697e-11
9.999958872795104980e-01 3.622467560290831834e-12 2.166171100270730676e-07 3.924947122868616134e-06
1.546879410743713379e-01 8.452103734016418457e-01 1.017098547890782356e-04 1.127262816424945413e-08
9.732639193534851074e-01 1.147420844063162804e-03 3.544975537806749344e-03 2.204367704689502716e-02
