6.014610335114412010e-05 1.143902977673860732e-06 9.999313950538635254e-01 7.292030659300507978e-06
8.112096041440963745e-02 2.040641411440446973e-04 8.057674858719110489e-04 9.178692102432250977e-01
1.008569870464270934e-05 1.904586679302155972e-05 9.838445782661437988e-01 1.612632162868976593e-02
9.997950792312622070e-01 8.277026495306927245e-07 2.007879957091063261e-04 3.331698053443687968e-06
1.557184623379725963e-05 9.999837875366210938e-01 3.202862899343017489e-07 3.445146319336345186e-07
1.813242785086988107e-11 1.425981555058797312e-11 6.789360740278027606e-11 1.000000000000000000e+00
9.823593497276306152e-01 3.193704469595104456e-05 1.965046627447009087e-03 1.564364880323410034e-02
9.726473689079284668e-01 2.734390459954738617e-02 8.716750016901642084e-06 4.733793912414796523e-10
9.999999403953552246e-01 4.268784081773446815e-08 1.728190568428544793e-08 3.537044657164756245e-09
9.934279918670654297e-01 2.087590928567806259e-06 6.511704996228218079e-03 5.824299296364188194e-05
5.607151389122009277e-01 2.822804963216185570e-04 4.372474253177642822e-01 1.755198463797569275e-03
9.997168183326721191e-01 9.883870805138528226e-11 4.813340638065710664e-06 2.784042444545775652e-04
