3.504228152451105416e-05 3.653115406632423401e-02 1.246114145033061504e-03 9.621876478195190430e-01
4.969364364448836113e-10 1.153288991190493107e-03 9.988439679145812988e-01 2.735267798925633542e-06
9.999998807907104492e-01 1.698731849630874535e-10 1.123984318951443129e-07 7.869826209976060749e-13
1.879271422922101920e-07 2.050843717071870742e-09 1.178784847510883083e-09 9.999997615814208984e-01
1.363287310596206225e-06 1.626817043870687485e-03 4.953995613732331549e-08 9.983717799186706543e-01
1.437399441783782095e-05 3.475803764816168262e-14 9.977456927299499512e-01 2.239974448457360268e-03
5.429912562249228358e-06 3.563702666298240729e-10 4.185548722743988037e-01 5.814396739006042480e-01
2.669760235107787594e-08 9.984748959541320801e-01 3.871115268339053728e-07 1.524747814983129501e-03
7.462595589458942413e-03 4.010310294688679278e-05 5.118653945146434125e-08 9.924972057342529297e-01
8.610550050747178830e-10 5.458547384478151798e-04 9.992493987083435059e-01 2.047714806394651532e-04
4.078715741634368896e-01 1.035879366099834442e-03 1.354669848296907730e-06 5.910912156105041504e-01
3.052452811971306801e-04 9.590607369318604469e-04 7.066750526428222656e-01 2.920606732368469238e-01
