1.046994475473184139e-05 1.681915819644927979e-01 8.317610621452331543e-01 3.694553015520796180e-05
1.606823951005935669e-01 8.393170237541198730e-01 5.400125928645138629e-07 3.106362456151146034e-08
4.018934760097181424e-06 9.999635815620422363e-01 9.245767529364457005e-08 3.230928632547147572e-05
1.205946085974574089e-03 9.439188838005065918e-01 4.842090129386633635e-04 5.439097806811332703e-02
2.531419518447819428e-12 9.999990463256835938e-01 1.922031978018878817e-12 9.175706736641586758e-07
9.479760774411261082e-04 1.018303388659880238e-12 9.990519881248474121e-01 7.880970300590565622e-16
6.987013816833496094e-01 4.538798350495198974e-07 1.916580717079341412e-03 2.993815541267395020e-01
3.813289527893060082e-12 6.944058554836374242e-07 2.150417647769908847e-12 9.999992847442626953e-01
9.987818598747253418e-01 5.138540873304009438e-04 7.040274795144796371e-04 2.606192026632925263e-07
7.382254600524902344e-01 8.354890468353914912e-08 1.821701175686030183e-06 2.617725729942321777e-01
1.588420569896697998e-02 4.823749959468841553e-01 2.099486766383051872e-03 4.996413290500640869e-01
7.523375153541564941e-01 2.059175819158554077e-02 2.270706743001937866e-01 2.160711076726329338e-08
