2.838436663150787354e-01 3.019266063347458839e-03 7.117428779602050781e-01 1.394270337186753750e-03
3.757544793188571930e-03 2.422761317575350404e-04 9.429309368133544922e-01 5.306915193796157837e-02
9.999703168869018555e-01 1.295849779126001522e-05 8.966991593695183838e-09 1.669849007157608867e-05
1.226446684449911118e-02 5.791193871118593961e-07 9.877349138259887695e-01 4.387717567055915424e-08
8.218427747488021851e-02 1.729073002934455872e-02 8.596383122494444251e-05 9.004390239715576172e-01
9.998306632041931152e-01 6.980846228543668985e-05 9.928900544764474034e-05 1.863604666141327471e-07
9.279370903968811035e-01 7.191409170627593994e-02 3.012469096574932337e-05 1.186977679026313126e-04
8.831066489219665527e-01 7.903820369392633438e-04 8.680101927893701941e-06 1.160943657159805298e-01
5.253217648714780807e-03 3.251326779718510807e-05 9.945669174194335938e-01 1.472981384722515941e-04
9.989639520645141602e-01 3.532275627549097408e-07 1.034765853546559811e-03 9.088840329241065774e-07
6.786203011870384216e-03 1.479126603953773156e-05 9.931936860084533691e-01 5.254596544546075165e-06
8.260903358459472656e-01 1.738919615745544434e-01 1.591594980254740221e-07 1.757675636326894164e-05
