7.973599167598877102e-07 2.585231584362190915e-08 9.999991059303283691e-01 9.483979113156237872e-08
9.760351181030273438e-01 2.997881054511708498e-08 2.396448142826557159e-02 3.567172086604841752e-07
4.848940079682506621e-06 2.737942268140614033e-04 9.997211694717407227e-01 2.095432165560850990e-07
4.503015225054696202e-05 5.117868906445721677e-10 9.999507069587707520e-01 4.266708401701180264e-06
2.053329488262534142e-03 3.598256781697273254e-02 1.963613299738042883e-11 9.619641304016113281e-01
3.026557476859537132e-11 3.242368179501298187e-11 1.000000000000000000e+00 5.030078575884999736e-10
4.607528247824177470e-10 7.058850428620644379e-07 9.999982118606567383e-01 1.069645236384531017e-06
7.589065376123471651e-09 1.115584069566466496e-09 9.999972581863403320e-01 2.766122406683280133e-06
9.876200056169182062e-05 3.733542143891099840e-06 9.998970627784729004e-01 4.343320938460237812e-07
1.459913764847442508e-04 1.651646941900253296e-01 3.554506110958755016e-04 8.343338370323181152e-01
2.902348326949688584e-11 3.090055193752050400e-03 6.222040127568106982e-08 9.969098567962646484e-01
3.190136700868606567e-02 1.272409135708585382e-04 2.923471629619598389e-01 6.756242513656616211e-01
