4.488570266403257847e-05 7.567032705992460251e-03 1.954375067725777626e-03 9.904336929321289062e-01
1.058868365362286568e-03 9.485374903306365013e-05 7.982107251882553101e-02 9.190252423286437988e-01
3.678035223856568336e-03 1.406904721079627052e-05 9.963079094886779785e-01 4.899435523952888616e-09
7.019930592377932044e-08 2.435383212286978960e-04 3.490534368211228866e-07 9.997560381889343262e-01
7.543330582393537043e-08 4.094144242117181420e-05 1.162022229550530028e-07 9.999588131904602051e-01
1.206015669275029012e-11 1.364752755250719929e-08 1.576146701154357288e-06 9.999983906745910645e-01
2.476040208421181887e-07 1.116183047997765243e-04 4.583506196809139510e-08 9.998881220817565918e-01
6.696253269910812378e-02 7.873908281326293945e-01 6.697155535221099854e-03 1.389495432376861572e-01
7.127752155065536499e-02 2.932703064288944006e-04 3.585150465369224548e-02 8.925777077674865723e-01
9.980868101119995117e-01 6.878947260702261701e-07 5.785929261037381366e-06 1.906725461594760418e-03
9.644545361994771859e-13 6.946186772438522894e-07 5.121484605297155213e-07 9.999988079071044922e-01
9.210228066325321095e-12 2.555608391574537563e-09 1.845395086741419277e-10 1.000000000000000000e+00
