1.391135447192937136e-05 1.421178225427865982e-02 9.716569329611957073e-04 9.848026633262634277e-01
6.367028355598449707e-01 1.634189337491989136e-01 1.998781412839889526e-01 2.245189145710924095e-09
8.660138249397277832e-01 1.413570018485188484e-03 1.324578672647476196e-01 1.147803486674092710e-04
1.534659205271182714e-10 6.826743163823589811e-12 2.383184361659518302e-12 1.000000000000000000e+00
9.923780560493469238e-01 1.860570222333990387e-07 6.793113891035318375e-03 8.285571821033954620e-04
1.575623601675033569e-01 5.305039510130882263e-02 1.793533374438993633e-05 7.893692851066589355e-01
4.499706029891967773e-01 1.076534297317266464e-02 5.392640829086303711e-01 2.625330335070952259e-11
4.093342553801448958e-08 5.440775296960964624e-08 9.999992847442626953e-01 5.988960083413985558e-07
1.036003790795803070e-02 1.378153702269457881e-09 9.896399974822998047e-01 7.596700352108243237e-11
1.367951446562543083e-10 9.999992251396179199e-01 7.270701871675555594e-07 1.045468643297645106e-13
8.406575918197631836e-01 2.845662550043925876e-07 1.589254438877105713e-01 4.166221769992262125e-04
2.508819662034511566e-02 5.778191089630126953e-01 2.222614857601001859e-04 3.968704640865325928e-01
