1.198063400806859136e-04 5.042407196015119553e-03 5.132465048518497497e-07 9.948372840881347656e-01
1.828127889893949032e-03 9.914913773536682129e-01 5.970701109617948532e-03 7.098761270754039288e-04
7.194926729425787926e-05 8.217018097639083862e-03 7.592034307890571654e-06 9.917034506797790527e-01
9.823575019836425781e-01 4.414025897858664393e-05 1.159460004419088364e-02 6.003761198371648788e-03
6.818555295467376709e-03 3.029613581020385027e-04 8.204596610994485673e-07 9.928776621818542480e-01
4.290271263251987932e-12 1.000000000000000000e+00 1.102196528490750893e-10 1.727703570486571749e-11
4.884677647039098111e-15 3.571066765185133482e-15 1.000000000000000000e+00 1.384694692241339453e-09
9.971165657043457031e-01 4.209785838611423969e-04 2.462161006405949593e-03 3.039581883967912290e-07
9.903591490001417696e-06 9.967309832572937012e-01 3.212626790627837181e-03 4.652241113944910467e-05
1.168122221173462094e-08 8.402748033404350281e-03 9.885362386703491211e-01 3.061049850657582283e-03
4.123518010601401329e-04 4.296068436815403402e-05 9.995042681694030762e-01 4.044812158099375665e-05
3.140007902402430773e-05 1.016261137465335196e-07 9.999681711196899414e-01 3.418375342789659044e-07
