2.803731376843643375e-06 9.091318249702453613e-01 1.616167649626731873e-02 7.470371574163436890e-02
2.715937474917495820e-09 9.999428391456604004e-01 5.714673170587047935e-05 4.957402488514617289e-09
8.499559944752377305e-10 2.284608626723638736e-06 9.999791383743286133e-01 1.855304617492947727e-05
1.804737299680709839e-01 7.045754273349302821e-07 3.227127790451049805e-01 4.968127906322479248e-01
9.241506631951779127e-06 2.548852240380483636e-09 1.180456843385968568e-09 9.999907016754150391e-01
8.491331827826797962e-04 1.079499199986457825e-01 2.257317959220017656e-07 8.912007212638854980e-01
2.746695827227085829e-04 9.997252821922302246e-01 4.270754061508341692e-08 1.803241445053060943e-10
4.886516791202666354e-08 2.720992142712930217e-07 9.989690780639648438e-01 1.030588173307478428e-03
9.350112825632095337e-02 4.748686023958725855e-06 8.420739504799712449e-06 9.064856767654418945e-01
9.877832531929016113e-01 4.813413601368665695e-03 2.690099878236651421e-03 4.713201429694890976e-03
2.373412826273124665e-06 3.529912531375885010e-01 6.194520665303571150e-06 6.470001339912414551e-01
4.745630547404289246e-02 9.488807320594787598e-01 1.186539535410702229e-03 2.476413501426577568e-03
