1.084018722176551819e-01 1.457634381949901581e-03 8.894904255867004395e-01 6.500926101580262184e-04
4.099390480405418202e-07 1.040892020682804286e-04 9.998951554298400879e-01 4.699907094618538395e-07
1.475194990634918213e-01 1.107164166569418740e-06 8.524534106254577637e-01 2.603922439448069781e-05
1.008088816888630390e-03 1.850844637374393642e-05 9.989716410636901855e-01 1.755498260536114685e-06
1.780895292758941650e-01 8.218482732772827148e-01 3.033414941455703229e-07 6.192097498569637537e-05
1.635264197830110788e-06 5.242577216790778039e-08 9.999977946281433105e-01 4.833450475416611880e-07
5.057019591331481934e-01 2.260111644864082336e-02 4.716944396495819092e-01 2.391319640082656406e-06
2.363100647926330566e-04 1.012495835311710835e-03 9.985626935958862305e-01 1.884796365629881620e-04
1.579261384904384613e-03 4.338431637734174728e-03 9.940797090530395508e-01 2.594944589873193763e-06
6.381922215223312378e-02 9.361800551414489746e-01 1.540571559210945907e-09 7.092235136951785535e-07
7.963131793076172471e-05 4.363261141282492872e-10 9.999202489852905273e-01 1.195022321098804241e-07
3.716762876138091087e-05 1.587291542648472387e-08 9.999627470970153809e-01 1.269833234118777909e-07
