3.896168898791074753e-03 3.595565631985664368e-02 7.037916183471679688e-01 2.563565671443939209e-01
1.202019484480842948e-05 2.623866777867078781e-03 9.973635077476501465e-01 5.673263672179018613e-07
7.693005260080099106e-03 2.665097266435623169e-02 1.821409612894058228e-01 7.835150957107543945e-01
6.564189214259386063e-03 4.515062300924910232e-06 9.933955073356628418e-01 3.577483948902226985e-05
1.966196000576019287e-01 5.904022231698036194e-02 4.520228685578331351e-06 7.443357110023498535e-01
4.995677620172500610e-02 3.359324473422020674e-04 9.494625926017761230e-01 2.448105078656226397e-04
9.983853697776794434e-01 6.790749740304136139e-09 2.413140919088618830e-06 1.612259889952838421e-03
1.219563046106486581e-07 1.595769072437747127e-09 8.768773901435267248e-11 9.999998807907104492e-01
9.999997615814208984e-01 2.427694989481921084e-10 3.431223083438794674e-09 2.255292912423101370e-07
2.012677723541855812e-04 9.929854273796081543e-01 7.483442896045744419e-04 6.065001245588064194e-03
7.588746398687362671e-02 9.207776188850402832e-01 7.084459066390991211e-04 2.626388566568493843e-03
5.313947913236916065e-04 4.968127906322479248e-01 5.021990537643432617e-01 4.566835414152592421e-04
