3.637114105004002340e-06 5.008038878440856934e-01 1.364766955375671387e-01 3.627157509326934814e-01
1.842673918872606009e-05 1.181895509362220764e-01 7.696226984262466431e-02 8.048297166824340820e-01
3.959441164624877274e-05 9.999052286148071289e-01 5.241579128778539598e-05 2.797886509142699651e-06
1.098605562077636932e-08 2.710414358231272303e-12 9.999992847442626953e-01 7.040073342068353668e-07
9.965330958366394043e-01 5.955906772214802913e-07 2.636817555412562797e-07 3.466101363301277161e-03
1.060089468955993652e-02 6.882963934913277626e-04 3.892150562023743987e-05 9.886719584465026855e-01
2.971283793449401855e-01 7.026185393333435059e-01 2.208706064266152680e-05 2.310352429049089551e-04
2.926106331869959831e-03 1.658899709582328796e-02 9.804792404174804688e-01 5.667851837642956525e-06
9.997825026512145996e-01 2.136818657163530588e-04 3.766653435377520509e-06 5.320141838183189975e-08
1.092002094082999974e-06 9.906297326087951660e-01 3.756716323550790548e-04 8.993440307676792145e-03
9.880018830299377441e-01 1.076640281826257706e-02 1.231653033755719662e-03 7.467948393014012254e-08
1.265608716494170949e-05 1.478651631623506546e-02 5.212933174334466457e-04 9.846795201301574707e-01
