7.781862467527389526e-02 1.455317487852880731e-06 9.220542311668395996e-01 1.258007541764527559e-04
2.557128609623759985e-04 7.395869333626237108e-11 9.420553222298622131e-03 9.903237223625183105e-01
9.999679923057556152e-01 2.120024760188243818e-07 4.893965410701639485e-07 3.131945049972273409e-05
6.965471506118774414e-01 2.700584591366350651e-04 3.026325702667236328e-01 5.501761916093528271e-04
3.947129249572753906e-01 9.450621291762217879e-05 6.048696041107177734e-01 3.229832800570875406e-04
1.601826213300228119e-02 7.214258221210911870e-05 1.022522951643622946e-06 9.839085936546325684e-01
3.422571392963646986e-10 1.956364653610265236e-10 1.000000000000000000e+00 2.462905612787835707e-08
4.416140317916870117e-01 3.436276456341147423e-04 5.503214001655578613e-01 7.720897905528545380e-03
9.975750446319580078e-01 1.775722019374370575e-03 4.891787739325081930e-06 6.443581660278141499e-04
6.436671614646911621e-01 3.847245170618407428e-05 3.562943637371063232e-01 2.241481167342129766e-10
4.626097381114959717e-01 8.509538673706629197e-08 4.467958933673799038e-05 5.373454689979553223e-01
4.209160506725311279e-01 4.784388467669487000e-03 1.489858026616275311e-03 5.728096961975097656e-01
