1.812863748007487175e-11 1.100014088706302573e-07 9.999999403953552246e-01 5.745036201322897829e-14
3.345258999615907669e-03 1.271092705428600311e-02 1.748934882925823331e-04 9.837689399719238281e-01
9.941562414169311523e-01 5.517437588423490524e-03 2.833227335941046476e-04 4.292893572710454464e-05
5.833378992974758148e-03 2.495219320053365664e-08 9.941659569740295410e-01 6.550239959324244410e-07
4.686843903430049085e-13 2.831868357588973595e-07 9.999632835388183594e-01 3.637990448623895645e-05
3.145458293829506147e-08 4.066812380187911913e-06 9.962790608406066895e-01 3.716925391927361488e-03
1.596230731593095697e-06 1.642556750336421345e-11 9.999552369117736816e-01 4.313765384722501040e-05
4.196311758497420566e-15 1.907425288290282408e-16 1.000000000000000000e+00 1.384030448231608583e-15
2.850435860455036163e-02 3.536629974842071533e-01 6.534060403851071896e-09 6.178326010704040527e-01
7.623402325407369062e-06 6.028380572509206559e-11 9.999923706054687500e-01 1.035636998381050944e-08
7.895678209024481475e-06 1.114510610022989567e-06 9.985275864601135254e-01 1.463426509872078896e-03
8.780293464660644531e-01 7.474547913943752064e-08 1.219672784209251404e-01 3.307158294774126261e-06
