4.618741229478473542e-07 1.567377825267612934e-03 5.595810037561932404e-08 9.984321594238281250e-01
1.016764552332460880e-03 9.808143377304077148e-01 1.810837537050247192e-02 6.056435086065903306e-05
1.209902750903824042e-11 9.999995827674865723e-01 2.068178094061234873e-11 4.164299980402574874e-07
9.750831395649584010e-07 7.115384936332702637e-01 9.659829380836981727e-09 2.884605526924133301e-01
2.732881284828181379e-06 1.341328171580377648e-13 9.999972581863403320e-01 6.232011028105624573e-14
6.660886286979916804e-10 2.750202021672976116e-08 9.999639391899108887e-01 3.603521327022463083e-05
1.431684046983718872e-01 2.262634079670533538e-04 8.566052913665771484e-01 2.740453697303024683e-11
8.219028711318969727e-01 9.721995331346988678e-03 1.673656553030014038e-01 1.009458792395889759e-03
2.434913994875387289e-06 6.155853625386953354e-03 9.938414692878723145e-01 2.817738504745648243e-07
1.409047854394884780e-06 1.325865834951400757e-02 4.037532114198327804e-11 9.867399930953979492e-01
7.926213356768130325e-07 3.048703955954579214e-09 2.997225821018218994e-01 7.002766132354736328e-01
3.914364388180047172e-10 9.123472376887376001e-13 9.999901652336120605e-01 9.862661499937530607e-06
