4.789986860487260856e-07 1.317282616319914723e-09 9.769081138074398041e-03 9.902305006980895996e-01
9.999997615814208984e-01 4.000690445593590994e-09 2.380611334729110240e-07 5.086891796679537947e-09
1.544357473903801292e-05 2.120319550158455968e-06 4.667882365083642071e-07 9.999819397926330566e-01
9.724522829055786133e-01 8.169571810867637396e-05 2.744980342686176300e-02 1.629420330573339015e-05
1.901641550391269808e-13 1.000000000000000000e+00 1.191026721691912371e-10 2.151591571575295347e-09
1.080785617232322693e-01 4.019507468910887837e-05 8.918808102607727051e-01 3.634929157669830602e-07
2.928583420214181388e-08 2.867325520128360949e-06 9.999971389770507812e-01 7.372272931016610187e-12
7.281046237039845437e-06 1.077463007703727271e-09 9.999917149543762207e-01 9.875225259747821838e-07
2.369956746406387538e-06 2.443588527967222035e-05 4.760279357433319092e-01 5.239452719688415527e-01
9.845664317253977060e-05 2.374994956255704892e-08 9.999014139175415039e-01 1.019757220888095617e-07
1.430000527761876583e-03 5.954121947288513184e-01 5.560064222663640976e-03 3.975976407527923584e-01
5.229240655899047852e-01 7.487928867340087891e-02 3.734084893949329853e-04 4.018232226371765137e-01
