6.674170435871928930e-06 8.999774456024169922e-01 1.810959802241995931e-04 9.983470290899276733e-02
6.590397788386326283e-06 9.999932646751403809e-01 1.027991802793337683e-09 1.138080136797725572e-07
1.291070539366501180e-08 9.999998807907104492e-01 1.281576289535735214e-09 1.039957027160198777e-07
8.947901725769042969e-01 8.014681190252304077e-02 1.267155981622636318e-03 2.379593811929225922e-02
2.930779382586479187e-02 1.296718073717784137e-05 9.706456065177917480e-01 3.367385579622350633e-05
1.653082472330424935e-05 9.995805621147155762e-01 4.021227359771728516e-04 8.063208838393620681e-07
1.178402840196213219e-06 9.768570065498352051e-01 9.490806007761420915e-08 2.314166352152824402e-02
1.788166264304891229e-04 9.903618693351745605e-01 5.470933974720537663e-04 8.912160061299800873e-03
1.190105467685498297e-05 9.639354348182678223e-01 2.814796062011737376e-05 3.602451831102371216e-02
6.285458207130432129e-01 1.397358562194028764e-09 1.974483430385589600e-01 1.740058213472366333e-01
4.089303118348652788e-08 9.994174838066101074e-01 4.760533443004533183e-07 5.819742800667881966e-04
2.555438876152038574e-01 6.851698160171508789e-01 2.697956748306751251e-03 5.658847466111183167e-02
