6.637690821662545204e-04 9.992869496345520020e-01 4.878972322330810130e-05 4.765321079958084738e-07
4.792950107912474778e-07 7.187075823367194971e-08 9.999995231628417969e-01 1.650240299966299062e-08
9.710142016410827637e-01 1.488757319748401642e-03 2.717220038175582886e-02 3.248566063120961189e-04
4.650568962097167969e-01 4.774047283717663959e-06 2.383797913789749146e-01 2.965584993362426758e-01
1.308617277040458049e-12 5.597394214795770040e-10 1.842670201807842384e-15 1.000000000000000000e+00
9.999998807907104492e-01 2.472647087081725203e-12 9.920920855666093274e-12 1.136045995053791557e-07
4.477865248918533325e-02 3.644937882199883461e-03 2.797053428366780281e-03 9.487793445587158203e-01
1.593611761927604675e-02 1.887109875679016113e-01 6.623875498771667480e-01 1.329653412103652954e-01
6.396459788084030151e-02 4.678692817687988281e-01 4.600498676300048828e-01 8.116370998322963715e-03
6.379858405125560239e-06 9.681901931762695312e-01 1.310797501355409622e-02 1.869547925889492035e-02
2.155172526836395264e-01 7.481293082237243652e-01 3.622677177190780640e-02 1.266301842406392097e-04
1.557644463900942355e-05 5.258643627166748047e-01 4.741111397743225098e-01 8.952996722655370831e-06
