9.996814131736755371e-01 4.330508840411084748e-09 1.459717459511011839e-04 1.725535112200304866e-04
1.721696321510535199e-06 3.367179771885275841e-03 9.966233968734741211e-01 7.728207492618821561e-06
6.343110799789428711e-01 1.275495014851912856e-05 3.656245768070220947e-01 5.157524719834327698e-05
4.044075310230255127e-01 5.955924987792968750e-01 1.193055931825171001e-10 2.092351536475689500e-08
1.001962391455890611e-05 4.947031993651762605e-05 9.999203085899353027e-01 2.020636929955799133e-05
3.963825106620788574e-02 2.643069585417379130e-08 9.574661850929260254e-01 2.895605750381946564e-03
7.600654661655426025e-02 9.916076669469475746e-04 3.062607953324913979e-03 9.199392795562744141e-01
3.577070236206054688e-01 7.249487680383026600e-06 3.565927147865295410e-01 2.856929898262023926e-01
1.150220487033948302e-04 6.863909618459729245e-08 9.998849034309387207e-01 5.181698958800495802e-10
2.503783662177738734e-06 5.955411121249198914e-02 2.032176871225033210e-09 9.404433369636535645e-01
2.504911642692286833e-12 7.148372605653152689e-13 9.999998807907104492e-01 1.158585760663299880e-07
6.528367521241307259e-05 2.402376519938798083e-09 9.999335408210754395e-01 1.108165633922908455e-06
