2.759700175374746323e-03 4.678471684455871582e-01 1.353497425249372554e-09 5.293930768966674805e-01
5.976037937216460705e-04 1.222123410116182640e-05 9.993896484375000000e-01 4.996304028281883802e-07
2.162931486964225769e-04 2.218605033021958661e-07 4.131483437959104776e-04 9.993703961372375488e-01
9.988170862197875977e-01 4.091731398148112930e-08 3.149765916532487608e-06 1.179678598418831825e-03
6.877105107605530065e-09 3.667284920811653137e-02 1.269205677090212703e-04 9.632002115249633789e-01
2.256181659276990104e-07 9.999462366104125977e-01 5.345321915228851140e-05 1.132981850560099701e-07
9.418886781631385929e-10 1.474280940383376759e-11 1.000000000000000000e+00 1.413341177425309070e-08
8.958042263984680176e-01 9.613268822431564331e-02 7.616507820785045624e-03 4.466149257495999336e-04
1.309768762439489365e-02 6.190837621688842773e-01 2.226423323154449463e-01 1.451762467622756958e-01
9.530366659164428711e-01 2.463406999595463276e-04 1.471841242164373398e-04 4.656983911991119385e-02
1.476068980991840363e-03 9.963453412055969238e-01 1.074979771864548184e-09 2.178600057959556580e-03
4.805245436728000641e-03 7.265476597240194678e-05 2.914457290899008512e-04 9.948306679725646973e-01
