6.847358345985412598e-01 3.118742704391479492e-01 2.048287075012922287e-03 1.341583789326250553e-03
2.044771390501409769e-04 1.794641661945206579e-07 9.997947216033935547e-01 5.846178510182653554e-07
4.832087755203247070e-01 2.840082645416259766e-01 6.290204077959060669e-02 1.698809564113616943e-01
9.971227645874023438e-01 1.898017944768071175e-03 1.374921266688033938e-04 8.416666532866656780e-04
1.357277346070162594e-10 3.078465538042252092e-10 3.616421181615314673e-12 1.000000000000000000e+00
9.999998211860656738e-01 7.998063544789602020e-09 7.032350257674124805e-10 1.482657552287491853e-07
1.873804139904677868e-03 6.559033499797806144e-05 9.244039654731750488e-01 7.365657389163970947e-02
2.604530453681945801e-01 5.273241400718688965e-01 1.466907113790512085e-01 6.553214788436889648e-02
2.268609023303724825e-06 9.998768568038940430e-01 1.177933227154426277e-04 3.061046982111292891e-06
2.952982868009712547e-05 9.982528090476989746e-01 1.362564158625900745e-03 3.551011031959205866e-04
2.673626320337518791e-10 2.376295242356718518e-06 9.999976158142089844e-01 3.222472635955320186e-12
8.055781945586204529e-03 9.565074928104877472e-03 9.348241686820983887e-01 4.755498841404914856e-02
