3.157407790422439575e-02 9.683910608291625977e-01 1.260724184248829260e-05 2.228522862424142659e-05
9.999949932098388672e-01 3.068180092213879107e-07 1.366349806630751118e-06 3.340453531563980505e-06
5.946390228928066790e-05 3.189928747815429233e-07 9.999402165412902832e-01 9.661259348092698929e-09
2.640151433297432959e-05 6.682658940553665161e-02 1.550334244966506958e-01 7.781135439872741699e-01
1.123458350775763392e-04 9.345100261270999908e-05 9.767541636618304324e-11 9.997941851615905762e-01
1.172828856255136998e-08 7.754528685843808944e-10 8.422768732474494868e-11 1.000000000000000000e+00
2.782298003101146833e-10 8.127738833427429199e-01 1.669935301151781459e-08 1.872261166572570801e-01
5.269344183034263551e-05 9.826056659221649170e-02 2.078223815260571428e-06 9.016847014427185059e-01
1.827681204304099083e-03 9.538063406944274902e-01 2.334388438612222672e-03 4.203163832426071167e-02
9.999270439147949219e-01 5.159881766303442419e-06 3.522732004057615995e-05 3.256528725614771247e-05
9.999296665191650391e-01 7.020417251624166965e-05 5.291470372981166292e-08 2.708326007905270671e-08
9.243646264076232910e-01 1.096718449389300076e-07 7.563325762748718262e-02 1.984509935937239788e-06
