9.045717716217041016e-01 6.346181180560961366e-08 9.405020624399185181e-02 1.377911423332989216e-03
2.629193942993879318e-03 2.556634548511738103e-08 9.949957728385925293e-01 2.375113079324364662e-03
9.996315240859985352e-01 3.100236936006695032e-04 6.852955607428157236e-07 5.781818981631658971e-05
9.671064615249633789e-01 8.815142504836614989e-10 3.289327397942543030e-02 2.767415026028174907e-07
5.230022594332695007e-03 4.490822504976677010e-07 9.947695136070251465e-01 9.439165893354584114e-09
3.673611581325531006e-02 4.483085358515381813e-04 6.532551487907767296e-04 9.621623158454895020e-01
8.760878443717956543e-01 1.705960166873410344e-04 1.091151982545852661e-01 1.462641172111034393e-02
9.996392726898193359e-01 6.933885465798539371e-09 4.952639756083954126e-07 3.602463111747056246e-04
3.923427313566207886e-02 9.156079888343811035e-01 4.515601322054862976e-02 1.690786007202405017e-06
9.824445843696594238e-01 1.345661257801111788e-05 1.754198037087917328e-02 9.977998871590898489e-09
9.491927027702331543e-01 6.924450863152742386e-03 3.255956698922091164e-06 4.387955740094184875e-02
2.330441325902938843e-01 2.745313942432403564e-01 4.924225211143493652e-01 1.996704440898611210e-06
