1.375056599499657750e-04 6.575228694849499789e-10 9.998611807823181152e-01 1.308538116973068099e-06
9.934043884277343750e-01 5.237116340595093789e-08 6.595582235604524612e-03 1.094841883819697159e-09
3.220120106561807916e-06 1.136795390266343020e-06 9.986733794212341309e-01 1.322261756286025047e-03
2.410859633528161794e-05 2.503479379356576828e-08 4.201669991016387939e-01 5.798088908195495605e-01
1.822617952711880207e-03 9.967813491821289062e-01 7.275038210741158196e-11 1.396020990796387196e-03
2.042768385002169396e-11 6.372204153226590506e-11 1.000000000000000000e+00 2.421318034961927879e-09
2.887547267960144382e-08 2.384906316876822530e-08 9.999995827674865723e-01 3.617820425461104605e-07
5.335557489161146805e-07 8.139757756708831948e-10 6.394530087709426880e-02 9.360541105270385742e-01
4.217678215354681015e-04 3.373513379756332142e-08 9.995782375335693359e-01 1.356897616489050051e-08
2.639972329632200854e-08 9.984917044639587402e-01 8.716650772839784622e-04 6.366894231177866459e-04
2.907572314143180847e-03 5.888144369237124920e-05 1.777188707308141602e-08 9.970335364341735840e-01
1.596478256260525086e-07 3.059944808483123779e-01 8.183507248759269714e-03 6.858218312263488770e-01
