5.550703576773230452e-07 3.546453086755718687e-08 9.999874830245971680e-01 1.193414027511607856e-05
4.602319374680519104e-02 3.440102955210022628e-05 9.539420008659362793e-01 3.916860862318571890e-07
2.491941850166767836e-04 9.529848466627299786e-05 3.246788308024406433e-02 9.671876430511474609e-01
6.234495639801025391e-01 3.561852872371673584e-01 1.519404258579015732e-02 5.171078722923994064e-03
9.999839067459106445e-01 1.588629856996703893e-05 3.584563756930947420e-08 1.736379999783821404e-07
4.157581366598606110e-03 4.344716072082519531e-01 1.416112179867923260e-03 5.599547028541564941e-01
7.174054160714149475e-03 9.837132692337036133e-01 9.112193249166011810e-03 4.742073826946580084e-07
1.304953359067440033e-03 8.219043016433715820e-01 7.258968253154307604e-06 1.767834424972534180e-01
9.983339309692382812e-01 2.346501969441305846e-05 5.921831913724417973e-09 1.642556162551045418e-03
8.545335272724940978e-11 9.999940395355224609e-01 1.310120306512174704e-12 5.976381999062141404e-06
6.212506491465319414e-07 4.489083949010819197e-06 9.999939203262329102e-01 8.530219588465115521e-07
5.618542432785034180e-01 5.523480012925574556e-06 4.361936450004577637e-01 1.946617616340517998e-03
