2.777993083000183105e-01 5.304076243191957474e-03 7.161667346954345703e-01 7.298982236534357071e-04
4.842176792863028822e-08 1.304267626255750656e-02 9.869572520256042480e-01 4.863533131782560304e-09
6.538338493555784225e-03 7.542522325820755213e-06 1.527168974280357361e-02 9.781824350357055664e-01
5.815052261937125877e-08 1.965045903773443570e-09 9.999945163726806641e-01 5.409851382864871994e-06
3.612590449009189797e-09 5.146167040948057547e-06 9.965803623199462891e-01 3.414504462853074074e-03
1.219986937940120697e-03 3.891908462172466443e-10 9.987800121307373047e-01 1.322228730584601442e-13
3.909666240215301514e-01 2.212323993444442749e-01 1.015811657012477554e-09 3.878009617328643799e-01
1.250120694749057293e-04 2.055874359641052251e-10 9.998326301574707031e-01 4.242577779223211110e-05
8.144696722611755035e-11 1.956343004261285046e-10 9.999986290931701660e-01 1.341816641797777265e-06
9.630926797399297357e-06 1.029336544888792560e-07 9.999902248382568359e-01 3.864454001245576364e-08
1.997072249650955200e-03 1.698836626928823534e-06 9.980012178421020508e-01 1.332373211759829701e-09
7.868326501920819283e-04 7.449664990417659283e-04 4.094196270898464718e-08 9.984681010246276855e-01
