8.270677924156188965e-01 1.438188701868057251e-01 3.237850478399195708e-06 2.911010757088661194e-02
5.798413894808618352e-06 9.998732209205627441e-01 1.207019886351190507e-04 1.814711509950939217e-07
9.975806474685668945e-01 2.414264250546693802e-03 2.781062713452797652e-09 5.113011411594925448e-06
2.394393158814929826e-15 3.145329049297762580e-12 1.000000000000000000e+00 1.464598062240422133e-14
6.391566330421483144e-06 1.926740017532679872e-10 9.999936223030090332e-01 8.398236772677591944e-09
9.999426007270812988e-01 4.921870640828274190e-05 6.155110895633697510e-06 1.974085535039193928e-06
9.999613761901855469e-01 1.375733518216293305e-07 3.850977009278722107e-05 1.467763954821066363e-08
1.730662972931895638e-07 1.913237429107539356e-05 9.997143149375915527e-01 2.663323830347508192e-04
9.091784818338055629e-07 2.197826951742172241e-01 9.994088223663766257e-09 7.802163958549499512e-01
1.328397019051408279e-07 6.917102268744201865e-08 1.517699565738439560e-02 9.848227500915527344e-01
5.300456881523132324e-01 2.344740554690361023e-03 4.675379991531372070e-01 7.158267544582486153e-05
2.214837422798154876e-06 9.983012676239013672e-01 4.390367830637842417e-04 1.257566036656498909e-03
