9.915981292724609375e-01 6.771960179321467876e-04 5.901903845369815826e-03 1.822705147787928581e-03
4.929482936859130859e-03 8.662347793579101562e-01 9.130392968654632568e-02 3.753182291984558105e-02
1.080193743109703064e-01 1.412555284332484007e-04 8.917838335037231445e-01 5.547623732127249241e-05
5.846948170074028894e-06 1.190149063745593594e-07 9.999192357063293457e-01 7.478086627088487148e-05
1.450476265745237470e-04 5.465411022305488586e-02 7.935846447944641113e-01 1.516162008047103882e-01
1.689594228082569316e-06 1.383897028972569387e-06 9.999495744705200195e-01 4.730424552690237761e-05
4.599578460329212248e-06 6.162562221288681030e-02 9.304893016815185547e-01 7.880477234721183777e-03
1.000000000000000000e+00 3.781330526475557008e-10 9.956789837062274273e-10 1.276619643331144971e-10
1.013736512268936796e-12 5.831200322950480519e-13 4.610649020778470608e-14 1.000000000000000000e+00
9.999948740005493164e-01 5.039664301875745878e-06 4.879612092167917581e-08 9.555515267933856194e-10
6.063708662986755371e-01 1.193849698211124633e-06 3.936279714107513428e-01 3.634049505762959598e-09
3.063756388345384440e-13 7.850425317883491516e-03 9.911718368530273438e-01 9.777768282219767570e-04
