4.459146657609380782e-05 2.298537492752075195e-01 7.589903473854064941e-01 1.111123058944940567e-02
4.063927416808610360e-09 1.549529216049450042e-08 1.000000000000000000e+00 2.628421568937056030e-12
9.837187528610229492e-01 1.386557705700397491e-04 1.595287024974822998e-02 1.897108741104602814e-04
2.014337781020003604e-07 9.999997615814208984e-01 1.810589900230752392e-08 7.358869957840852294e-09
8.323067595483735204e-05 1.924847811460494995e-02 9.806489944458007812e-01 1.931358383444603533e-05
1.311908874868095154e-07 1.992046600207686424e-05 9.999799728393554688e-01 2.438535373627814806e-09
4.493675660341978073e-03 7.413624985019851010e-07 2.590026855468750000e-01 7.365028858184814453e-01
8.040692806243896484e-01 1.959300339221954346e-01 1.335446864203504447e-08 6.612357310586958192e-07
8.074482055198117791e-11 7.569830417633056641e-01 5.331644842954119667e-06 2.430116385221481323e-01
9.983119368553161621e-01 6.719236722574351006e-09 1.688046148046851158e-03 3.136736737019418797e-08
6.588491032744059339e-06 9.738815087700913864e-09 3.410476878684676194e-08 9.999933838844299316e-01
6.437376141548156738e-02 2.031748294830322266e-01 7.322256565093994141e-01 2.257628657389432192e-04
