7.176729440689086914e-01 5.653750896453857422e-02 2.355082193389534950e-03 2.234344184398651123e-01
2.555857955832685491e-11 2.847835034458512382e-08 1.448354717409339187e-11 1.000000000000000000e+00
1.744479313492774963e-02 9.825488328933715820e-01 2.625682554935337976e-06 3.690553739943425171e-06
3.911971007547476731e-12 3.290686436230316758e-05 9.999670982360839844e-01 2.843515822803510673e-08
3.991426286709121030e-11 9.999988675117492676e-01 1.154039068751444574e-06 1.677109451314606758e-09
1.272409455850720406e-03 4.042921659674902912e-07 9.987257719039916992e-01 1.458636006645974703e-06
4.054328892379999161e-04 2.040644098144639429e-09 8.589690625449009076e-10 9.995945692062377930e-01
9.830646514892578125e-01 5.863736987521406263e-06 1.324391365051269531e-02 3.685601521283388138e-03
7.744357238825827494e-12 9.999714493751525879e-01 1.851653792073193472e-06 2.674034840310923755e-05
1.983387470245361328e-01 8.607697486877441406e-02 7.127200365066528320e-01 2.864265814423561096e-03
5.722579956054687500e-01 3.751117736101150513e-03 4.068598151206970215e-01 1.713102124631404877e-02
1.133337523788213730e-02 3.445921838283538818e-01 5.208152532577514648e-02 5.919928550720214844e-01
