1.296046102652326226e-04 9.826740026473999023e-01 8.107109650268284895e-09 1.719629950821399689e-02
4.325402755966933910e-07 2.691683675948297605e-07 6.177026662044227123e-04 9.993815422058105469e-01
3.738716429779742612e-07 1.554467598907649517e-04 5.970450001768767834e-04 9.992471337318420410e-01
1.132262816838647268e-08 6.846494038370565249e-09 2.022910949861511654e-09 1.000000000000000000e+00
1.541299354812508682e-07 3.938697576522827148e-01 4.817661046981811523e-01 1.243639588356018066e-01
6.676249176962301135e-05 9.927520751953125000e-01 1.617007305831918984e-09 7.181225810199975967e-03
9.808107018470764160e-01 7.243660547828767449e-06 5.080837217974476516e-05 1.913118176162242889e-02
1.442860853018146372e-08 3.981985792052000761e-04 9.994141459465026855e-01 1.876520254882052541e-04
2.141193817806197330e-06 2.534348168410360813e-04 1.923723757499828935e-04 9.995520114898681641e-01
1.300541008220079675e-08 9.999413490295410156e-01 2.448424129397608340e-05 3.422216104809194803e-05
8.780507414485327899e-06 4.923368990421295166e-01 2.075809024972841144e-04 5.074468255043029785e-01
3.003605897333727626e-08 7.634177454747259617e-04 1.150581374531611800e-04 9.991214871406555176e-01
