7.775581628084182739e-02 1.816253736615180969e-02 7.101472583599388599e-04 9.033715128898620605e-01
8.642650209367275238e-03 8.621417880058288574e-01 8.997209952212870121e-04 1.283158361911773682e-01
6.530774953716900200e-06 1.077162596629932523e-04 5.877135578202796751e-08 9.998857378959655762e-01
9.999986886978149414e-01 1.421705917437066091e-07 6.734805992891779169e-07 5.240141831563960295e-07
1.564733196346423938e-07 1.291938126087188721e-01 5.931082367897033691e-01 2.776978909969329834e-01
1.131511307903565466e-04 9.291618994211603422e-07 9.998859167098999023e-01 2.938894136730874074e-12
4.176553769497104440e-09 1.177791109086001597e-08 1.000000000000000000e+00 1.111951850041315026e-10
2.070018823019381671e-09 6.419340157094027832e-14 1.000000000000000000e+00 5.957089747703203653e-13
4.199689647066406906e-05 3.127866854413241526e-09 9.970496296882629395e-01 2.908302005380392075e-03
5.579165372182615101e-05 4.008113840825444640e-09 9.998424649238586426e-01 1.018434704747051001e-04
1.805758802220225334e-04 2.083058061543852091e-04 9.996091723442077637e-01 1.935656428031506948e-06
1.032021595165133476e-03 2.614551135593501385e-07 1.408138050464913249e-04 9.988269209861755371e-01
