3.091681934893131256e-02 1.091283120331354439e-04 9.689527153968811035e-01 2.133934503945056349e-05
3.860520571470260620e-02 9.607172608375549316e-01 1.717163977446034551e-04 5.057624075561761856e-04
1.145389614976011217e-04 6.424104981306300033e-07 9.993444085121154785e-01 5.403504474088549614e-04
9.999153614044189453e-01 7.426653610309585929e-05 2.165475763149515842e-07 1.021501429931959137e-05
4.372031241655349731e-02 1.444742658840425520e-09 1.268158853054046631e-01 8.294637799263000488e-01
1.685300077269857866e-08 2.142677502092737996e-08 9.999999403953552246e-01 2.575499709334128084e-12
9.999920725822448730e-01 7.058931259962264448e-06 2.636088902718825011e-09 8.708611289875989314e-07
7.614854580229035719e-11 4.233182693269554875e-09 9.999998807907104492e-01 9.766758068963099504e-08
4.954164102673530579e-02 9.308335781097412109e-01 1.961059309542179108e-02 1.419141608494101092e-05
9.984862804412841797e-01 8.064308531174901873e-06 6.518632872030138969e-04 8.537261746823787689e-04
9.185107946395874023e-01 2.039964215327927377e-07 5.934226282988674939e-05 8.142965286970138550e-02
9.992775321006774902e-01 4.309116320655448362e-06 6.691213930025696754e-04 4.903657099930569530e-05
