1.352854772651568283e-10 9.999969601631164551e-01 9.552565849446637003e-09 3.037885107914917171e-06
1.807241118513047695e-03 9.966967701911926270e-01 1.417846651747822762e-03 7.807157817296683788e-05
2.417691393929999322e-05 1.318601425737142563e-04 1.994617341551929712e-04 9.996445178985595703e-01
8.002301399301359197e-08 3.305267915129661560e-02 2.087400853633880615e-02 9.460732340812683105e-01
9.115861030295491219e-05 9.903512001037597656e-01 3.098900488112121820e-04 9.247681125998497009e-03
5.813477059746219311e-07 3.870702162384986877e-02 7.724329233169555664e-01 1.888595223426818848e-01
6.492737156804651022e-05 6.989790201187133789e-01 8.186884224414825439e-05 3.008742332458496094e-01
3.297948580893717008e-07 9.999698996543884277e-01 4.044469481545576173e-10 2.978706288558896631e-05
5.889308825135231018e-02 4.699590499512851238e-04 2.207438374171033502e-04 9.404162168502807617e-01
1.095914967663702555e-07 5.357732879929244518e-04 1.319436472840607166e-03 9.981447458267211914e-01
7.739508291706442833e-04 9.992259144783020020e-01 1.250093806248742112e-08 1.140920815601020877e-07
4.291702225600602105e-06 2.426106715574860573e-03 2.680458344173075602e-08 9.975695610046386719e-01
