1.281326711177825928e-01 6.913414690643548965e-03 8.621368408203125000e-01 2.817086409777402878e-03
7.400199770927429199e-01 2.432344704866409302e-01 5.744065158069133759e-03 1.100157666951417923e-02
9.795720577239990234e-01 4.229598289384739473e-06 2.042341232299804688e-02 3.337020757498976309e-07
2.070470154285430908e-01 4.471783638000488281e-01 7.559247314929962158e-02 2.701821327209472656e-01
1.924987946821943297e-11 1.006249944479620240e-11 5.114548975310162504e-12 1.000000000000000000e+00
7.328990697860717773e-01 2.671007215976715088e-01 1.819300194938477944e-07 2.199235758781892258e-11
3.834820461179333506e-09 1.057607560556172999e-11 1.000000000000000000e+00 7.049648625273574609e-12
4.765698686242103577e-03 8.639272451400756836e-01 6.556149310199543834e-05 1.312413811683654785e-01
7.160764198488323018e-06 7.861508056521415710e-04 9.992063045501708984e-01 3.881062013988412218e-07
1.381509791826829314e-04 2.391883981545106508e-06 5.510732808033935726e-05 9.998043179512023926e-01
9.999876618385314941e-01 7.089846694756027357e-14 1.223245726578170434e-05 3.966975370417458180e-08
8.824807082419283688e-06 9.997987151145935059e-01 2.382727126715167287e-09 1.924619573401287198e-04
