3.269257843494415283e-01 6.729441285133361816e-01 1.292673259740695357e-04 8.142564524860063102e-07
1.836944624189484898e-10 9.977474212646484375e-01 4.587050739246478770e-08 2.252551726996898651e-03
5.658383770423824899e-07 9.999994635581970215e-01 1.630565821253426861e-10 7.526203510237194916e-14
1.573459121573250741e-05 4.886130988597869873e-01 9.899060241878032684e-04 5.103812813758850098e-01
5.603954778052866459e-04 3.329508196925345942e-11 9.994374513626098633e-01 2.246802068839315325e-06
1.182263575233433173e-11 3.065458997753012227e-11 2.057431655599906151e-11 1.000000000000000000e+00
1.517649828031153447e-08 8.785932660102844238e-01 1.967140548231327557e-07 1.214065700769424438e-01
1.382482820190489292e-03 8.796176873147487640e-03 3.165769157931208611e-03 9.866555929183959961e-01
6.979141235351562500e-01 2.433997243642807007e-01 2.986466698348522186e-02 2.882150560617446899e-02
9.999031424522399902e-01 6.938882870599627495e-05 2.499643960618413985e-05 2.403008920737192966e-06
1.096012294292449951e-01 6.372034549713134766e-02 7.107068813638761640e-05 8.266073465347290039e-01
1.091542653739452362e-02 2.090227324515581131e-03 9.839780926704406738e-01 3.016261151060461998e-03
