1.238155444838184849e-08 6.636061700149298304e-10 7.139005386846974943e-09 1.000000000000000000e+00
1.420373791916063055e-07 7.487396597862243652e-01 1.012865547090768814e-02 2.411315590143203735e-01
1.396107400069013238e-04 1.863767126741855407e-11 1.918117050081491470e-03 9.979422688484191895e-01
1.226654567290097475e-04 7.749231159687042236e-02 1.551820635795593262e-01 7.672029733657836914e-01
4.512378026788610441e-08 6.525487899780273438e-01 3.316328366054221988e-05 3.474180102348327637e-01
9.991405010223388672e-01 1.696220533631276339e-05 8.929521573008969426e-05 7.532240124419331551e-04
3.171018647663004231e-08 2.560473221819847822e-04 1.174771169232258217e-09 9.997439384460449219e-01
1.785560161806643009e-03 1.336348123004427180e-05 6.428107023239135742e-01 3.553904294967651367e-01
1.274057357010527358e-13 3.061589315400681244e-10 1.818891171012637642e-08 1.000000000000000000e+00
5.670263199135661125e-04 9.988313317298889160e-01 1.730929943732917309e-04 4.285626055207103491e-04
4.194844514131546021e-03 9.892600355669856071e-04 9.532962508274067659e-08 9.948158264160156250e-01
9.197318831866141409e-06 4.831131809623911977e-05 1.573590088810306042e-05 9.999267458915710449e-01
