3.854488950238987854e-11 1.095903371606254950e-06 6.236564833670854568e-03 9.937623739242553711e-01
6.289353768806904554e-05 5.983312726020812988e-01 4.016039073467254639e-01 1.890729208753327839e-06
4.185295892966678366e-06 9.962746500968933105e-01 5.310630949752204177e-13 3.721128217875957489e-03
4.945897380821406841e-04 4.096651551321883744e-08 1.280290484428405762e-01 8.714762926101684570e-01
4.056664649397134781e-03 9.807147979736328125e-01 1.522250566631555557e-02 6.067619324312545359e-06
1.998837688006460667e-04 6.097111964614709834e-12 9.879360198974609375e-01 1.186415180563926697e-02
3.853164010081400193e-09 2.840092783173986390e-08 9.999998807907104492e-01 6.892664572433204739e-08
9.546557664871215820e-01 4.534050822257995605e-02 1.644921667320886627e-06 2.061740360659314319e-06
1.475176092391450311e-10 2.423163550702156499e-06 2.193962223827838898e-03 9.978036284446716309e-01
4.824225019461891861e-09 1.906370744109153748e-03 4.471109605219680816e-06 9.980891346931457520e-01
6.682549513747915171e-10 2.725131925673807132e-11 9.238335252348406357e-08 9.999999403953552246e-01
2.379550549658215886e-12 5.376440403992432948e-10 1.000000000000000000e+00 1.500538537868578715e-08
