9.536812305450439453e-01 2.610181763884611428e-05 6.222251337021589279e-03 4.007038101553916931e-02
9.998381137847900391e-01 1.591933978488668799e-04 1.886245187820989599e-10 2.687414735191850923e-06
5.447934370295115514e-08 1.594470348209142685e-03 1.603785299009174992e-10 9.984054565429687500e-01
9.820227026939392090e-01 2.594269113615155220e-03 1.538218092173337936e-02 9.076932769858103711e-07
1.710433025436941534e-05 9.984443783760070801e-01 1.515797921456396580e-04 1.386946067214012146e-03
7.768200710415840149e-03 2.577679115347564220e-04 5.362585186958312988e-02 9.383481740951538086e-01
3.089662081734445565e-09 9.998580217361450195e-01 5.003214553767065809e-08 1.419928885297849774e-04
4.077395351487211883e-05 4.645341541618108749e-03 6.337505578994750977e-01 3.615633249282836914e-01
1.741585151648905594e-07 1.403665555699262768e-05 9.998199343681335449e-01 1.659143308643251657e-04
3.195065119143691845e-06 1.864639489213004708e-04 1.042862981557846069e-02 9.893817305564880371e-01
9.659523367881774902e-01 3.371041640639305115e-02 4.833063949050142583e-10 3.372305945958942175e-04
3.701154491864144802e-05 9.999305605888366699e-01 1.676697536368010333e-07 3.229424328310415149e-05
