6.195940427389245997e-10 1.222138875164091587e-03 9.987186789512634277e-01 5.929690087214112282e-05
4.027186878374777734e-05 5.603321194648742676e-01 9.726751595735549927e-02 3.423601090908050537e-01
2.714063384701148607e-06 8.324561715126037598e-01 1.623527705669403076e-01 5.188289098441600800e-03
3.374193283889326267e-06 2.563401823863387108e-03 8.233510925492737442e-06 9.974250197410583496e-01
1.149638462811708450e-02 9.880873560905456543e-01 2.050410839729011059e-04 2.111972862621769309e-04
9.998039007186889648e-01 1.302261267710491666e-07 1.960120280273258686e-04 2.263627285614688844e-09
1.894779852591454983e-04 9.010426538225146942e-07 7.313389477348053447e-12 9.998096227645874023e-01
3.528201486915349960e-03 7.414451837539672852e-01 2.548211216926574707e-01 2.055435325019061565e-04
1.711762502576430478e-11 4.473120498005300760e-05 9.999552965164184570e-01 1.778526111106959462e-11
9.823192358016967773e-01 9.159670298686251044e-05 1.246972940862178802e-02 5.119330715388059616e-03
9.999906420707702637e-01 9.033048627316020429e-06 4.671779074705284529e-10 3.297357125120470300e-07
7.036855126374419456e-11 1.000000000000000000e+00 2.084154537840277044e-08 8.696909858940671256e-11
