9.999721646308898926e-01 1.368291577819036320e-05 3.357508830958977342e-06 1.084055020328378305e-05
3.182072205731856229e-08 4.944049010191520210e-07 9.999569058418273926e-01 4.264853487256914377e-05
9.986119866371154785e-01 1.362147508189082146e-03 2.461978851897583809e-07 2.562764893809799105e-05
9.981361627578735352e-01 1.054393017341226368e-09 1.863809069618582726e-03 2.855689018588236650e-10
4.509710520505905151e-02 2.524539550931986787e-13 9.549028873443603516e-01 2.150074285278691377e-10
9.540416598320007324e-01 4.432811588048934937e-02 1.578018302097916603e-03 5.217913349042646587e-05
2.180464875323195884e-08 9.963077306747436523e-01 6.664520602051027254e-10 3.692319849506020546e-03
4.290302513254573569e-06 5.219054632910058444e-10 9.666039608418941498e-03 9.903296232223510742e-01
3.896656926372088492e-05 9.998849630355834961e-01 6.015332837705500424e-05 1.589816929481457919e-05
4.269804492196271894e-07 3.785894659813493490e-05 2.662992812929587672e-07 9.999614357948303223e-01
1.694480467051562300e-08 7.283087910536778509e-09 9.933332800865173340e-01 6.666699424386024475e-03
9.939693212509155273e-01 1.867411425337195396e-03 7.593127548943812144e-08 4.163214005529880524e-03
