1.456929445266723633e-01 2.002622350119054317e-04 8.210648298263549805e-01 3.304190561175346375e-02
2.588581410236656666e-04 7.356406058534048498e-06 3.475540097497287206e-06 9.997302889823913574e-01
9.848450869321823120e-02 3.530679643154144287e-01 5.483915209770202637e-01 5.599766882369294763e-05
2.924826276284875348e-06 8.950933814048767090e-01 1.049036681652069092e-01 2.185079850391957734e-08
1.301224187955085654e-06 5.591835474660911132e-07 9.999980926513671875e-01 8.191379241573315539e-10
8.309172017106902786e-08 6.835460953880101442e-05 2.436188992760435212e-07 9.999313354492187500e-01
1.745250076055526733e-03 9.969000816345214844e-01 2.704550539078809379e-08 1.354671898297965527e-03
2.549340715631842613e-04 1.770014641806483269e-04 9.862076640129089355e-01 1.336040347814559937e-02
9.953919053077697754e-01 1.880490919575095177e-03 2.377599943429231644e-03 3.499628801364451647e-04
1.463202983140945435e-01 8.535852432250976562e-01 7.672224455745890737e-05 1.768708716554101557e-05
1.384605467319488525e-01 7.882031798362731934e-01 1.175450044684112072e-03 7.216089963912963867e-02
8.331120610237121582e-01 2.417316136416047812e-04 1.666460782289505005e-01 9.239150955409058952e-08
