1.884133404850274474e-10 9.999997019767761230e-01 5.542322512042119342e-08 2.198338648895514780e-07
9.999315142631530762e-01 7.594830094603821635e-06 1.374674297949241009e-06 5.950806007604114711e-05
3.283006697893142700e-02 9.641655087471008301e-01 3.004478290677070618e-03 8.798486383909676078e-10
5.703766644001007080e-02 4.367921501398086548e-02 2.390881263636401854e-06 8.992807269096374512e-01
4.952974141936294927e-11 1.154450580270749427e-11 1.000000000000000000e+00 2.859178727110389673e-10
3.354920074343681335e-02 9.663379192352294922e-01 1.128854564740322530e-04 2.151850253540033009e-09
5.091942867352372559e-09 1.995550534712731139e-13 1.000000000000000000e+00 5.573354711768674363e-12
8.174761896952986717e-04 9.980455636978149414e-01 1.135993166826665401e-03 9.983014024328440428e-07
1.000000000000000000e+00 7.583141753420008513e-11 2.766251810948361367e-11 1.649742564779899112e-08
4.434834718704223633e-01 5.628985818475484848e-04 1.157630118541419506e-03 5.547959208488464355e-01
3.663920011831578449e-08 2.890212028039407244e-11 9.999989867210388184e-01 1.052449533744947985e-06
9.352733032486071352e-10 9.999615550041198730e-01 3.839284181594848633e-05 6.134440866389923031e-08
