9.989240765571594238e-01 6.314834899967536330e-05 3.799432590767537476e-08 1.012746361084282398e-03
7.806868961779400706e-05 8.785684593021869659e-03 8.474183268845081329e-04 9.902888536453247070e-01
2.843552734702825546e-03 1.142514065577415749e-05 6.037242656020680442e-06 9.971389770507812500e-01
2.016728278249502182e-03 2.576971303014374826e-09 1.333955023437738419e-02 9.846436977386474609e-01
9.999997019767761230e-01 1.961178242027017404e-07 1.054470928352202463e-07 2.104901142274684389e-08
9.950244426727294922e-01 6.070840754546225071e-05 1.648240868235006928e-07 4.914692603051662445e-03
9.189532399177551270e-01 1.498557480772433337e-06 6.822003424167633057e-02 1.282520592212677002e-02
2.906511127948760986e-01 1.394620910286903381e-02 1.094160907086916268e-04 6.952932476997375488e-01
9.999890327453613281e-01 5.115420620427357790e-08 1.090497698896797374e-05 2.477958727098439340e-09
2.303077728527114232e-09 3.060508646512971609e-08 9.384812712669372559e-01 6.151861697435379028e-02
2.771272011159453541e-05 9.984198808670043945e-01 1.841779284639244452e-09 1.552431262098252773e-03
2.488473182893358171e-05 9.996675252914428711e-01 1.799723031581379473e-05 2.896143705584108829e-04
