9.996573328971862793e-01 4.942827581544406712e-05 8.429839363088831306e-05 2.089111076202243567e-04
1.082002073526382446e-01 2.266730926930904388e-02 6.663003563880920410e-01 2.028321027755737305e-01
9.720754623413085938e-01 1.048805972625466154e-10 1.080363057553768158e-02 1.712084189057350159e-02
5.575596095930279716e-10 9.999995231628417969e-01 4.698095210642350139e-07 7.662541608166595353e-12
8.184332322969112283e-09 2.528233698784188022e-11 1.000000000000000000e+00 9.961566294069967853e-12
3.609162569046020508e-02 1.722737033560406417e-05 9.627342224121093750e-01 1.156965736299753189e-03
3.853283706121146679e-04 3.827350139617919922e-01 8.233030326664447784e-03 6.086466908454895020e-01
4.402681887149810791e-01 5.952568724751472473e-02 5.645799683406949043e-04 4.996415376663208008e-01
5.085582415631506592e-06 3.628992928383922845e-08 9.950097799301147461e-01 4.985099658370018005e-03
9.994534850120544434e-01 1.438722474489395609e-08 8.459608835664766957e-08 5.464795976877212524e-04
2.839027671143412590e-03 8.430960178375244141e-01 1.270652860403060913e-01 2.699960581958293915e-02
3.067000070586800575e-03 9.339282512664794922e-01 6.174378097057342529e-02 1.260885735973715782e-03
