1.319420903200807516e-06 9.989991784095764160e-01 3.768101350942743011e-06 9.957099100574851036e-04
3.525064885616302490e-02 9.012489914894104004e-01 5.656094117512111552e-07 6.349970400333404541e-02
1.088090706616640091e-03 3.410472260156893753e-08 9.988625645637512207e-01 4.932940646540373564e-05
8.736748782212089282e-07 9.998303651809692383e-01 3.604278475677347160e-08 1.687559124547988176e-04
1.118749059969559312e-05 4.445073902606964111e-01 7.160126187955029309e-06 5.554742217063903809e-01
6.702220616716658697e-06 9.959089756011962891e-01 2.767413498361293023e-08 4.084324929863214493e-03
8.127557113766670227e-03 1.096829026937484741e-02 1.962268579518422484e-04 9.807079434394836426e-01
2.863776993322630915e-09 1.135164739984872995e-09 9.030593931674957275e-02 9.096940159797668457e-01
3.195941999933893385e-08 9.977059364318847656e-01 3.283707172840877320e-08 2.294059609994292259e-03
1.262160832993686199e-03 9.580884575843811035e-01 3.896672651171684265e-02 1.682717935182154179e-03
4.657439767186133395e-09 9.991031885147094727e-01 8.958351681940257549e-04 9.708985544421011582e-07
7.148720033001154661e-05 8.138391422107815742e-05 2.926982267670297233e-10 9.998471140861511230e-01
