1.346115753586563102e-11 1.000000000000000000e+00 1.671477886655559075e-11 8.203226292691212507e-11
1.089699441791935897e-10 3.296609929481775225e-10 1.000000000000000000e+00 2.499253248799959692e-08
7.729033231735229492e-01 9.590536365067237057e-07 4.184815688423881852e-12 2.270957082509994507e-01
6.633533189415175002e-07 9.999973177909851074e-01 1.984310983971226960e-06 6.690726861435791761e-10
5.163135356269776821e-04 7.232013103930512443e-06 9.994595050811767578e-01 1.690077806415501982e-05
5.639503244310617447e-03 2.781633257065152520e-10 9.943395256996154785e-01 2.096434582199435681e-05
1.139270258136093616e-03 2.838083803653717041e-01 7.118227332830429077e-02 6.438700556755065918e-01
7.327059749513864517e-03 4.463560617296025157e-05 7.001968622207641602e-01 2.924315333366394043e-01
4.433301985263824463e-01 5.562780499458312988e-01 3.813382936641573906e-04 1.037008223647717386e-05
4.206359852105379105e-03 3.816719690803438425e-04 2.530036866664886475e-01 7.424082756042480469e-01
3.465728461742401123e-01 1.354771256446838379e-01 4.263858199119567871e-01 9.156422317028045654e-02
7.299767136573791504e-01 1.360251626465469599e-04 1.599514964922832405e-10 2.698872089385986328e-01
