9.938563220202922821e-03 1.402750145643949509e-03 4.121808409690856934e-01 5.764778256416320801e-01
9.804336428642272949e-01 1.992823257523923530e-07 1.956611312925815582e-02 1.645222624802045175e-08
2.228723872121918248e-07 2.442389046564130695e-08 3.454618155956268311e-03 9.965451359748840332e-01
8.612263482064008713e-04 1.404056884348392487e-02 3.204909712076187134e-02 9.530490636825561523e-01
3.049365943297743797e-03 3.604096576736992574e-08 9.969503283500671387e-01 2.064266482193488628e-07
4.595204889774322510e-01 1.528809517621994019e-01 2.658645970043949092e-09 3.875985741615295410e-01
1.907961815595626831e-02 9.801269769668579102e-01 5.620303333842002758e-09 7.934169261716306210e-04
2.726873731262458023e-07 9.999138712882995605e-01 8.594225073466077447e-05 3.510117307925497698e-09
5.432905236801843785e-09 1.460016505916428287e-06 9.999985098838806152e-01 1.828622586685924034e-08
3.900997980963438749e-04 2.443593740463256836e-01 4.563595211948268116e-06 7.552459239959716797e-01
9.833124279975891113e-01 5.787385161966085434e-04 1.561287418007850647e-02 4.959948128089308739e-04
9.116955995559692383e-01 1.309509482234716415e-02 2.986184321343898773e-03 7.222311198711395264e-02
