6.005313434032100162e-13 1.000000000000000000e+00 1.180066569635151996e-12 5.824030702150650995e-10
3.530221601155680844e-11 3.416430217839661054e-06 1.868735065779433824e-13 9.999966025352478027e-01
8.602658053860068321e-04 2.893598072262193455e-08 9.991387128829956055e-01 9.911801726047997363e-07
2.803965571729349904e-06 3.143557114526629448e-03 2.610286930575966835e-03 9.942433834075927734e-01
9.448401331901550293e-01 3.205989301204681396e-02 2.235425263643264771e-02 7.457211031578481197e-04
2.433656831613006943e-08 5.087085446575656533e-05 9.999490976333618164e-01 5.827172966377247576e-09
4.065689790877513587e-05 1.193429306149482727e-01 8.806132674217224121e-01 3.059691607631975785e-06
1.003840134217170998e-05 9.999404549598693848e-01 5.043477358412928879e-06 4.451341374078765512e-05
6.127695087343454361e-06 1.514424980086914729e-06 1.428272295743227005e-02 9.857096076011657715e-01
1.025679026156467444e-07 3.962630671594524756e-06 9.999959468841552734e-01 1.917332737022547917e-09
9.337857365608215332e-01 2.768874082903494127e-06 6.399729847908020020e-02 2.214198932051658630e-03
1.007488742470741272e-02 4.597702860792418633e-12 9.899237751960754395e-01 1.341942947874485981e-06
