9.895319342613220215e-01 6.790111365262418985e-05 1.040007360279560089e-02 8.475605284274934093e-08
3.317122536827810109e-05 1.745958070387132466e-05 5.145787684845970489e-10 9.999493956565856934e-01
1.528369648440275341e-05 8.921210169792175293e-01 1.078637763857841492e-01 1.145399775026589850e-08
1.321082532257378261e-08 6.409122121908694680e-09 9.999969601631164551e-01 3.028864966836408712e-06
7.539768218994140625e-01 5.618392970063723624e-05 2.455457746982574463e-01 4.212165949866175652e-04
4.118455399293452501e-04 2.103699445724487305e-01 5.742247140005929396e-07 7.892176508903503418e-01
5.188411478229681961e-07 9.413076043128967285e-01 1.091314816292765499e-09 5.869188159704208374e-02
3.227843325959156573e-09 1.000000000000000000e+00 5.162010818793305589e-10 1.880357203276616929e-08
1.134836599230766296e-01 4.087637960910797119e-01 4.640493094921112061e-01 1.370325218886137009e-02
1.414223457686603069e-03 1.183752436190843582e-03 5.155524718247761484e-08 9.974019527435302734e-01
9.995936751365661621e-01 6.463293233949229943e-10 2.609794901218265295e-04 1.453352597309276462e-04
4.964792577055732181e-09 9.999018907546997070e-01 9.841485280048800632e-07 9.715220221551135182e-05
