1.234914436936378479e-01 8.764691352844238281e-01 1.906475517898797989e-06 3.746316360775381327e-05
1.793766750779468566e-05 9.999662637710571289e-01 4.523847962900617858e-09 1.575557689648121595e-05
5.563552107901159616e-08 1.465939135414373595e-06 9.999850988388061523e-01 1.341174811386736110e-05
6.643980741500854492e-02 5.473871169670019299e-07 9.441435337066650391e-03 9.241182804107666016e-01
4.188787352177314460e-05 1.484317518770694733e-02 2.366513945162296295e-05 9.850912690162658691e-01
1.794239506125450134e-03 9.981921315193176270e-01 1.360648548143217340e-05 5.464205088401286048e-09
2.897914648056030273e-01 4.341436084359884262e-03 7.055713534355163574e-01 2.957537362817674875e-04
1.775037089828401804e-04 3.793142013819306158e-06 9.878395199775695801e-01 1.197920273989439011e-02
2.340001992706675082e-05 1.119726562137657311e-06 3.379843235015869141e-01 6.619911789894104004e-01
1.641255603646030181e-10 1.000000000000000000e+00 5.321165817001594078e-12 4.579416401639946343e-09
3.444582980591803789e-04 9.011522195123689016e-08 9.996489882469177246e-01 6.490827672678278759e-06
9.989977478981018066e-01 2.256394218420609832e-04 7.636130321770906448e-04 1.297149174206424505e-05
