9.144555777311325073e-03 5.279664993286132812e-01 4.628863632678985596e-01 2.540792820582282729e-06
2.907957075137801439e-08 9.986987709999084473e-01 3.716369711970202161e-10 1.301247277297079563e-03
6.655009876510575850e-10 4.747511411551386118e-05 3.318992867207271047e-07 9.999521374702453613e-01
1.252182091349141047e-08 4.098552744835615158e-05 1.044982001185417175e-01 8.954608440399169922e-01
2.830472851655940758e-07 2.455026842653751373e-03 6.315009386526071467e-07 9.975440502166748047e-01
2.134104724973440170e-03 2.711475193500518799e-01 7.265353798866271973e-01 1.829657994676381350e-04
3.681736018279480049e-07 5.368884885683655739e-04 7.079019211232662201e-03 9.923837780952453613e-01
2.299622446298599243e-01 7.695585489273071289e-01 2.461581800616841065e-07 4.789628437720239162e-04
1.847384851316746790e-06 7.789200935803819448e-06 6.631554424529895186e-05 9.999240040779113770e-01
5.010651657357811928e-04 1.649465858936309814e-01 9.226267866324633360e-05 8.344600796699523926e-01
3.794522740463435184e-08 9.999555945396423340e-01 3.419451033437326259e-08 4.444230944500304759e-05
8.996115624904632568e-02 2.623885124921798706e-02 8.411729708313941956e-03 8.753883242607116699e-01
