1.806675642423982708e-10 9.741561412811279297e-01 1.248533010311803082e-08 2.584387175738811493e-02
4.484132603010948515e-07 7.165585458324130741e-08 2.392582967877388000e-02 9.760736227035522461e-01
7.092434657351986971e-07 3.135798266157507896e-03 1.971515484910923988e-05 9.968438148498535156e-01
9.228762678503699135e-07 9.985289573669433594e-01 5.282573401927947998e-04 9.418894187547266483e-04
9.888358712196350098e-01 6.766411941498517990e-03 6.277600186876952648e-04 3.769916715100407600e-03
2.572688728719185747e-08 9.996508359909057617e-01 1.723155583022162318e-04 1.768847432686015964e-04
5.630462055705720559e-06 2.081630562367209336e-10 2.805358730256557465e-03 9.971890449523925781e-01
6.095584974274981249e-12 9.996131658554077148e-01 5.695698773733326448e-11 3.868776839226484299e-04
5.223545554433606242e-11 9.999999403953552246e-01 1.199503607551832829e-09 1.196690107008180348e-07
1.670139492489397526e-03 9.931744933128356934e-01 9.732477224133617710e-08 5.155286286026239395e-03
3.113952334388159215e-05 2.974846324832469691e-08 9.999578595161437988e-01 1.094425533665344119e-05
4.778028279542922974e-02 5.421480163931846619e-03 9.428664445877075195e-01 3.931792918592691422e-03
