6.031372379311505938e-08 9.228154453921888489e-07 3.981020199717022479e-05 9.999591708183288574e-01
2.474370752736376744e-08 9.979989528656005859e-01 7.965323311509564519e-05 1.921422081068158150e-03
2.710612534428946674e-07 5.851771334164368454e-07 3.980402141223748913e-08 9.999991059303283691e-01
1.791730824152182322e-06 1.054475546879984904e-06 1.265654433518648148e-02 9.873405694961547852e-01
8.215734510486072395e-07 9.952942132949829102e-01 7.161042869796574450e-10 4.705002531409263611e-03
9.202251405326933309e-09 1.379304286092519760e-02 6.737854331731796265e-02 9.188284277915954590e-01
5.816543247050276477e-09 1.000000000000000000e+00 2.164123280579133279e-08 1.180157416236227164e-09
9.999960660934448242e-01 3.121989209375897190e-07 3.437589612076408230e-06 2.335050766077984008e-07
3.519672608920387802e-10 1.008587324768939197e-09 9.992963075637817383e-01 7.037071045488119125e-04
3.432524099480360746e-04 1.362123730359598994e-04 9.995205998420715332e-01 4.691609878371139075e-10
9.995284676551818848e-01 4.709470085799694061e-04 5.505839340003149118e-07 6.220903792097942642e-10
9.773374199867248535e-01 1.207241151490734410e-08 2.259227260947227478e-02 7.029826520010828972e-05
