7.369600534439086914e-01 9.941624850034713745e-02 1.541713923215866089e-01 9.452339261770248413e-03
5.119428897160105407e-05 4.590484604705125093e-05 9.334713816642761230e-01 6.643152236938476562e-02
2.196324455638887230e-09 9.999971389770507812e-01 2.760953748293104582e-06 5.528617208483410650e-08
1.154023259878158569e-01 8.784113526344299316e-01 5.110227357363328338e-05 6.135216914117336273e-03
7.253897786140441895e-01 3.567492967704311013e-05 2.745675146579742432e-01 7.027683295746101066e-06
1.433601230348829914e-13 1.000000000000000000e+00 1.364950019677735327e-08 8.881997359821980353e-10
9.988264441490173340e-01 1.029419490805594251e-05 1.501111199786464567e-07 1.163034234195947647e-03
1.756463204050096039e-11 1.287692263929329783e-08 1.000000000000000000e+00 7.405211860378457800e-11
5.347983744741213741e-08 2.255365689052268863e-05 9.885832667350769043e-01 1.139414869248867035e-02
9.258501449949108064e-06 9.999583959579467773e-01 4.919774809764021484e-08 3.223692328901961446e-05
3.611021881511078391e-08 5.463056709231750574e-07 1.259123347699642181e-02 9.874081611633300781e-01
3.120447900073486380e-06 9.995900988578796387e-01 3.808866022154688835e-04 2.594667057564947754e-05
