1.925674723679549061e-06 3.326523676514625549e-02 9.667319655418395996e-01 9.767416031536413357e-07
3.861547112464904785e-01 6.275297608226537704e-03 6.073961257934570312e-01 1.738469873089343309e-04
6.138532757759094238e-01 3.861459195613861084e-01 8.356080911653407384e-07 3.497888201309251599e-08
6.959646125324070454e-04 3.294843287093840445e-09 9.976889491081237793e-01 1.615108456462621689e-03
1.609252109346925863e-07 1.861011900139430963e-10 9.998944401741027832e-01 1.054411768564023077e-04
9.441134333610534668e-01 1.484464854001998901e-02 4.099829494953155518e-02 4.358809019322507083e-05
8.973212970886379480e-06 5.341600939345880761e-09 9.883015751838684082e-01 1.168941799551248550e-02
2.201355073339072987e-06 8.707208962732693180e-07 9.999969601631164551e-01 1.894171486327422826e-09
9.922848939895629883e-01 1.191324827232165262e-05 1.012324252203100627e-10 7.703146431595087051e-03
1.956749656528700143e-06 1.206580151347225183e-07 9.998643994331359863e-01 1.335296401521191001e-04
6.181629643928210349e-13 3.148873606306779038e-09 1.000000000000000000e+00 4.392006203168818956e-10
7.225031498819589615e-03 3.937156405299901962e-03 9.888331890106201172e-01 4.616546902980189770e-06
