6.537003116591222351e-08 2.845040988177061081e-03 3.183438777923583984e-01 6.788110733032226562e-01
2.195431989093776792e-05 9.891211390495300293e-01 1.068792585283517838e-02 1.690452627371996641e-04
4.499989074702170910e-07 1.679917716046475107e-07 6.250774617910792585e-07 9.999987483024597168e-01
3.762767430970370697e-09 9.890726208686828613e-01 1.089127641171216965e-02 3.610060593928210437e-05
9.999963641166687012e-01 2.886243009925237857e-06 2.440128377134698212e-10 6.718918825754371937e-07
3.844367879590748771e-11 7.306214683922007680e-05 2.311600837856531143e-04 9.996957778930664062e-01
2.479365046603732026e-10 6.086296744367558631e-11 2.051862013630056936e-10 1.000000000000000000e+00
2.172410233924892964e-07 4.035821802972350270e-06 9.999957680702209473e-01 2.442574853489531961e-08
6.989076733589172363e-02 3.355009481310844421e-02 7.369546890258789062e-01 1.596044450998306274e-01
5.870074033737182617e-01 1.353458315134048462e-01 5.905511206947267056e-04 2.770560979843139648e-01
4.300129141654451814e-10 1.000000000000000000e+00 2.177625857413545418e-10 2.434547875795889382e-11
9.999824166297912598e-01 4.507395260588964447e-06 1.162183060898769327e-08 1.313313077844213694e-05
