9.660179018974304199e-01 4.237584362272173166e-04 3.355838730931282043e-02 2.400663490220722451e-08
9.985365271568298340e-01 1.383566541335312650e-06 1.461954787373542786e-03 1.933291571276640752e-07
6.402244707714999095e-06 5.504849553108215332e-02 2.857686253264546394e-03 9.420874118804931641e-01
1.723763562040403485e-04 3.491285315249115229e-05 9.917135238647460938e-01 8.079183287918567657e-03
5.604260877589695156e-05 3.116203006356954575e-04 9.971534013748168945e-01 2.478927141055464745e-03
4.681388672906905413e-04 8.110726252198219299e-03 3.374157984126213705e-07 9.914207458496093750e-01
8.619853854179382324e-01 1.248735934495925903e-03 1.367660015821456909e-01 1.455164788666252207e-08
1.363982937618857250e-05 9.874589443206787109e-01 1.251436024904251099e-02 1.313358188781421632e-05
9.953578114509582520e-01 3.606731979743926786e-08 4.637160338461399078e-03 5.037940354668535292e-06
6.545670672153391934e-10 7.344276853338271849e-10 2.219900999134161168e-11 1.000000000000000000e+00
7.313126116059720516e-05 9.999004602432250977e-01 3.680539748529554345e-06 2.271260200359392911e-05
2.922642128311281340e-10 2.015779730635269829e-11 1.000000000000000000e+00 2.035886650236795603e-12
