3.412830210436368361e-06 9.998868107795715332e-01 4.764835748183315900e-10 1.097877029678784311e-04
4.481521542754052234e-10 6.193372897866922244e-11 6.032565114111321236e-09 1.000000000000000000e+00
1.498234958319244470e-08 9.961705207824707031e-01 2.979097871502744965e-06 3.826497122645378113e-03
9.999900460243225098e-01 1.563563944984025511e-09 6.984030278545105830e-06 3.014317144334199838e-06
9.217416644096374512e-01 4.307596012949943542e-02 3.451722115278244019e-02 6.652055308222770691e-04
9.803993105888366699e-01 1.958956010639667511e-02 5.183682787901489064e-06 5.903537385165691376e-06
1.555371563881635666e-03 1.474997261539101601e-04 5.566865438595414162e-04 9.977404475212097168e-01
3.284347010776400566e-03 1.374968513846397400e-02 1.128407006945053581e-06 9.829648137092590332e-01
1.096251533994063720e-09 1.683346090430859476e-05 5.813649113406427205e-05 9.999250769615173340e-01
6.368478061631321907e-04 7.689746562391519547e-04 1.716185593977570534e-03 9.968779683113098145e-01
4.225501299970346736e-07 6.589147727936506271e-03 9.955556379281915724e-06 9.934004545211791992e-01
5.182508230209350586e-01 2.537469845265150070e-03 6.288411561399698257e-03 4.729232788085937500e-01
