3.502226620912551880e-02 9.639895558357238770e-01 8.233873522840440273e-04 1.648286561248824000e-04
1.257823081687092781e-03 8.901962041854858398e-01 1.048320829868316650e-01 3.713828278705477715e-03
1.301762531511485577e-03 9.982432126998901367e-01 4.545082338154315948e-04 5.762069008596881758e-07
4.088245332241058350e-01 5.647634863853454590e-01 5.806729313917458057e-05 2.635394968092441559e-02
9.984276890754699707e-01 1.555472961626946926e-03 5.167892595636658370e-06 1.171287203760584816e-05
1.646585587877780199e-04 9.998353719711303711e-01 9.355303198788078589e-10 2.196166271062338637e-08
1.993536065392209622e-11 9.999998807907104492e-01 1.007188776824818888e-09 6.926529749762266874e-08
1.628874315429129638e-06 9.024749994277954102e-01 8.375193923711776733e-02 1.377149485051631927e-02
9.986795186996459961e-01 3.978985474439866721e-10 1.320439856499433517e-03 6.316797307448496213e-09
5.818021845543919213e-12 4.163555351183179098e-12 1.340753840890491870e-15 1.000000000000000000e+00
7.777326554059982300e-02 1.302102009503869340e-05 9.222137331962585449e-01 4.895102101443171705e-10
8.479570396957569756e-07 9.997712373733520508e-01 8.677231562614906579e-06 2.192581450799480081e-04
