7.363508921116590500e-03 3.815346360206604004e-01 6.109692454338073730e-01 1.326156634604558349e-04
9.427814744412899017e-03 2.177255460992455482e-03 3.314208984375000000e-01 6.569740176200866699e-01
9.999958276748657227e-01 2.003537069583671837e-08 2.404824428481333598e-08 4.205403001833474264e-06
4.463888633732260303e-11 3.369402289390563965e-01 6.630594134330749512e-01 4.437738425622228533e-07
9.932926297187805176e-01 1.798356265680922661e-06 6.486570462584495544e-03 2.189882361562922597e-04
5.190136764809949455e-09 2.519768941056099720e-06 2.366431051115114315e-09 9.999974370002746582e-01
9.807769060134887695e-01 6.447661871789023280e-05 7.638808892806991935e-05 1.908220909535884857e-02
9.987599192129437142e-09 9.995843172073364258e-01 1.067229220552690094e-07 4.155379137955605984e-04
1.469730477765551768e-06 1.461467280527983803e-09 9.999983906745910645e-01 5.917472023497793998e-08
8.494191169738769531e-01 1.502534300088882446e-01 3.264927072450518608e-04 9.859668352873995900e-07
6.514829583466053009e-04 9.562214612960815430e-01 3.289148584008216858e-02 1.023556571453809738e-02
5.563864111900329590e-01 2.689802568056620657e-05 3.940623700618743896e-01 4.952434077858924866e-02
