8.961221283243503422e-06 6.378082558512687683e-03 7.222920656204223633e-01 2.713208198547363281e-01
9.999986290931701660e-01 1.966115464879791830e-10 1.401204144713119604e-06 5.386822932162971256e-11
8.003094196319580078e-01 1.830583214759826660e-01 1.913375126605387777e-05 1.661314629018306732e-02
9.347443580627441406e-01 4.174227069597691298e-04 6.483819335699081421e-02 1.282794759305261323e-09
9.987089037895202637e-01 7.449484110111370683e-05 1.216508913785219193e-03 1.391583737131441012e-07
1.276323646306991577e-01 1.294373760174494237e-06 5.900117685087025166e-06 8.723604083061218262e-01
9.392837618804605881e-10 5.070715758392907446e-08 1.000000000000000000e+00 7.974464187945895510e-13
8.524133363607688807e-07 8.352401346201077104e-05 9.998958110809326172e-01 1.980805609491653740e-05
2.635382543303421699e-06 4.101912081241607666e-01 1.532908271428823355e-07 5.898059606552124023e-01
1.645237688308043289e-07 3.994833969045430422e-04 9.996003508567810059e-01 5.625361981786980436e-11
7.241193998197559267e-06 3.263640683144330978e-04 4.194145202636718750e-01 5.802518725395202637e-01
6.199202034622430801e-04 6.488359570503234863e-01 1.618534908629953861e-03 3.489255607128143311e-01
