1.237745550497493241e-08 9.999253749847412109e-01 2.165214027627371252e-06 7.243500294862315059e-05
6.359094550134614110e-05 2.710129956540185958e-05 9.999049305915832520e-01 4.282482223061379045e-06
1.841450482606887817e-02 2.068973881108604473e-09 7.467584595133303083e-08 9.815853834152221680e-01
8.812394738197326660e-02 1.550957653671503067e-02 7.743160128593444824e-01 1.220504716038703918e-01
6.986795586527705382e-10 9.999963641166687012e-01 8.000629350135568529e-07 2.834969563991762698e-06
6.175663293106481433e-05 8.229272067546844482e-02 9.176426529884338379e-01 2.920063025158015080e-06
3.252607129979878664e-04 3.095435022260062397e-05 9.996438026428222656e-01 2.509995766786232707e-09
1.236777649182840833e-07 5.864796293053586851e-08 3.035191330127418041e-04 9.996962547302246094e-01
5.586715340614318848e-01 1.833534538745880127e-01 1.015641726553440094e-02 2.478186190128326416e-01
5.122878029942512512e-02 1.383032639523662510e-07 6.704348488710820675e-04 9.481006264686584473e-01
2.141280274372547865e-04 1.335419132374227047e-03 5.664169657393358648e-05 9.983937740325927734e-01
9.629043936729431152e-01 3.293051198124885559e-02 3.784473286941647530e-03 3.805329033639281988e-04
