5.086375054474956414e-08 1.176399964606389403e-04 9.998633861541748047e-01 1.891322426672559232e-05
9.999989867210388184e-01 4.269060127626289614e-08 1.165173735273583588e-09 9.683874395705061033e-07
4.723707437515258789e-01 1.519503456393067609e-08 5.236911773681640625e-01 3.938082605600357056e-03
9.998110532760620117e-01 5.308481831889366731e-07 1.830899418564513326e-04 5.230993792793015018e-06
3.647747337818145752e-01 2.539729175623506308e-04 6.349713206291198730e-01 2.652885966458740086e-10
2.344203880056738853e-03 3.604122014166932786e-07 9.976554512977600098e-01 1.232138280293781918e-09
5.109278390591498464e-06 9.938632249832153320e-01 4.435591865330934525e-03 1.696021063253283501e-03
1.222117803990840912e-02 2.447000239044427872e-03 1.693801459623500705e-04 9.851624965667724609e-01
2.555434086559671414e-09 1.125586166494940699e-07 9.999999403953552246e-01 3.278658677885459838e-09
9.893901646137237549e-03 1.157104406956932507e-06 9.898669123649597168e-01 2.380800578976050019e-04
9.870042204856872559e-01 2.168758506115864293e-08 1.299570780247449875e-02 6.198916224775530281e-08
8.228921890258789062e-01 1.750037968158721924e-01 2.103819744661450386e-03 1.838291154854232445e-07
