2.794333919882774353e-02 6.663089152425527573e-03 9.653935432434082031e-01 9.034413217534620344e-09
3.183725709732243558e-07 2.325598913444082427e-08 9.999994039535522461e-01 1.705270022966942634e-07
7.457298636436462402e-01 2.483241856098175049e-01 1.041570430970750749e-05 5.935543682426214218e-03
4.865289156441576779e-05 9.917236566543579102e-01 2.504453732399269938e-05 8.202631026506423950e-03
2.837344254658091813e-06 2.230541529257834554e-09 2.087729294997231477e-10 9.999971985816955566e-01
5.624930054182186723e-06 9.997261762619018555e-01 2.740210192087033647e-08 2.681585028767585754e-04
1.905791080503149715e-08 5.303224526187477750e-08 2.196720361169468561e-09 9.999999403953552246e-01
5.344905957826995291e-07 6.847963333129882812e-01 3.152015507221221924e-01 1.600785139999061357e-06
1.565369457239285111e-04 4.730689688585698605e-04 9.903406500816345215e-01 9.029776789247989655e-03
9.983304142951965332e-01 6.727011168550234288e-06 4.544082621578127146e-04 1.208426081575453281e-03
9.995428323745727539e-01 3.843834972538928696e-11 4.572118632495403290e-04 9.586259785976380954e-09
9.999853372573852539e-01 1.153102613393741649e-10 1.465899185859598219e-05 2.569005563834991790e-10
