1.522933393716812134e-01
1.595312505960464478e-01
1.522933393716812134e-01
1.702256798744201660e-01
1.522933393716812134e-01
1.470663994550704956e-01
1.559989452362060547e-01
1.627747118473052979e-01
1.559989452362060547e-01
1.594983041286468506e-01
1.559989452362060547e-01
1.546521484851837158e-01
1.515559852123260498e-01
1.499916762113571167e-01
1.515559852123260498e-01
1.538820713758468628e-01
1.515559852123260498e-01
2.002829760313034058e-01
1.515559852123260498e-01
1.561421453952789307e-01
1.508809030055999756e-01
1.811723560094833374e-01
1.508809030055999756e-01
1.733786910772323608e-01
1.508809030055999756e-01
1.383596658706665039e-01
1.424042731523513794e-01
1.288587898015975952e-01
1.424042731523513794e-01
1.660047471523284912e-01
1.424042731523513794e-01
1.620313674211502075e-01
1.326682716608047485e-01
1.283395886421203613e-01
1.326682716608047485e-01
1.167741790413856506e-01
1.326682716608047485e-01
1.082182601094245911e-01
1.368097364902496338e-01
1.765905767679214478e-01
1.368097364902496338e-01
1.265286952257156372e-01
1.368097364902496338e-01
1.017634198069572449e-01
1.358349174261093140e-01
7.729745656251907349e-02
1.358349174261093140e-01
1.022401675581932068e-01
1.358349174261093140e-01
7.319137454032897949e-02
1.362386494874954224e-01
8.073378354310989380e-02
1.362386494874954224e-01
1.164887696504592896e-01
1.362386494874954224e-01
9.271243214607238770e-02
1.358698606491088867e-01
8.060453087091445923e-02
1.358698606491088867e-01
8.521941304206848145e-02
1.358698606491088867e-01
8.284335583448410034e-02
1.433817148208618164e-01
9.297675639390945435e-02
1.433817148208618164e-01
1.684684753417968750e-01
1.433817148208618164e-01
8.529497683048248291e-02
1.381154209375381470e-01
8.299450576305389404e-02
1.381154209375381470e-01
7.884247601032257080e-02
1.381154209375381470e-01
2.405916601419448853e-01
1.304234713315963745e-01
6.734456866979598999e-02
1.304234713315963745e-01
1.498986482620239258e-01
1.304234713315963745e-01
8.134347945451736450e-02
1.304234713315963745e-01
8.604458719491958618e-02
1.312241703271865845e-01
9.906194359064102173e-02
1.312241703271865845e-01
6.952212005853652954e-02
1.312241703271865845e-01
7.341741025447845459e-02
1.314450204372406006e-01
1.451955884695053101e-01
1.314450204372406006e-01
1.814935654401779175e-01
1.314450204372406006e-01
1.460636109113693237e-01
1.312160342931747437e-01
8.716046810150146484e-02
1.312160342931747437e-01
1.350767910480499268e-01
1.312160342931747437e-01
1.141704693436622620e-01
1.338009089231491089e-01
1.592820882797241211e-01
1.338009089231491089e-01
1.285031586885452271e-01
1.338009089231491089e-01
1.434000134468078613e-01
1.330674737691879272e-01
1.475397795438766479e-01
1.330674737691879272e-01
1.640006154775619507e-01
1.330674737691879272e-01
1.557757109403610229e-01
1.304735839366912842e-01
1.172155812382698059e-01
1.304735839366912842e-01
1.630849391222000122e-01
1.304735839366912842e-01
1.366936564445495605e-01
1.312910765409469604e-01
1.785434186458587646e-01
1.312910765409469604e-01
1.532372981309890747e-01
1.312910765409469604e-01
1.531704813241958618e-01
1.307162195444107056e-01
1.410307288169860840e-01
1.307162195444107056e-01
1.480176895856857300e-01
1.307162195444107056e-01
1.469989866018295288e-01
1.234822943806648254e-01
1.266554594039916992e-01
1.234822943806648254e-01
1.373398751020431519e-01
1.234822943806648254e-01
1.456077247858047485e-01
1.236817613244056702e-01
1.411550343036651611e-01
1.236817613244056702e-01
1.663177013397216797e-01
1.236817613244056702e-01
1.358756572008132935e-01
1.236817613244056702e-01
1.147027760744094849e-01
1.236817613244056702e-01
1.584505289793014526e-01
1.236817613244056702e-01
1.545174866914749146e-01
1.236817613244056702e-01
1.307167112827301025e-01
1.280651390552520752e-01
1.645940840244293213e-01
1.280651390552520752e-01
1.642390489578247070e-01
1.280651390552520752e-01
1.866907030344009399e-01
1.284722387790679932e-01
1.257118284702301025e-01
1.284722387790679932e-01
9.977214038372039795e-02
1.284722387790679932e-01
1.301367431879043579e-01
1.345398575067520142e-01
1.646482944488525391e-01
1.345398575067520142e-01
1.633580178022384644e-01
1.345398575067520142e-01
1.467497050762176514e-01
1.385145932435989380e-01
1.265205293893814087e-01
1.385145932435989380e-01
1.423564255237579346e-01
1.385145932435989380e-01
1.589646339416503906e-01
1.370686441659927368e-01
1.263858079910278320e-01
1.370686441659927368e-01
1.632244586944580078e-01
1.370686441659927368e-01
1.701590269804000854e-01
1.388323605060577393e-01
1.388179063796997070e-01
1.388323605060577393e-01
1.816872507333755493e-01
1.388323605060577393e-01
1.554982513189315796e-01
1.388323605060577393e-01
1.585662961006164551e-01
1.432903259992599487e-01
1.379682868719100952e-01
1.432903259992599487e-01
1.286095827817916870e-01
1.432903259992599487e-01
1.406535506248474121e-01
1.462805122137069702e-01
1.285248845815658569e-01
1.462805122137069702e-01
1.425246894359588623e-01
1.462805122137069702e-01
1.507111787796020508e-01
1.450827568769454956e-01
1.583342105150222778e-01
1.450827568769454956e-01
1.464355438947677612e-01
1.450827568769454956e-01
1.426060050725936890e-01
1.488291621208190918e-01
1.457641273736953735e-01
1.488291621208190918e-01
1.513062715530395508e-01
1.488291621208190918e-01
1.453388035297393799e-01
1.565017253160476685e-01
1.924171894788742065e-01
1.565017253160476685e-01
1.596028357744216919e-01
1.565017253160476685e-01
1.682512760162353516e-01
1.565907448530197144e-01
1.928651630878448486e-01
1.565907448530197144e-01
1.717400103807449341e-01
1.565907448530197144e-01
1.915737837553024292e-01
1.665913313627243042e-01
1.638874113559722900e-01
1.665913313627243042e-01
1.511486023664474487e-01
1.665913313627243042e-01
1.455452740192413330e-01
1.701875925064086914e-01
1.615317910909652710e-01
1.701875925064086914e-01
1.642106026411056519e-01
1.701875925064086914e-01
1.598284989595413208e-01
1.701875925064086914e-01
1.784684807062149048e-01
1.704226285219192505e-01
1.508738547563552856e-01
1.704226285219192505e-01
1.719948202371597290e-01
1.704226285219192505e-01
1.555648148059844971e-01
1.704226285219192505e-01
1.725125610828399658e-01
1.704226285219192505e-01
1.925181895494461060e-01
1.704226285219192505e-01
1.620687842369079590e-01
1.727276444435119629e-01
1.741786152124404907e-01
1.727276444435119629e-01
1.675320267677307129e-01
1.727276444435119629e-01
1.822495013475418091e-01
1.727276444435119629e-01
1.843900680541992188e-01
1.727276444435119629e-01
1.955395638942718506e-01
1.727276444435119629e-01
1.850561499595642090e-01
1.698879897594451904e-01
1.807683706283569336e-01
1.698879897594451904e-01
1.595934182405471802e-01
1.698879897594451904e-01
1.623823195695877075e-01
1.731393039226531982e-01
1.935350149869918823e-01
1.731393039226531982e-01
1.915674358606338501e-01
1.731393039226531982e-01
1.912532895803451538e-01
1.715129166841506958e-01
1.386781930923461914e-01
1.715129166841506958e-01
1.454098075628280640e-01
1.715129166841506958e-01
1.634107530117034912e-01
1.740688830614089966e-01
1.756486147642135620e-01
1.740688830614089966e-01
1.853924244642257690e-01
1.740688830614089966e-01
1.606004387140274048e-01
1.681553423404693604e-01
1.472761929035186768e-01
1.681553423404693604e-01
1.615932434797286987e-01
1.681553423404693604e-01
1.352213770151138306e-01
1.652622669935226440e-01
1.489179730415344238e-01
1.652622669935226440e-01
1.614941954612731934e-01
1.652622669935226440e-01
1.643035262823104858e-01
1.631160825490951538e-01
1.800347268581390381e-01
1.631160825490951538e-01
1.704426407814025879e-01
1.631160825490951538e-01
1.584831029176712036e-01
1.641378998756408691e-01
1.763803809881210327e-01
1.641378998756408691e-01
1.902288198471069336e-01
1.641378998756408691e-01
1.635712832212448120e-01
1.643625646829605103e-01
1.573534309864044189e-01
1.643625646829605103e-01
1.394153833389282227e-01
1.643625646829605103e-01
1.637710630893707275e-01
1.643625646829605103e-01
1.710710227489471436e-01
1.643625646829605103e-01
1.829924136400222778e-01
1.643625646829605103e-01
1.856698244810104370e-01
1.643625646829605103e-01
1.805555820465087891e-01
1.643625646829605103e-01
1.598228812217712402e-01
1.643625646829605103e-01
1.554470807313919067e-01
1.643625646829605103e-01
1.791664212942123413e-01
1.515723317861557007e-01
1.490945965051651001e-01
1.515723317861557007e-01
1.480933874845504761e-01
1.515723317861557007e-01
1.201572790741920471e-01
1.495020538568496704e-01
1.510621011257171631e-01
1.495020538568496704e-01
1.511986851692199707e-01
1.495020538568496704e-01
1.307037025690078735e-01
1.470913439989089966e-01
1.809439510107040405e-01
1.470913439989089966e-01
1.606222391128540039e-01
1.470913439989089966e-01
1.564503461122512817e-01
1.470913439989089966e-01
1.368157267570495605e-01
1.463302075862884521e-01
1.466058939695358276e-01
1.463302075862884521e-01
1.751405447721481323e-01
1.463302075862884521e-01
1.629900187253952026e-01
1.463302075862884521e-01
1.602903306484222412e-01
1.463302075862884521e-01
1.366381198167800903e-01
1.463302075862884521e-01
1.448069959878921509e-01
1.516205519437789917e-01
1.391178369522094727e-01
1.516205519437789917e-01
1.672178059816360474e-01
1.516205519437789917e-01
1.505978107452392578e-01
1.471373885869979858e-01
1.579733788967132568e-01
1.471373885869979858e-01
1.632741540670394897e-01
1.471373885869979858e-01
1.656459271907806396e-01
1.471373885869979858e-01
1.632713079452514648e-01
1.471373885869979858e-01
1.194313690066337585e-01
1.471373885869979858e-01
1.426394730806350708e-01
1.471373885869979858e-01
1.241397336125373840e-01
1.483290195465087891e-01
1.981329768896102905e-01
1.483290195465087891e-01
1.583735346794128418e-01
1.483290195465087891e-01
2.835550606250762939e-01
1.385194510221481323e-01
1.250834167003631592e-01
1.385194510221481323e-01
4.644399881362915039e-02
1.385194510221481323e-01
6.961498409509658813e-02
1.473113745450973511e-01
1.382941752672195435e-01
1.473113745450973511e-01
1.582944989204406738e-01
1.473113745450973511e-01
9.129217267036437988e-02
1.623647361993789673e-01
6.137922406196594238e-02
1.623647361993789673e-01
7.549105584621429443e-02
1.623647361993789673e-01
8.026083558797836304e-02
1.581496745347976685e-01
1.969063282012939453e-02
1.581496745347976685e-01
-2.260151319205760956e-02
1.581496745347976685e-01
6.360451877117156982e-02
1.579245477914810181e-01
4.094789922237396240e-01
1.579245477914810181e-01
2.411679625511169434e-01
1.579245477914810181e-01
2.107975631952285767e-01
1.556489169597625732e-01
8.108599483966827393e-02
1.556489169597625732e-01
1.557066887617111206e-01
1.556489169597625732e-01
1.225280910730361938e-01
1.579317897558212280e-01
2.791566029191017151e-02
1.579317897558212280e-01
6.204487383365631104e-02
1.579317897558212280e-01
1.845138147473335266e-02
1.585292518138885498e-01
4.966155439615249634e-02
1.585292518138885498e-01
2.734542265534400940e-02
1.585292518138885498e-01
3.632108867168426514e-02
1.578849554061889648e-01
7.462983578443527222e-02
1.578849554061889648e-01
8.156497776508331299e-02
1.578849554061889648e-01
3.393925726413726807e-02
1.530013680458068848e-01
-7.753562182188034058e-03
1.530013680458068848e-01
6.174985319375991821e-03
1.530013680458068848e-01
1.333964914083480835e-01
1.526105254888534546e-01
7.150216400623321533e-02
1.526105254888534546e-01
7.870110869407653809e-02
1.526105254888534546e-01
1.176347211003303528e-01
1.526105254888534546e-01
5.230136215686798096e-02
1.546688973903656006e-01
9.403928369283676147e-02
1.546688973903656006e-01
1.205448433756828308e-01
1.546688973903656006e-01
1.188047006726264954e-01
1.565151363611221313e-01
6.781857460737228394e-02
1.565151363611221313e-01
6.667910516262054443e-02
1.565151363611221313e-01
4.850325733423233032e-02
1.565151363611221313e-01
4.254076629877090454e-02
1.532173305749893188e-01
1.457814872264862061e-01
1.532173305749893188e-01
9.859342128038406372e-02
1.532173305749893188e-01
1.127309575676918030e-01
1.491449028253555298e-01
5.957505851984024048e-02
1.491449028253555298e-01
1.188264489173889160e-01
1.491449028253555298e-01
1.768340766429901123e-01
1.445064991712570190e-01
1.228516772389411926e-01
1.445064991712570190e-01
1.317661553621292114e-01
1.445064991712570190e-01
1.364207118749618530e-01
1.574318706989288330e-01
1.525050997734069824e-01
1.574318706989288330e-01
1.667607128620147705e-01
1.574318706989288330e-01
1.645881384611129761e-01
1.574318706989288330e-01
1.760102063417434692e-01
1.507378220558166504e-01
1.704522222280502319e-01
1.507378220558166504e-01
1.681929677724838257e-01
1.507378220558166504e-01
2.003223150968551636e-01
1.596233993768692017e-01
1.948816329240798950e-01
1.596233993768692017e-01
2.107787281274795532e-01
1.596233993768692017e-01
1.761947423219680786e-01
1.570343524217605591e-01
1.541963666677474976e-01
1.570343524217605591e-01
1.615354269742965698e-01
1.570343524217605591e-01
1.572167724370956421e-01
1.552938222885131836e-01
2.139928191900253296e-01
1.552938222885131836e-01
1.656431108713150024e-01
1.552938222885131836e-01
2.596122920513153076e-01
1.552938222885131836e-01
1.674460768699645996e-01
1.552938222885131836e-01
1.817747801542282104e-01
1.552938222885131836e-01
2.154987603425979614e-01
1.558588892221450806e-01
1.551390886306762695e-01
1.558588892221450806e-01
1.719469875097274780e-01
1.558588892221450806e-01
1.533929556608200073e-01
1.605945974588394165e-01
2.126753777265548706e-01
1.605945974588394165e-01
2.057412117719650269e-01
1.605945974588394165e-01
1.910751610994338989e-01
1.584183424711227417e-01
1.725407689809799194e-01
1.584183424711227417e-01
2.028147429227828979e-01
1.584183424711227417e-01
2.105824202299118042e-01
1.529159992933273315e-01
1.597502082586288452e-01
1.529159992933273315e-01
1.676725000143051147e-01
1.529159992933273315e-01
1.650962084531784058e-01
1.460232734680175781e-01
1.596031934022903442e-01
1.460232734680175781e-01
1.504770368337631226e-01
1.460232734680175781e-01
1.692313700914382935e-01
1.460232734680175781e-01
1.664776951074600220e-01
1.484743952751159668e-01
2.095602303743362427e-01
1.484743952751159668e-01
1.396328955888748169e-01
1.484743952751159668e-01
1.856501549482345581e-01
1.377983689308166504e-01
1.140183061361312866e-01
1.377983689308166504e-01
1.470894366502761841e-01
1.377983689308166504e-01
1.509847790002822876e-01
1.113711968064308167e-01
7.251452654600143433e-02
1.113711968064308167e-01
1.236143335700035095e-01
1.113711968064308167e-01
1.217280253767967224e-01
1.083543375134468079e-01
1.029436811804771423e-01
1.083543375134468079e-01
1.481816023588180542e-01
1.083543375134468079e-01
1.229427978396415710e-01
8.999592810869216919e-02
9.565048664808273315e-02
8.999592810869216919e-02
1.076492965221405029e-01
8.999592810869216919e-02
5.507260560989379883e-02
8.457696437835693359e-02
1.104739531874656677e-01
8.457696437835693359e-02
1.154047027230262756e-01
8.457696437835693359e-02
1.122224256396293640e-01
8.556390553712844849e-02
9.476859867572784424e-02
8.556390553712844849e-02
7.556283473968505859e-02
8.556390553712844849e-02
7.541647553443908691e-02
8.556390553712844849e-02
1.253944039344787598e-01
8.518063277006149292e-02
9.448054432868957520e-02
8.518063277006149292e-02
8.549427986145019531e-02
8.518063277006149292e-02
4.528244584798812866e-02
8.357594162225723267e-02
9.644628316164016724e-02
8.357594162225723267e-02
8.662990480661392212e-02
8.357594162225723267e-02
7.707963138818740845e-02
8.605898171663284302e-02
1.049467250704765320e-01
8.605898171663284302e-02
7.930856198072433472e-02
8.605898171663284302e-02
8.630285412073135376e-02
8.901295065879821777e-02
8.696004003286361694e-02
8.901295065879821777e-02
8.653582632541656494e-02
8.901295065879821777e-02
8.522051572799682617e-02
8.816659450531005859e-02
7.889452576637268066e-02
8.816659450531005859e-02
8.566630631685256958e-02
8.816659450531005859e-02
9.635582566261291504e-02
9.273377060890197754e-02
9.826884418725967407e-02
9.273377060890197754e-02
1.059269681572914124e-01
9.273377060890197754e-02
9.007535129785537720e-02
9.077828377485275269e-02
7.024753093719482422e-02
9.077828377485275269e-02
7.096749544143676758e-02
9.077828377485275269e-02
9.613843262195587158e-02
9.077828377485275269e-02
6.727474927902221680e-02
9.716530889272689819e-02
7.765590399503707886e-02
9.716530889272689819e-02
7.697563618421554565e-02
9.716530889272689819e-02
8.438291400671005249e-02
9.065049141645431519e-02
8.690723031759262085e-02
9.065049141645431519e-02
1.016831770539283752e-01
9.065049141645431519e-02
8.158390969038009644e-02
9.933075308799743652e-02
1.073320433497428894e-01
9.933075308799743652e-02
1.041351780295372009e-01
9.933075308799743652e-02
1.029632538557052612e-01
9.663451462984085083e-02
1.135922893881797791e-01
9.663451462984085083e-02
1.229029297828674316e-01
9.663451462984085083e-02
1.187135055661201477e-01
1.042610481381416321e-01
1.256595700979232788e-01
1.042610481381416321e-01
1.696478426456451416e-01
1.042610481381416321e-01
1.171630248427391052e-01
1.133238002657890320e-01
1.324667632579803467e-01
1.133238002657890320e-01
1.094394549727439880e-01
1.133238002657890320e-01
1.080183088779449463e-01
1.110854148864746094e-01
1.088858395814895630e-01
1.110854148864746094e-01
9.344166517257690430e-02
1.110854148864746094e-01
9.472614526748657227e-02
1.100679263472557068e-01
1.280136704444885254e-01
1.100679263472557068e-01
1.085625663399696350e-01
1.100679263472557068e-01
1.179594621062278748e-01
1.100679263472557068e-01
9.077337384223937988e-02
1.123486384749412537e-01
1.142935752868652344e-01
1.123486384749412537e-01
1.318775713443756104e-01
1.123486384749412537e-01
1.337134242057800293e-01
1.160099953413009644e-01
1.378085166215896606e-01
1.160099953413009644e-01
1.811011880636215210e-01
1.160099953413009644e-01
1.141073629260063171e-01
1.150193661451339722e-01
1.104065924882888794e-01
1.150193661451339722e-01
1.155368611216545105e-01
1.150193661451339722e-01
1.023127213120460510e-01
1.144234612584114075e-01
8.867765963077545166e-02
1.144234612584114075e-01
9.235673397779464722e-02
1.144234612584114075e-01
1.115072369575500488e-01
1.188253238797187805e-01
1.076481118798255920e-01
1.188253238797187805e-01
1.035331413149833679e-01
1.188253238797187805e-01
1.559776812791824341e-01
1.188253238797187805e-01
1.505422741174697876e-01
1.188253238797187805e-01
1.609254777431488037e-01
1.188253238797187805e-01
1.396779268980026245e-01
1.188253238797187805e-01
1.195569187402725220e-01
1.188253238797187805e-01
1.403131633996963501e-01
1.186165064573287964e-01
1.621790677309036255e-01
1.186165064573287964e-01
1.307002604007720947e-01
1.186165064573287964e-01
9.796876460313796997e-02
1.296811550855636597e-01
1.304578185081481934e-01
1.296811550855636597e-01
1.413988620042800903e-01
1.296811550855636597e-01
1.424285322427749634e-01
1.247669085860252380e-01
9.914802759885787964e-02
1.247669085860252380e-01
1.221863403916358948e-01
1.247669085860252380e-01
9.634428471326828003e-02
1.290982514619827271e-01
1.249177753925323486e-01
1.290982514619827271e-01
1.228978857398033142e-01
1.290982514619827271e-01
1.020248159766197205e-01
1.435135751962661743e-01
1.371596306562423706e-01
1.435135751962661743e-01
1.450790017843246460e-01
1.435135751962661743e-01
1.396625339984893799e-01
1.445236355066299438e-01
1.549075096845626831e-01
1.445236355066299438e-01
1.355190277099609375e-01
1.445236355066299438e-01
1.532236784696578979e-01
1.515884250402450562e-01
1.568427383899688721e-01
1.515884250402450562e-01
1.752759218215942383e-01
1.515884250402450562e-01
1.763632893562316895e-01
1.552333533763885498e-01
1.672760695219039917e-01
1.552333533763885498e-01
1.700645536184310913e-01
1.552333533763885498e-01
1.707553565502166748e-01
1.552333533763885498e-01
1.447481513023376465e-01
1.542287766933441162e-01
1.624720245599746704e-01
1.542287766933441162e-01
1.562490016222000122e-01
1.542287766933441162e-01
1.570596396923065186e-01
1.535781174898147583e-01
1.503345221281051636e-01
1.535781174898147583e-01
1.546875089406967163e-01
1.535781174898147583e-01
1.615945249795913696e-01
1.565563827753067017e-01
1.639689058065414429e-01
1.565563827753067017e-01
1.686594635248184204e-01
1.565563827753067017e-01
1.656981259584426880e-01
1.581449806690216064e-01
1.775891780853271484e-01
1.581449806690216064e-01
1.667173951864242554e-01
1.581449806690216064e-01
1.893351972103118896e-01
1.581449806690216064e-01
1.507989913225173950e-01
1.512219756841659546e-01
1.463499814271926880e-01
1.512219756841659546e-01
1.554143279790878296e-01
1.512219756841659546e-01
1.431136280298233032e-01
1.487312465906143188e-01
1.725339144468307495e-01
1.487312465906143188e-01
1.564127057790756226e-01
1.487312465906143188e-01
1.529624164104461670e-01
1.438094824552536011e-01
1.501030325889587402e-01
1.438094824552536011e-01
1.421956717967987061e-01
1.438094824552536011e-01
1.468839049339294434e-01
1.438094824552536011e-01
1.670567989349365234e-01
1.435917168855667114e-01
1.285979747772216797e-01
1.435917168855667114e-01
1.376199424266815186e-01
1.435917168855667114e-01
1.300576925277709961e-01
1.421827822923660278e-01
1.385592222213745117e-01
1.421827822923660278e-01
1.343588382005691528e-01
1.421827822923660278e-01
1.434515267610549927e-01
1.421801149845123291e-01
1.255214810371398926e-01
1.421801149845123291e-01
1.332192718982696533e-01
1.421801149845123291e-01
1.267296820878982544e-01
1.421801149845123291e-01
1.259887516498565674e-01
1.383799165487289429e-01
1.493073254823684692e-01
1.383799165487289429e-01
1.310563832521438599e-01
1.383799165487289429e-01
1.470810174942016602e-01
1.383679509162902832e-01
1.406552642583847046e-01
1.383679509162902832e-01
1.483614593744277954e-01
1.383679509162902832e-01
1.402065306901931763e-01
1.411115974187850952e-01
1.280167251825332642e-01
1.411115974187850952e-01
1.770477741956710815e-01
1.411115974187850952e-01
1.548149734735488892e-01
1.411115974187850952e-01
1.284621953964233398e-01
1.411115974187850952e-01
1.307980567216873169e-01
1.411115974187850952e-01
1.194320619106292725e-01
1.411115974187850952e-01
1.445307433605194092e-01
1.349902898073196411e-01
1.224716603755950928e-01
1.349902898073196411e-01
1.432094722986221313e-01
1.349902898073196411e-01
1.343822330236434937e-01
1.435988396406173706e-01
1.553068906068801880e-01
1.435988396406173706e-01
1.490403562784194946e-01
1.435988396406173706e-01
1.808246970176696777e-01
1.421110630035400391e-01
1.299066692590713501e-01
1.421110630035400391e-01
1.377647370100021362e-01
1.421110630035400391e-01
9.262736141681671143e-02
1.405024826526641846e-01
1.030372381210327148e-01
1.405024826526641846e-01
1.191858798265457153e-01
1.405024826526641846e-01
1.008421853184700012e-01
1.405024826526641846e-01
1.317494511604309082e-01
1.237841919064521790e-01
1.037468090653419495e-01
1.237841919064521790e-01
1.773132532835006714e-01
1.237841919064521790e-01
1.406846791505813599e-01
1.124409884214401245e-01
1.279312819242477417e-01
1.124409884214401245e-01
1.178096160292625427e-01
1.124409884214401245e-01
1.115364134311676025e-01
1.202500984072685242e-01
1.451874077320098877e-01
1.202500984072685242e-01
1.005612164735794067e-01
1.202500984072685242e-01
1.223719045519828796e-01
1.167684569954872131e-01
1.644489616155624390e-01
1.167684569954872131e-01
1.675131618976593018e-01
1.167684569954872131e-01
1.475671082735061646e-01
4.695656895637512207e-02
3.269096463918685913e-02
4.695656895637512207e-02
7.154702395200729370e-02
4.695656895637512207e-02
4.774811118841171265e-02
1.848869957029819489e-02
2.768990583717823029e-02
1.848869957029819489e-02
2.226567454636096954e-02
1.848869957029819489e-02
3.103844635188579559e-02
1.848869957029819489e-02
-1.946916617453098297e-02
1.608434133231639862e-02
-9.072585031390190125e-03
1.608434133231639862e-02
1.611124910414218903e-02
1.608434133231639862e-02
1.988934539258480072e-02
5.422135815024375916e-03
1.748823001980781555e-02
5.422135815024375916e-03
4.214983060956001282e-02
5.422135815024375916e-03
1.285218261182308197e-02
-3.082440234720706940e-02
-3.058139048516750336e-02
-3.082440234720706940e-02
-2.610600925981998444e-02
-3.082440234720706940e-02
-5.891448259353637695e-02
-3.386292606592178345e-02
-1.037776283919811249e-02
-3.386292606592178345e-02
-1.390712521970272064e-02
-3.386292606592178345e-02
-1.271335035562515259e-02
-3.386292606592178345e-02
-3.347206115722656250e-02
-3.749380260705947876e-02
-4.631399363279342651e-02
-3.749380260705947876e-02
-5.640149861574172974e-02
-3.749380260705947876e-02
-5.732255429029464722e-02
-6.549718976020812988e-02
-6.136297434568405151e-02
-6.549718976020812988e-02
-7.064323127269744873e-02
-6.549718976020812988e-02
-6.834883242845535278e-02
-7.607088238000869751e-02
-8.146312087774276733e-02
-7.607088238000869751e-02
-4.957976937294006348e-02
-7.607088238000869751e-02
-3.463149070739746094e-02
-1.060948222875595093e-01
-1.095458790659904480e-01
-1.060948222875595093e-01
-1.137228831648826599e-01
-1.060948222875595093e-01
-1.130571439862251282e-01
-1.126453652977943420e-01
-1.185762956738471985e-01
-1.126453652977943420e-01
-1.182732656598091125e-01
-1.126453652977943420e-01
-9.759039431810379028e-02
-1.119856163859367371e-01
-1.693040877580642700e-01
-1.119856163859367371e-01
-1.495428234338760376e-01
-1.119856163859367371e-01
-1.895927935838699341e-01
-1.007488071918487549e-01
-1.045301184058189392e-01
-1.007488071918487549e-01
-8.521839231252670288e-02
-1.007488071918487549e-01
-9.229496866464614868e-02
-1.053907722234725952e-01
-9.287172555923461914e-02
-1.053907722234725952e-01
-8.317334204912185669e-02
-1.053907722234725952e-01
-1.088320612907409668e-01
-9.831531345844268799e-02
-9.367057681083679199e-02
-9.831531345844268799e-02
-9.948568791151046753e-02
-9.831531345844268799e-02
-9.331869333982467651e-02
-8.596689999103546143e-02
-1.022683754563331604e-01
-8.596689999103546143e-02
-9.017665684223175049e-02
-8.596689999103546143e-02
-1.027835682034492493e-01
-8.596689999103546143e-02
-5.966786295175552368e-02
-8.388770371675491333e-02
-8.418604731559753418e-02
-8.388770371675491333e-02
-7.082197070121765137e-02
-8.388770371675491333e-02
-1.021430119872093201e-01
-7.248962670564651489e-02
-4.441577196121215820e-02
-7.248962670564651489e-02
-6.157653033733367920e-02
-7.248962670564651489e-02
-8.796825259923934937e-02
-7.373028248548507690e-02
-6.239333003759384155e-02
-7.373028248548507690e-02
-8.060738444328308105e-02
-7.373028248548507690e-02
-7.086088508367538452e-02
-7.524458318948745728e-02
-6.810478121042251587e-02
-7.524458318948745728e-02
-7.783683389425277710e-02
-7.524458318948745728e-02
-6.605380028486251831e-02
-7.524458318948745728e-02
-7.736468315124511719e-02
-7.594753801822662354e-02
-7.410756498575210571e-02
-7.594753801822662354e-02
-5.017544329166412354e-02
-7.594753801822662354e-02
-7.112330943346023560e-02
-7.703173905611038208e-02
-6.626285612583160400e-02
-7.703173905611038208e-02
-6.415156275033950806e-02
-7.703173905611038208e-02
-8.305749297142028809e-02
-8.185611665248870850e-02
-7.530947029590606689e-02
-8.185611665248870850e-02
-8.914924412965774536e-02
-8.185611665248870850e-02
-8.252297341823577881e-02
-8.185611665248870850e-02
-7.482362538576126099e-02
-8.884718269109725952e-02
-6.495172530412673950e-02
-8.884718269109725952e-02
-8.057181537151336670e-02
-8.884718269109725952e-02
-4.284089803695678711e-02
-7.867201417684555054e-02
-6.651227921247482300e-02
-7.867201417684555054e-02
-5.715088546276092529e-02
-7.867201417684555054e-02
-5.665397644042968750e-02
-6.792621314525604248e-02
-7.020825892686843872e-02
-6.792621314525604248e-02
-6.344056874513626099e-02
-6.792621314525604248e-02
-4.057085514068603516e-02
-6.812836229801177979e-02
-4.518333077430725098e-02
-6.812836229801177979e-02
-7.601856440305709839e-02
-6.812836229801177979e-02
-5.009939521551132202e-02
-6.812836229801177979e-02
-6.994145363569259644e-02
-6.428932398557662964e-02
-7.372651249170303345e-02
-6.428932398557662964e-02
-6.371379643678665161e-02
-6.428932398557662964e-02
-6.377931684255599976e-02
-7.349965721368789673e-02
-6.049039214849472046e-02
-7.349965721368789673e-02
-8.141335844993591309e-02
-7.349965721368789673e-02
-5.903904885053634644e-02
-7.349965721368789673e-02
-5.976526439189910889e-02
-7.595987617969512939e-02
-5.415116995573043823e-02
-7.595987617969512939e-02
-4.927242547273635864e-02
-7.595987617969512939e-02
-6.852688640356063843e-02
-7.258029282093048096e-02
-9.443632513284683228e-02
-7.258029282093048096e-02
-6.718561053276062012e-02
-7.258029282093048096e-02
-8.975264430046081543e-02
-7.240765541791915894e-02
-1.022912636399269104e-01
-7.240765541791915894e-02
-5.567971616983413696e-02
-7.240765541791915894e-02
-6.533587723970413208e-02
-7.240765541791915894e-02
-9.424742311239242554e-02
-7.374710589647293091e-02
-7.133693248033523560e-02
-7.374710589647293091e-02
-4.653307795524597168e-02
-7.374710589647293091e-02
-9.597215056419372559e-02
-8.243763446807861328e-02
-9.717208147048950195e-02
-8.243763446807861328e-02
-8.245994895696640015e-02
-8.243763446807861328e-02
-8.141513913869857788e-02
-8.243763446807861328e-02
-8.007537573575973511e-02
-7.418984919786453247e-02
-9.031391888856887817e-02
-7.418984919786453247e-02
-1.047658026218414307e-01
-7.418984919786453247e-02
-1.019005104899406433e-01
-7.424674928188323975e-02
-5.908090621232986450e-02
-7.424674928188323975e-02
-4.279729723930358887e-02
-7.424674928188323975e-02
-5.692814290523529053e-02
-7.424674928188323975e-02
-5.564655363559722900e-02
-5.695647746324539185e-02
-6.243689358234405518e-02
-5.695647746324539185e-02
-7.047425955533981323e-02
-5.695647746324539185e-02
-6.708370894193649292e-02
-6.340807676315307617e-02
-7.086826115846633911e-02
-6.340807676315307617e-02
-5.622527748346328735e-02
-6.340807676315307617e-02
-6.071283668279647827e-02
-5.851193517446517944e-02
-6.184986978769302368e-02
-5.851193517446517944e-02
-6.926459074020385742e-02
-5.851193517446517944e-02
-6.406290084123611450e-02
-6.183215975761413574e-02
-7.052771002054214478e-02
-6.183215975761413574e-02
-4.402127861976623535e-02
-6.183215975761413574e-02
-5.590752512216567993e-02
-5.305740982294082642e-02
-4.502154886722564697e-02
-5.305740982294082642e-02
-5.613759160041809082e-02
-5.305740982294082642e-02
-6.903191655874252319e-02
-5.762480199337005615e-02
-2.612310089170932770e-02
-5.762480199337005615e-02
-4.472567141056060791e-02
-5.762480199337005615e-02
-3.151227533817291260e-02
-6.194590777158737183e-02
-5.290760099887847900e-02
-6.194590777158737183e-02
-7.345356047153472900e-02
-6.194590777158737183e-02
-5.130784958600997925e-02
-6.194590777158737183e-02
-4.262740164995193481e-02
-6.476921588182449341e-02
-5.653772503137588501e-02
-6.476921588182449341e-02
-4.617410898208618164e-02
-6.476921588182449341e-02
-6.568383425474166870e-02
-6.379709392786026001e-02
-6.074363738298416138e-02
-6.379709392786026001e-02
-6.502003967761993408e-02
-6.379709392786026001e-02
-6.926832348108291626e-02
-6.379709392786026001e-02
-7.387135177850723267e-02
-5.919934809207916260e-02
-9.326674044132232666e-02
-5.919934809207916260e-02
-1.034433022141456604e-01
-5.919934809207916260e-02
-7.984041422605514526e-02
-5.849828571081161499e-02
-1.215592958033084869e-02
-5.849828571081161499e-02
-6.596844643354415894e-02
-5.849828571081161499e-02
6.225699931383132935e-02
-6.025316566228866577e-02
-6.733279675245285034e-02
-6.025316566228866577e-02
-5.811394006013870239e-02
-6.025316566228866577e-02
-6.444325298070907593e-02
-6.025316566228866577e-02
-8.236455172300338745e-02
-6.025316566228866577e-02
-8.663538843393325806e-02
-6.025316566228866577e-02
-8.831290900707244873e-02
-6.725703179836273193e-02
-6.452016532421112061e-02
-6.725703179836273193e-02
-6.255556643009185791e-02
-6.725703179836273193e-02
-7.077065855264663696e-02
-6.725703179836273193e-02
-6.653220206499099731e-02
-7.275022566318511963e-02
-1.187588050961494446e-01
-7.275022566318511963e-02
-9.754771739244461060e-02
-7.275022566318511963e-02
-1.099318936467170715e-01
-7.306853681802749634e-02
-9.000395983457565308e-02
-7.306853681802749634e-02
-8.316016942262649536e-02
-7.306853681802749634e-02
-1.273746341466903687e-01
-7.792878895998001099e-02
-7.041361927986145020e-02
-7.792878895998001099e-02
-8.170121908187866211e-02
-7.792878895998001099e-02
-9.891702979803085327e-02
-8.065917342901229858e-02
-8.196861296892166138e-02
-8.065917342901229858e-02
-3.858169168233871460e-02
-8.065917342901229858e-02
-9.488365799188613892e-02
-8.065917342901229858e-02
-6.332318484783172607e-02
-9.100075811147689819e-02
-1.076186820864677429e-01
-9.100075811147689819e-02
-7.627060264348983765e-02
-9.100075811147689819e-02
-9.327807277441024780e-02
-9.220271557569503784e-02
-8.254192024469375610e-02
-9.220271557569503784e-02
-1.026860848069190979e-01
-9.220271557569503784e-02
-9.768565744161605835e-02
-1.042782440781593323e-01
-1.121634617447853088e-01
-1.042782440781593323e-01
-9.505940228700637817e-02
-1.042782440781593323e-01
-1.320205330848693848e-01
-1.083361282944679260e-01
-1.642600446939468384e-01
-1.083361282944679260e-01
-1.311181634664535522e-01
-1.083361282944679260e-01
-1.110608950257301331e-01
-1.083361282944679260e-01
-1.377452462911605835e-01
-1.090951710939407349e-01
-1.157750859856605530e-01
-1.090951710939407349e-01
-1.091816648840904236e-01
-1.090951710939407349e-01
-6.853692978620529175e-02
-1.110130921006202698e-01
-1.328623443841934204e-01
-1.110130921006202698e-01
-1.130120828747749329e-01
-1.110130921006202698e-01
-1.724333912134170532e-01
-1.040889844298362732e-01
-1.074520051479339600e-01
-1.040889844298362732e-01
-7.742854207754135132e-02
-1.040889844298362732e-01
-1.163913533091545105e-01
-1.036442741751670837e-01
-1.122037395834922791e-01
-1.036442741751670837e-01
-1.090526357293128967e-01
-1.036442741751670837e-01
-8.889346569776535034e-02
-1.126096621155738831e-01
-1.174783781170845032e-01
-1.126096621155738831e-01
-8.445763587951660156e-02
-1.126096621155738831e-01
-1.144452467560768127e-01
-1.138272956013679504e-01
-7.690081745386123657e-02
-1.138272956013679504e-01
-9.752561897039413452e-02
-1.138272956013679504e-01
-9.769268333911895752e-02
-1.085777580738067627e-01
-7.503807544708251953e-02
-1.085777580738067627e-01
-1.128524169325828552e-01
-1.085777580738067627e-01
-1.039463952183723450e-01
-1.085777580738067627e-01
-1.110418066382408142e-01
-1.086431965231895447e-01
-1.035507246851921082e-01
-1.086431965231895447e-01
-1.048886030912399292e-01
-1.086431965231895447e-01
-1.183937862515449524e-01
-1.086403504014015198e-01
-9.876690059900283813e-02
-1.086403504014015198e-01
-9.937468916177749634e-02
-1.086403504014015198e-01
-1.133558228611946106e-01
-1.104721799492835999e-01
-9.257621318101882935e-02
-1.104721799492835999e-01
-1.114627942442893982e-01
-1.104721799492835999e-01
-1.037864536046981812e-01
-1.141149178147315979e-01
-1.054339483380317688e-01
-1.141149178147315979e-01
-1.055154278874397278e-01
-1.141149178147315979e-01
-1.142727509140968323e-01
-1.141149178147315979e-01
-1.230805292725563049e-01
-1.141149178147315979e-01
-1.195169165730476379e-01
-1.141149178147315979e-01
-1.252036243677139282e-01
-1.141149178147315979e-01
-1.219562068581581116e-01
-1.144867017865180969e-01
-1.180888488888740540e-01
-1.144867017865180969e-01
-1.018944606184959412e-01
-1.144867017865180969e-01
-6.668601930141448975e-02
-1.144867017865180969e-01
-7.316989451646804810e-02
-1.278177350759506226e-01
-1.355500072240829468e-01
-1.278177350759506226e-01
-1.249526664614677429e-01
-1.278177350759506226e-01
-1.322631686925888062e-01
-1.268033981323242188e-01
-1.215138956904411316e-01
-1.268033981323242188e-01
-1.409940570592880249e-01
-1.268033981323242188e-01
-1.002247855067253113e-01
-1.268033981323242188e-01
-1.206336393952369690e-01
-1.268033981323242188e-01
-1.146334484219551086e-01
-1.268033981323242188e-01
-1.268237084150314331e-01
-1.268033981323242188e-01
-9.600412100553512573e-02
-1.228998079895973206e-01
-1.167528405785560608e-01
-1.228998079895973206e-01
-6.862252950668334961e-02
-1.228998079895973206e-01
-6.472019851207733154e-02
-1.228998079895973206e-01
-1.049429774284362793e-01
-1.200910434126853943e-01
-1.027756407856941223e-01
-1.200910434126853943e-01
-7.362488657236099243e-02
-1.200910434126853943e-01
-1.121603772044181824e-01
-1.200910434126853943e-01
-1.073614284396171570e-01
-1.286863982677459717e-01
-1.025584936141967773e-01
-1.286863982677459717e-01
-1.306686252355575562e-01
-1.286863982677459717e-01
-1.162313595414161682e-01
-1.286863982677459717e-01
-1.202029958367347717e-01
-1.398400515317916870e-01
-1.093498840928077698e-01
-1.398400515317916870e-01
-1.265387982130050659e-01
-1.398400515317916870e-01
-8.894710987806320190e-02
-1.398400515317916870e-01
-8.814410120248794556e-02
-1.351650804281234741e-01
-1.140407696366310120e-01
-1.351650804281234741e-01
-1.002724245190620422e-01
-1.351650804281234741e-01
-6.295522302389144897e-02
-1.351650804281234741e-01
-1.192291900515556335e-01
-1.374190896749496460e-01
-1.171829178929328918e-01
-1.374190896749496460e-01
-1.330607384443283081e-01
-1.374190896749496460e-01
-1.183514073491096497e-01
-1.374190896749496460e-01
-1.258677691221237183e-01
-1.381558179855346680e-01
-1.231249049305915833e-01
-1.381558179855346680e-01
-1.373596042394638062e-01
-1.381558179855346680e-01
-1.251353472471237183e-01
-1.381558179855346680e-01
-1.148594245314598083e-01
-1.435415297746658325e-01
-1.429995149374008179e-01
-1.435415297746658325e-01
-1.469314545392990112e-01
-1.435415297746658325e-01
-1.626812815666198730e-01
-1.435415297746658325e-01
-1.822646707296371460e-01
-1.433199346065521240e-01
-1.375777572393417358e-01
-1.433199346065521240e-01
-1.507717221975326538e-01
-1.433199346065521240e-01
-1.633726954460144043e-01
-1.433199346065521240e-01
-1.304759830236434937e-01
-1.286930292844772339e-01
-1.435438245534896851e-01
-1.286930292844772339e-01
-1.406044811010360718e-01
-1.286930292844772339e-01
-1.213523074984550476e-01
-1.286930292844772339e-01
-9.933275729417800903e-02
-1.270151883363723755e-01
-1.227829232811927795e-01
-1.270151883363723755e-01
-1.288046389818191528e-01
-1.270151883363723755e-01
-1.159664914011955261e-01
-1.270151883363723755e-01
-1.406237781047821045e-01
-1.265223771333694458e-01
-1.210396811366081238e-01
-1.265223771333694458e-01
-1.306290924549102783e-01
-1.265223771333694458e-01
-1.210542991757392883e-01
-1.265223771333694458e-01
-1.390658169984817505e-01
-1.292929798364639282e-01
-1.197998151183128357e-01
-1.292929798364639282e-01
-1.181820109486579895e-01
-1.292929798364639282e-01
-1.349918544292449951e-01
-1.292929798364639282e-01
-1.375298053026199341e-01
-1.228100731968879700e-01
-9.068294614553451538e-02
-1.228100731968879700e-01
-1.166841015219688416e-01
-1.228100731968879700e-01
-1.180525496602058411e-01
-1.228100731968879700e-01
-1.225687190890312195e-01
-1.129685118794441223e-01
-1.010466292500495911e-01
-1.129685118794441223e-01
-1.057793870568275452e-01
-1.129685118794441223e-01
-7.229010760784149170e-02
-1.116609349846839905e-01
-9.683711081743240356e-02
-1.116609349846839905e-01
-1.252012103796005249e-01
-1.116609349846839905e-01
-9.689729660749435425e-02
-1.121836975216865540e-01
-8.628732711076736450e-02
-1.121836975216865540e-01
-8.877029269933700562e-02
-1.121836975216865540e-01
-1.096228063106536865e-01
-1.116558536887168884e-01
-1.158308759331703186e-01
-1.116558536887168884e-01
-9.535373002290725708e-02
-1.116558536887168884e-01
-1.145059987902641296e-01
-1.116558536887168884e-01
-1.111772283911705017e-01
-1.116558536887168884e-01
-1.004579886794090271e-01
-1.116558536887168884e-01
-1.159979775547981262e-01
-1.149105504155158997e-01
-1.337836235761642456e-01
-1.149105504155158997e-01
-1.069154441356658936e-01
-1.149105504155158997e-01
-1.408668160438537598e-01
-1.146551743149757385e-01
-9.880068153142929077e-02
-1.146551743149757385e-01
-1.259612292051315308e-01
-1.146551743149757385e-01
-1.077521964907646179e-01
-1.065294072031974792e-01
-1.081377193331718445e-01
-1.065294072031974792e-01
-1.000889912247657776e-01
-1.065294072031974792e-01
-8.820266276597976685e-02
-1.067695394158363342e-01
-8.840323239564895630e-02
-1.067695394158363342e-01
-7.547991722822189331e-02
-1.067695394158363342e-01
-9.884124249219894409e-02
-1.009871512651443481e-01
-1.087856814265251160e-01
-1.009871512651443481e-01
-7.458421587944030762e-02
-1.009871512651443481e-01
-6.134618818759918213e-02
-9.509644657373428345e-02
-8.745876699686050415e-02
-9.509644657373428345e-02
-1.127776280045509338e-01
-9.509644657373428345e-02
-1.156165078282356262e-01
-9.509644657373428345e-02
-8.355463296175003052e-02
-8.463148772716522217e-02
-1.274755448102951050e-01
-8.463148772716522217e-02
-7.972624152898788452e-02
-8.463148772716522217e-02
-1.306709945201873779e-01
-8.280620723962783813e-02
-8.021862059831619263e-02
-8.280620723962783813e-02
-7.735920697450637817e-02
-8.280620723962783813e-02
-6.630682200193405151e-02
-8.334817737340927124e-02
-7.099618762731552124e-02
-8.334817737340927124e-02
-8.711981028318405151e-02
-8.334817737340927124e-02
-6.181377172470092773e-02
-8.245215564966201782e-02
-6.157648563385009766e-02
-8.245215564966201782e-02
-7.093231379985809326e-02
-8.245215564966201782e-02
-7.079791277647018433e-02
-8.639372140169143677e-02
-8.515564352273941040e-02
-8.639372140169143677e-02
-6.527226418256759644e-02
-8.639372140169143677e-02
-9.300436079502105713e-02
-8.639372140169143677e-02
-1.001207306981086731e-01
-7.404731959104537964e-02
-8.062778413295745850e-02
-7.404731959104537964e-02
-8.100255578756332397e-02
-7.404731959104537964e-02
-9.875331073999404907e-02
-7.404731959104537964e-02
-7.657109946012496948e-02
-8.363509923219680786e-02
-8.746057003736495972e-02
-8.363509923219680786e-02
-1.114580854773521423e-01
-8.363509923219680786e-02
-9.287547320127487183e-02
-8.044775575399398804e-02
-1.020244807004928589e-01
-8.044775575399398804e-02
-7.789970934391021729e-02
-8.044775575399398804e-02
-8.023682236671447754e-02
-7.258427888154983521e-02
-7.975810766220092773e-02
-7.258427888154983521e-02
-7.270958274602890015e-02
-7.258427888154983521e-02
-6.502426415681838989e-02
-7.258427888154983521e-02
-7.174099236726760864e-02
-5.154903978109359741e-02
-5.249165743589401245e-02
-5.154903978109359741e-02
-6.476543098688125610e-02
-5.154903978109359741e-02
-6.177127361297607422e-02
-3.863816708326339722e-02
-3.297026455402374268e-02
-3.863816708326339722e-02
-4.923819750547409058e-02
-3.863816708326339722e-02
-3.478469699621200562e-02
-3.361365199089050293e-02
-4.048950225114822388e-02
-3.361365199089050293e-02
-3.698529303073883057e-02
-3.361365199089050293e-02
-2.831786684691905975e-02
-2.910411544144153595e-02
-3.553262352943420410e-02
-2.910411544144153595e-02
-3.907214850187301636e-02
-2.910411544144153595e-02
-1.185297220945358276e-02
-2.137540094554424286e-02
-3.704520314931869507e-02
-2.137540094554424286e-02
-1.451983675360679626e-02
-2.137540094554424286e-02
4.442009329795837402e-02
-2.137540094554424286e-02
-1.818750984966754913e-02
-3.101781941950321198e-02
-4.716255515813827515e-02
-3.101781941950321198e-02
-6.051342934370040894e-02
-3.101781941950321198e-02
-5.658314377069473267e-02
-3.380586951971054077e-02
-4.898589104413986206e-02
-3.380586951971054077e-02
-1.380230486392974854e-02
-3.380586951971054077e-02
-3.140825778245925903e-02
-3.141307085752487183e-02
-5.671031028032302856e-02
-3.141307085752487183e-02
-4.317849874496459961e-02
-3.141307085752487183e-02
-4.529713094234466553e-02
-2.662187255918979645e-02
-3.931613266468048096e-02
-2.662187255918979645e-02
-2.275552786886692047e-02
-2.662187255918979645e-02
-3.291677683591842651e-02
-2.662187255918979645e-02
-4.476404935121536255e-02
-2.111808024346828461e-02
-6.032989174127578735e-02
-2.111808024346828461e-02
-2.611812762916088104e-02
-2.111808024346828461e-02
-3.955708444118499756e-02
-4.923734813928604126e-04
-8.433699607849121094e-03
-4.923734813928604126e-04
2.692948281764984131e-02
-4.923734813928604126e-04
-1.366440951824188232e-02
4.879073239862918854e-03
-2.898362092673778534e-02
4.879073239862918854e-03
-1.941990666091442108e-02
4.879073239862918854e-03
-3.175222873687744141e-02
6.603692658245563507e-03
-2.796774543821811676e-02
6.603692658245563507e-03
1.228502392768859863e-02
6.603692658245563507e-03
-1.701491884887218475e-02
-3.051143139600753784e-04
-1.222932711243629456e-03
-3.051143139600753784e-04
1.802816055715084076e-02
-3.051143139600753784e-04
1.869248226284980774e-03
5.126299336552619934e-03
1.113197766244411469e-02
5.126299336552619934e-03
3.993758931756019592e-03
5.126299336552619934e-03
1.240104250609874725e-02
5.126299336552619934e-03
4.155954346060752869e-03
5.126299336552619934e-03
1.062894240021705627e-02
5.126299336552619934e-03
9.210318326950073242e-03
5.126299336552619934e-03
3.978707641363143921e-02
5.126299336552619934e-03
4.857370629906654358e-03
7.689600810408592224e-03
2.265160903334617615e-02
7.689600810408592224e-03
1.158857531845569611e-02
7.689600810408592224e-03
1.799565553665161133e-02
7.689600810408592224e-03
8.853357285261154175e-03
1.771293394267559052e-02
1.213048584759235382e-02
1.771293394267559052e-02
1.906453073024749756e-02
1.771293394267559052e-02
7.932373322546482086e-03
1.909801922738552094e-02
1.991212181746959686e-02
1.909801922738552094e-02
4.018443077802658081e-02
1.909801922738552094e-02
3.428841382265090942e-02
1.909801922738552094e-02
3.387927263975143433e-02
1.251767389476299286e-02
1.585171185433864594e-02
1.251767389476299286e-02
1.542386226356029510e-02
1.251767389476299286e-02
6.247162818908691406e-04
1.251767389476299286e-02
1.900768652558326721e-02
1.420201174914836884e-02
2.890192717313766479e-02
1.420201174914836884e-02
4.240050166845321655e-02
1.420201174914836884e-02
3.408741205930709839e-02
1.056784577667713165e-02
2.827390842139720917e-02
1.056784577667713165e-02
3.815981745719909668e-02
1.056784577667713165e-02
3.476160764694213867e-02
3.269160166382789612e-03
3.709223866462707520e-02
3.269160166382789612e-03
2.690690755844116211e-02
3.269160166382789612e-03
6.821187213063240051e-03
3.269160166382789612e-03
1.519229449331760406e-02
2.935472875833511353e-04
2.274479158222675323e-02
2.935472875833511353e-04
1.392599754035472870e-02
2.935472875833511353e-04
1.886869408190250397e-02
2.935472875833511353e-04
1.370968669652938843e-02
2.935472875833511353e-04
3.203078731894493103e-02
2.935472875833511353e-04
2.587683312594890594e-02
2.935472875833511353e-04
6.353428587317466736e-03
2.862066030502319336e-04
1.481844671070575714e-02
2.862066030502319336e-04
1.855617016553878784e-02
2.862066030502319336e-04
3.111280687153339386e-02
-2.554680220782756805e-02
-1.493515260517597198e-02
-2.554680220782756805e-02
-1.582119613885879517e-03
-2.554680220782756805e-02
-1.040496677160263062e-02
-3.323972970247268677e-02
-1.989659108221530914e-02
-3.323972970247268677e-02
-7.411126047372817993e-03
-3.323972970247268677e-02
-9.831147268414497375e-03
-4.296980798244476318e-02
-4.890926927328109741e-02
-4.296980798244476318e-02
-3.955262154340744019e-02
-4.296980798244476318e-02
-1.370651088654994965e-02
-4.297360032796859741e-02
-6.246963888406753540e-02
-4.297360032796859741e-02
-5.474559962749481201e-02
-4.297360032796859741e-02
-2.655428089201450348e-02
-4.297360032796859741e-02
-3.951860964298248291e-02
-5.382365733385086060e-02
-6.194765865802764893e-02
-5.382365733385086060e-02
-5.110406130552291870e-02
-5.382365733385086060e-02
-4.057060927152633667e-02
-5.809441208839416504e-02
-7.108560949563980103e-02
-5.809441208839416504e-02
-6.634580343961715698e-02
-5.809441208839416504e-02
-8.688866347074508667e-02
-6.022948771715164185e-02
-4.984927922487258911e-02
-6.022948771715164185e-02
-5.215153843164443970e-02
-6.022948771715164185e-02
-3.994524478912353516e-02
-6.178865581750869751e-02
-9.330384433269500732e-02
-6.178865581750869751e-02
-6.230048835277557373e-02
-6.178865581750869751e-02
-4.507811367511749268e-02
-5.752683430910110474e-02
-5.550453811883926392e-02
-5.752683430910110474e-02
-5.300296843051910400e-02
-5.752683430910110474e-02
-6.122405081987380981e-02
-5.762208998203277588e-02
-9.665279835462570190e-02
-5.762208998203277588e-02
-5.916167050600051880e-02
-5.762208998203277588e-02
-7.209333032369613647e-02
-5.762208998203277588e-02
-6.190451234579086304e-02
-5.762634426355361938e-02
-5.073273926973342896e-02
-5.762634426355361938e-02
-5.396372079849243164e-02
-5.762634426355361938e-02
-4.434776306152343750e-02
-5.762634426355361938e-02
-5.520842224359512329e-02
-5.762634426355361938e-02
-7.468461245298385620e-02
-5.762634426355361938e-02
-6.291487067937850952e-02
-7.364127039909362793e-02
-1.082044392824172974e-01
-7.364127039909362793e-02
-7.531327754259109497e-02
-7.364127039909362793e-02
-8.930358290672302246e-02
-7.364127039909362793e-02
-7.720065116882324219e-02
-6.722749769687652588e-02
-7.655309885740280151e-02
-6.722749769687652588e-02
-8.449273556470870972e-02
-6.722749769687652588e-02
-7.176486402750015259e-02
-6.722749769687652588e-02
-6.208312511444091797e-02
-6.592287123203277588e-02
-6.269210577011108398e-02
-6.592287123203277588e-02
-6.236701458692550659e-02
-6.592287123203277588e-02
-6.913358718156814575e-02
-6.592287123203277588e-02
-6.927739828824996948e-02
-6.580843776464462280e-02
-7.551713287830352783e-02
-6.580843776464462280e-02
-7.537250220775604248e-02
-6.580843776464462280e-02
-7.416308671236038208e-02
-6.593675166368484497e-02
-6.582316756248474121e-02
-6.593675166368484497e-02
-6.824860721826553345e-02
-6.593675166368484497e-02
-6.670517474412918091e-02
-6.633828580379486084e-02
-5.790672451257705688e-02
-6.633828580379486084e-02
-6.548385322093963623e-02
-6.633828580379486084e-02
-6.264877319335937500e-02
-6.633828580379486084e-02
-5.964179337024688721e-02
-6.950487196445465088e-02
-7.557647675275802612e-02
-6.950487196445465088e-02
-8.353855460882186890e-02
-6.950487196445465088e-02
-7.441301643848419189e-02
-6.941073387861251831e-02
-7.465472072362899780e-02
-6.941073387861251831e-02
-5.836968868970870972e-02
-6.941073387861251831e-02
-6.839733570814132690e-02
-6.941073387861251831e-02
-6.767141073942184448e-02
-7.546218484640121460e-02
-8.300603181123733521e-02
-7.546218484640121460e-02
-5.099505931138992310e-02
-8.159036934375762939e-02
-8.829770237207412720e-02
-8.159036934375762939e-02
-1.061583533883094788e-01
-8.159036934375762939e-02
-1.008500382304191589e-01
