1.160733625292778015e-01
8.853336423635482788e-02
1.160733625292778015e-01
9.906273335218429565e-02
1.160733625292778015e-01
1.044598296284675598e-01
1.160733625292778015e-01
4.263661801815032959e-02
1.189442723989486694e-01
1.220659986138343811e-01
1.189442723989486694e-01
1.278977394104003906e-01
1.189442723989486694e-01
1.846571415662765503e-01
1.189442723989486694e-01
1.853792965412139893e-01
1.186918094754219055e-01
8.445702493190765381e-02
1.186918094754219055e-01
7.997949421405792236e-02
1.186918094754219055e-01
1.082465276122093201e-01
1.186918094754219055e-01
8.612885326147079468e-02
1.197332218289375305e-01
1.686486154794692993e-01
1.197332218289375305e-01
1.993126720190048218e-01
1.197332218289375305e-01
1.736854612827301025e-01
1.272794306278228760e-01
1.747271865606307983e-01
1.272794306278228760e-01
1.347310543060302734e-01
1.272794306278228760e-01
1.301279366016387939e-01
1.258456259965896606e-01
1.321974843740463257e-01
1.258456259965896606e-01
1.539431959390640259e-01
1.258456259965896606e-01
1.234938055276870728e-01
1.258456259965896606e-01
1.632017344236373901e-01
1.215181127190589905e-01
9.475538879632949829e-02
1.215181127190589905e-01
1.254160553216934204e-01
1.215181127190589905e-01
1.066337078809738159e-01
1.215622723102569580e-01
1.152236759662628174e-01
1.215622723102569580e-01
1.469963341951370239e-01
1.215622723102569580e-01
1.188002899289131165e-01
1.215622723102569580e-01
9.936415404081344604e-02
1.276128590106964111e-01
1.267132312059402466e-01
1.276128590106964111e-01
1.334429085254669189e-01
1.276128590106964111e-01
1.207515075802803040e-01
1.377793252468109131e-01
1.586062908172607422e-01
1.377793252468109131e-01
1.365307867527008057e-01
1.377793252468109131e-01
1.670300513505935669e-01
1.377793252468109131e-01
1.706709861755371094e-01
1.408863365650177002e-01
1.581142097711563110e-01
1.408863365650177002e-01
1.350403130054473877e-01
1.408863365650177002e-01
1.681680381298065186e-01
1.408863365650177002e-01
1.316172331571578979e-01
1.422601491212844849e-01
1.531997025012969971e-01
1.422601491212844849e-01
1.222390606999397278e-01
1.422601491212844849e-01
1.506155580282211304e-01
1.422601491212844849e-01
1.227552220225334167e-01
1.423169672489166260e-01
1.549030542373657227e-01
1.423169672489166260e-01
1.500958800315856934e-01
1.423169672489166260e-01
1.470703482627868652e-01
1.452420353889465332e-01
1.639134436845779419e-01
1.452420353889465332e-01
1.853762269020080566e-01
1.452420353889465332e-01
1.609058529138565063e-01
1.452420353889465332e-01
2.034105956554412842e-01
1.334610283374786377e-01
1.906283646821975708e-01
1.334610283374786377e-01
1.413847953081130981e-01
1.334610283374786377e-01
1.738213747739791870e-01
1.342924237251281738e-01
1.615556329488754272e-01
1.342924237251281738e-01
1.232607588171958923e-01
1.342924237251281738e-01
1.241723671555519104e-01
1.342924237251281738e-01
1.216906830668449402e-01
1.356248706579208374e-01
1.635717302560806274e-01
1.356248706579208374e-01
1.657962650060653687e-01
1.356248706579208374e-01
1.472253650426864624e-01
1.356248706579208374e-01
1.583783179521560669e-01
1.288695633411407471e-01
1.616959273815155029e-01
1.288695633411407471e-01
1.478102505207061768e-01
1.288695633411407471e-01
1.645970046520233154e-01
1.288695633411407471e-01
1.356581896543502808e-01
1.137212365865707397e-01
1.434204727411270142e-01
1.137212365865707397e-01
1.125415340065956116e-01
1.137212365865707397e-01
1.007617637515068054e-01
8.928476274013519287e-02
1.250401735305786133e-01
8.928476274013519287e-02
9.642715007066726685e-02
8.928476274013519287e-02
1.252441257238388062e-01
8.928476274013519287e-02
1.047653779387474060e-01
6.705203652381896973e-02
8.385952562093734741e-02
6.705203652381896973e-02
8.752531558275222778e-02
6.705203652381896973e-02
6.844777613878250122e-02
5.592437833547592163e-02
8.311900496482849121e-02
5.592437833547592163e-02
4.963004589080810547e-02
5.592437833547592163e-02
6.272498518228530884e-02
5.592437833547592163e-02
6.533962488174438477e-02
5.653105676174163818e-02
8.018070459365844727e-02
5.653105676174163818e-02
6.366289407014846802e-02
5.653105676174163818e-02
9.085582941770553589e-02
6.476148962974548340e-02
8.907341212034225464e-02
6.476148962974548340e-02
7.675216346979141235e-02
6.476148962974548340e-02
8.502365648746490479e-02
7.255592197179794312e-02
1.023388281464576721e-01
7.255592197179794312e-02
9.789877384901046753e-02
7.255592197179794312e-02
8.638429641723632812e-02
7.166606932878494263e-02
1.096857562661170959e-01
7.166606932878494263e-02
6.990550458431243896e-02
7.166606932878494263e-02
7.955656200647354126e-02
7.166606932878494263e-02
7.746931910514831543e-02
6.951846927404403687e-02
1.176805421710014343e-01
6.951846927404403687e-02
1.043244600296020508e-01
6.951846927404403687e-02
8.583340793848037720e-02
7.944037020206451416e-02
7.826045155525207520e-02
7.944037020206451416e-02
7.916089147329330444e-02
7.944037020206451416e-02
9.053012728691101074e-02
7.581920921802520752e-02
8.427451550960540771e-02
7.581920921802520752e-02
1.311557441949844360e-01
7.581920921802520752e-02
1.116589829325675964e-01
7.581920921802520752e-02
1.197531297802925110e-01
7.573494315147399902e-02
7.814579457044601440e-02
7.573494315147399902e-02
6.495632976293563843e-02
7.573494315147399902e-02
7.999021559953689575e-02
7.250769436359405518e-02
4.849769920110702515e-02
7.250769436359405518e-02
7.415910810232162476e-02
7.250769436359405518e-02
7.766721397638320923e-02
7.311505824327468872e-02
8.571005612611770630e-02
7.311505824327468872e-02
7.935781776905059814e-02
7.311505824327468872e-02
9.967624396085739136e-02
7.311505824327468872e-02
1.049837768077850342e-01
6.906063854694366455e-02
5.774543434381484985e-02
6.906063854694366455e-02
6.158509105443954468e-02
6.906063854694366455e-02
4.285681247711181641e-02
7.307245582342147827e-02
6.675230711698532104e-02
7.307245582342147827e-02
7.345645129680633545e-02
7.307245582342147827e-02
7.211694121360778809e-02
7.307245582342147827e-02
5.623775720596313477e-02
6.984557211399078369e-02
1.019572094082832336e-01
6.984557211399078369e-02
9.150801599025726318e-02
6.984557211399078369e-02
1.323080211877822876e-01
7.419796288013458252e-02
6.615180522203445435e-02
7.419796288013458252e-02
6.324271857738494873e-02
7.419796288013458252e-02
6.599785387516021729e-02
7.591322809457778931e-02
5.096329748630523682e-02
7.591322809457778931e-02
5.010811984539031982e-02
7.591322809457778931e-02
6.509334594011306763e-02
7.591322809457778931e-02
2.279115654528141022e-02
7.591322809457778931e-02
5.884060263633728027e-02
7.591322809457778931e-02
3.102766163647174835e-02
7.591322809457778931e-02
6.022600829601287842e-02
7.591322809457778931e-02
4.609511420130729675e-02
7.591322809457778931e-02
5.360691249370574951e-02
7.591322809457778931e-02
4.928066581487655640e-02
7.591322809457778931e-02
2.855462022125720978e-02
7.591322809457778931e-02
3.650777786970138550e-02
7.591322809457778931e-02
5.261180549860000610e-02
7.556504011154174805e-02
5.345658957958221436e-02
7.556504011154174805e-02
6.054404377937316895e-02
7.556504011154174805e-02
7.763560116291046143e-02
7.556504011154174805e-02
5.549997836351394653e-02
7.556504011154174805e-02
1.118221357464790344e-01
7.556504011154174805e-02
8.401037007570266724e-02
7.556504011154174805e-02
1.254816204309463501e-01
7.522908598184585571e-02
6.698593497276306152e-02
7.522908598184585571e-02
1.125224009156227112e-01
7.522908598184585571e-02
8.972763270139694214e-02
7.699897885322570801e-02
7.999949902296066284e-02
7.699897885322570801e-02
1.102427244186401367e-01
7.699897885322570801e-02
8.663876354694366455e-02
7.699897885322570801e-02
5.048562586307525635e-02
7.510975748300552368e-02
6.785775721073150635e-02
7.510975748300552368e-02
9.944205731153488159e-02
7.510975748300552368e-02
7.164259254932403564e-02
7.615572959184646606e-02
7.545396685600280762e-02
7.615572959184646606e-02
8.512346446514129639e-02
7.615572959184646606e-02
6.347616016864776611e-02
8.652358502149581909e-02
1.094577088952064514e-01
8.652358502149581909e-02
1.220126748085021973e-01
8.652358502149581909e-02
1.092860326170921326e-01
9.682794660329818726e-02
1.138506904244422913e-01
9.682794660329818726e-02
1.253650188446044922e-01
9.682794660329818726e-02
1.207347288727760315e-01
9.682794660329818726e-02
9.902340918779373169e-02
9.629059582948684692e-02
1.065602377057075500e-01
9.629059582948684692e-02
9.197861701250076294e-02
9.629059582948684692e-02
6.360843777656555176e-02
9.424102306365966797e-02
9.311653673648834229e-02
9.424102306365966797e-02
6.018545478582382202e-02
9.424102306365966797e-02
8.221115916967391968e-02
1.045781448483467102e-01
4.479610174894332886e-02
1.045781448483467102e-01
6.003851443529129028e-02
1.045781448483467102e-01
4.580867290496826172e-02
1.083771064877510071e-01
1.174247637391090393e-01
1.083771064877510071e-01
1.229786351323127747e-01
1.083771064877510071e-01
1.093220487236976624e-01
1.083771064877510071e-01
1.398278176784515381e-01
1.090335324406623840e-01
1.107472404837608337e-01
1.090335324406623840e-01
1.067131683230400085e-01
1.090335324406623840e-01
1.103925928473472595e-01
1.087032854557037354e-01
1.172596961259841919e-01
1.087032854557037354e-01
1.407899111509323120e-01
1.087032854557037354e-01
1.403463780879974365e-01
1.037996560335159302e-01
9.409772604703903198e-02
1.037996560335159302e-01
1.111859381198883057e-01
1.037996560335159302e-01
8.746553212404251099e-02
1.037996560335159302e-01
9.230747073888778687e-02
1.023888811469078064e-01
9.798503667116165161e-02
1.023888811469078064e-01
1.402754187583923340e-01
1.023888811469078064e-01
1.149612814188003540e-01
1.023888811469078064e-01
1.150216832756996155e-01
1.051936149597167969e-01
8.640381693840026855e-02
1.051936149597167969e-01
1.204870194196701050e-01
1.051936149597167969e-01
1.072169393301010132e-01
1.051936149597167969e-01
1.054497659206390381e-01
9.127151221036911011e-02
9.863875061273574829e-02
9.127151221036911011e-02
1.178745850920677185e-01
9.127151221036911011e-02
9.252335876226425171e-02
7.862111181020736694e-02
6.916992366313934326e-02
7.862111181020736694e-02
6.808163225650787354e-02
7.862111181020736694e-02
7.775557786226272583e-02
5.582834780216217041e-02
5.452639609575271606e-02
5.582834780216217041e-02
5.907824635505676270e-02
5.582834780216217041e-02
5.421952903270721436e-02
5.237173289060592651e-02
6.405565142631530762e-02
5.237173289060592651e-02
6.314457952976226807e-02
5.237173289060592651e-02
6.392048299312591553e-02
5.237173289060592651e-02
6.193324178457260132e-02
4.475264996290206909e-02
4.434358328580856323e-02
4.475264996290206909e-02
3.472674638032913208e-02
4.475264996290206909e-02
5.916805565357208252e-02
3.573878109455108643e-02
2.548916079103946686e-02
3.573878109455108643e-02
2.716485224664211273e-02
3.573878109455108643e-02
2.828365005552768707e-02
3.573878109455108643e-02
3.920662403106689453e-02
2.988895587623119354e-02
9.594438597559928894e-03
2.988895587623119354e-02
7.105624303221702576e-03
2.988895587623119354e-02
1.636376790702342987e-02
2.854630909860134125e-02
3.197604417800903320e-02
2.854630909860134125e-02
4.535168409347534180e-02
2.854630909860134125e-02
3.348935022950172424e-02
2.679952420294284821e-02
4.172338172793388367e-02
2.679952420294284821e-02
1.920013315975666046e-02
2.679952420294284821e-02
3.397978097200393677e-02
3.084987774491310120e-02
1.306044869124889374e-02
3.084987774491310120e-02
4.313213378190994263e-02
3.084987774491310120e-02
5.410045385360717773e-02
1.757584884762763977e-02
1.141640357673168182e-02
1.757584884762763977e-02
2.677144482731819153e-03
1.757584884762763977e-02
7.605159655213356018e-03
1.757584884762763977e-02
1.316217891871929169e-02
1.292205415666103363e-02
3.214528784155845642e-03
1.292205415666103363e-02
1.592316478490829468e-02
1.292205415666103363e-02
2.788119018077850342e-04
1.723229698836803436e-02
4.176934808492660522e-02
1.723229698836803436e-02
5.697771906852722168e-02
1.723229698836803436e-02
3.222709894180297852e-02
1.270013116300106049e-02
-1.365198008716106415e-02
1.270013116300106049e-02
-1.908449456095695496e-03
1.270013116300106049e-02
-6.561128422617912292e-03
1.305024512112140656e-02
1.866872608661651611e-02
1.305024512112140656e-02
3.205767273902893066e-02
1.305024512112140656e-02
1.893969252705574036e-02
1.305024512112140656e-02
3.461878001689910889e-02
5.858397111296653748e-03
-1.159361191093921661e-02
5.858397111296653748e-03
1.693662442266941071e-02
5.858397111296653748e-03
1.812775619328022003e-02
5.858397111296653748e-03
-9.476795792579650879e-03
2.992266789078712463e-03
-3.344349563121795654e-02
2.992266789078712463e-03
1.110993884503841400e-02
2.992266789078712463e-03
1.293245404958724976e-01
-2.191350050270557404e-02
-4.013707488775253296e-02
-2.191350050270557404e-02
-3.441777080297470093e-02
-2.191350050270557404e-02
-3.582843393087387085e-02
-2.191350050270557404e-02
-4.350528866052627563e-02
-2.719310112297534943e-02
-3.369440883398056030e-02
-2.719310112297534943e-02
-1.489512808620929718e-02
-2.719310112297534943e-02
-3.034290112555027008e-02
-2.719310112297534943e-02
-6.149513274431228638e-02
-3.186774253845214844e-02
-6.219423562288284302e-02
-3.186774253845214844e-02
-7.248450070619583130e-03
-3.186774253845214844e-02
-4.699022322893142700e-02
-5.374255031347274780e-02
-9.230373054742813110e-02
-5.374255031347274780e-02
-8.888962119817733765e-02
-5.374255031347274780e-02
-5.694030970335006714e-02
-5.374255031347274780e-02
-8.015988022089004517e-02
-6.799472868442535400e-02
-9.144423902034759521e-02
-6.799472868442535400e-02
-7.147885113954544067e-02
-6.799472868442535400e-02
-8.317968249320983887e-02
-6.603191792964935303e-02
-7.609429210424423218e-02
-6.603191792964935303e-02
-7.755122333765029907e-02
-6.603191792964935303e-02
-1.018476635217666626e-01
-7.282903045415878296e-02
-6.090239435434341431e-02
-7.282903045415878296e-02
-8.559122681617736816e-02
-7.282903045415878296e-02
-4.832581430673599243e-02
-7.728403806686401367e-02
-7.145363837480545044e-02
-7.728403806686401367e-02
-2.853121049702167511e-02
-7.728403806686401367e-02
-6.480079144239425659e-02
-7.728403806686401367e-02
-3.865519911050796509e-02
-8.909737318754196167e-02
-7.543261349201202393e-02
-8.909737318754196167e-02
-8.981720358133316040e-02
-8.909737318754196167e-02
-1.006231009960174561e-01
-9.335993975400924683e-02
-7.222277671098709106e-02
-9.335993975400924683e-02
-7.941650599241256714e-02
-9.335993975400924683e-02
-1.103574559092521667e-01
-8.659737557172775269e-02
-8.160907030105590820e-02
-8.659737557172775269e-02
-7.006651908159255981e-02
-8.659737557172775269e-02
-6.925705820322036743e-02
-8.659737557172775269e-02
-6.417251378297805786e-02
-8.660090714693069458e-02
-1.221223548054695129e-01
-8.660090714693069458e-02
-1.141148135066032410e-01
-8.660090714693069458e-02
-9.565778076648712158e-02
-8.742453902959823608e-02
-9.605181217193603516e-02
-8.742453902959823608e-02
-8.870369195938110352e-02
-8.742453902959823608e-02
-1.061253473162651062e-01
-8.870171010494232178e-02
-7.089497148990631104e-02
-8.870171010494232178e-02
-7.659243047237396240e-02
-8.870171010494232178e-02
-9.887493401765823364e-02
-9.145061671733856201e-02
-1.021182090044021606e-01
-9.145061671733856201e-02
-8.245611935853958130e-02
-9.145061671733856201e-02
-8.150564879179000854e-02
-9.244066476821899414e-02
-1.001678481698036194e-01
-9.244066476821899414e-02
-1.098984330892562866e-01
-9.244066476821899414e-02
-9.625010937452316284e-02
-9.244066476821899414e-02
-9.050820022821426392e-02
-9.244066476821899414e-02
-9.839115291833877563e-02
-9.244066476821899414e-02
-1.088283956050872803e-01
-9.244066476821899414e-02
-9.613940864801406860e-02
-9.244066476821899414e-02
-8.940336108207702637e-02
-9.252952039241790771e-02
-1.092436835169792175e-01
-9.252952039241790771e-02
-9.860656410455703735e-02
-9.252952039241790771e-02
-1.085410118103027344e-01
-9.277212619781494141e-02
-1.070830151438713074e-01
-9.277212619781494141e-02
-8.495729416608810425e-02
-9.277212619781494141e-02
-1.042981594800949097e-01
-9.277212619781494141e-02
-7.595162093639373779e-02
-9.277212619781494141e-02
-1.029413789510726929e-01
-9.277212619781494141e-02
-1.045289561152458191e-01
-9.277212619781494141e-02
-9.127186983823776245e-02
-9.179155528545379639e-02
-9.307588636875152588e-02
-9.179155528545379639e-02
-6.914158910512924194e-02
-9.179155528545379639e-02
-9.671486914157867432e-02
-9.179155528545379639e-02
-9.665941447019577026e-02
-9.354735165834426880e-02
-8.345450460910797119e-02
-9.354735165834426880e-02
-8.763728290796279907e-02
-9.354735165834426880e-02
-8.644346147775650024e-02
-7.711981236934661865e-02
-8.877386152744293213e-02
-7.711981236934661865e-02
-8.167273551225662231e-02
-7.711981236934661865e-02
-6.365004926919937134e-02
-7.711981236934661865e-02
-3.898750245571136475e-02
-7.711981236934661865e-02
-8.893123269081115723e-02
-7.711981236934661865e-02
-6.666208803653717041e-02
-6.816335767507553101e-02
-5.610061436891555786e-02
-6.816335767507553101e-02
-5.274423211812973022e-02
-6.816335767507553101e-02
-5.506926029920578003e-02
-5.479549616575241089e-02
-5.530755966901779175e-02
-5.479549616575241089e-02
-4.830512404441833496e-02
-5.479549616575241089e-02
-5.506138503551483154e-02
-2.202287502586841583e-02
-1.735069043934345245e-02
-2.202287502586841583e-02
-9.657444432377815247e-03
-2.202287502586841583e-02
-2.550893835723400116e-02
-2.202287502586841583e-02
-2.420885302126407623e-02
-1.539191976189613342e-02
-6.716313213109970093e-02
-1.539191976189613342e-02
7.209516130387783051e-03
-1.539191976189613342e-02
3.697451949119567871e-02
-1.394795253872871399e-03
-1.980836875736713409e-02
-1.394795253872871399e-03
-2.440087310969829559e-02
-1.394795253872871399e-03
-2.400559745728969574e-02
3.738591447472572327e-03
2.794565632939338684e-03
3.738591447472572327e-03
2.542653121054172516e-02
3.738591447472572327e-03
-4.550170153379440308e-03
1.019043382257223129e-02
2.754690311849117279e-02
1.019043382257223129e-02
4.486615210771560669e-02
1.019043382257223129e-02
-2.435339614748954773e-03
1.324835047125816345e-02
-4.701217636466026306e-03
1.324835047125816345e-02
-7.427925243973731995e-03
1.324835047125816345e-02
-2.512513287365436554e-02
1.542087458074092865e-02
2.417229413986206055e-01
1.542087458074092865e-02
3.293915092945098877e-02
1.542087458074092865e-02
8.296200074255466461e-03
2.685621939599514008e-02
2.070740610361099243e-02
2.685621939599514008e-02
3.576242178678512573e-02
2.685621939599514008e-02
1.896121725440025330e-02
2.100407890975475311e-02
5.515420809388160706e-03
2.100407890975475311e-02
5.688844621181488037e-02
2.100407890975475311e-02
1.734669357538223267e-01
2.628093771636486053e-02
1.291817799210548401e-02
2.628093771636486053e-02
2.026151120662689209e-02
2.628093771636486053e-02
2.767748385667800903e-02
2.625422924757003784e-02
3.852114081382751465e-02
2.625422924757003784e-02
8.027695119380950928e-02
2.625422924757003784e-02
3.562726080417633057e-02
2.630531415343284607e-02
2.647122181951999664e-02
2.630531415343284607e-02
4.702628403902053833e-02
2.630531415343284607e-02
3.094228543341159821e-02
2.630084007978439331e-02
1.200989913195371628e-02
2.630084007978439331e-02
2.120143920183181763e-02
2.630084007978439331e-02
2.981879189610481262e-02
2.192945405840873718e-02
5.280086398124694824e-02
2.192945405840873718e-02
6.790683418512344360e-02
2.192945405840873718e-02
5.108669400215148926e-02
2.192945405840873718e-02
1.131191849708557129e-03
2.601872757077217102e-02
2.831486053764820099e-02
2.601872757077217102e-02
3.968176990747451782e-02
2.601872757077217102e-02
7.103823870420455933e-02
1.740296185016632080e-02
3.196258097887039185e-02
1.740296185016632080e-02
2.494468539953231812e-02
1.740296185016632080e-02
2.683184295892715454e-02
1.740296185016632080e-02
3.058726899325847626e-02
1.169846206903457642e-02
7.968923076987266541e-03
1.169846206903457642e-02
1.799647696316242218e-02
1.169846206903457642e-02
-2.419071272015571594e-03
1.470066234469413757e-02
9.200325235724449158e-03
1.470066234469413757e-02
1.706344820559024811e-02
1.470066234469413757e-02
1.668858155608177185e-02
1.470066234469413757e-02
2.048381790518760681e-02
1.470066234469413757e-02
2.769118174910545349e-02
1.470066234469413757e-02
1.961804740130901337e-02
1.470066234469413757e-02
1.745184697210788727e-02
1.470066234469413757e-02
2.869604900479316711e-02
2.702868171036243439e-02
2.774707414209842682e-02
2.702868171036243439e-02
3.751347213983535767e-02
2.702868171036243439e-02
2.489820122718811035e-02
1.384697668254375458e-02
1.067836023867130280e-02
1.384697668254375458e-02
2.158744074404239655e-02
1.384697668254375458e-02
1.562622189521789551e-02
6.888823583722114563e-03
2.742469310760498047e-03
6.888823583722114563e-03
-8.131587877869606018e-03
6.888823583722114563e-03
1.051934435963630676e-03
6.888823583722114563e-03
-3.979219123721122742e-03
5.592448636889457703e-03
4.061544314026832581e-03
5.592448636889457703e-03
-1.111194491386413574e-03
5.592448636889457703e-03
-6.797622889280319214e-03
5.592448636889457703e-03
6.479633972048759460e-03
-6.431404501199722290e-03
1.635381393134593964e-02
-6.431404501199722290e-03
1.645502820611000061e-02
-6.431404501199722290e-03
2.224683761596679688e-03
-3.961624577641487122e-03
-4.877118393778800964e-03
-3.961624577641487122e-03
2.686951309442520142e-03
-3.961624577641487122e-03
7.954329252243041992e-03
-9.223798289895057678e-03
-1.134888082742691040e-02
-9.223798289895057678e-03
1.041114144027233124e-02
-9.223798289895057678e-03
-4.628075286746025085e-03
-9.355233982205390930e-03
-1.434795744717121124e-02
-9.355233982205390930e-03
-2.470830455422401428e-03
-9.355233982205390930e-03
1.042289659380912781e-02
-1.003233157098293304e-02
-3.179533034563064575e-02
-1.003233157098293304e-02
-2.574460394680500031e-02
-1.003233157098293304e-02
-4.613237082958221436e-02
-1.003233157098293304e-02
-3.889364004135131836e-02
-1.262285187840461731e-02
-1.723958738148212433e-02
-1.262285187840461731e-02
-6.042812019586563110e-03
-1.262285187840461731e-02
1.273816451430320740e-02
-1.261262223124504089e-02
-2.480917610228061676e-02
-1.261262223124504089e-02
7.187249138951301575e-03
-1.261262223124504089e-02
-3.153271973133087158e-05
-1.005809940397739410e-02
-3.081672824919223785e-02
-1.005809940397739410e-02
-1.699102856218814850e-02
-1.005809940397739410e-02
-1.159371808171272278e-03
-1.005809940397739410e-02
-5.482019856572151184e-03
-1.628935895860195160e-02
-1.390543952584266663e-02
-1.628935895860195160e-02
6.160516291856765747e-03
-1.628935895860195160e-02
8.514337241649627686e-05
-1.620891876518726349e-02
-4.570847377181053162e-03
-1.620891876518726349e-02
-1.973744295537471771e-02
-1.620891876518726349e-02
1.235039159655570984e-02
-1.589510031044483185e-02
3.330368921160697937e-02
-1.589510031044483185e-02
1.266685314476490021e-02
-1.589510031044483185e-02
3.083219565451145172e-02
-1.791387237608432770e-02
4.839768260717391968e-02
-1.791387237608432770e-02
9.077776223421096802e-02
-1.791387237608432770e-02
5.090931802988052368e-02
-1.791387237608432770e-02
3.303807973861694336e-02
4.745602607727050781e-03
3.343775123357772827e-02
4.745602607727050781e-03
5.424176901578903198e-02
4.745602607727050781e-03
8.745270781219005585e-03
2.179908752441406250e-02
6.162123382091522217e-02
2.179908752441406250e-02
4.217790067195892334e-02
2.179908752441406250e-02
6.065470725297927856e-02
2.179908752441406250e-02
1.912037283182144165e-02
2.181026339530944824e-02
8.545301109552383423e-02
2.181026339530944824e-02
9.258252382278442383e-02
2.181026339530944824e-02
4.906006157398223877e-02
2.326700650155544281e-02
9.925689548254013062e-02
2.326700650155544281e-02
1.078825592994689941e-01
2.326700650155544281e-02
7.576588541269302368e-02
2.713866718113422394e-02
7.983091473579406738e-02
2.713866718113422394e-02
1.424922421574592590e-02
2.713866718113422394e-02
4.784017056226730347e-02
2.548294514417648315e-02
4.783701896667480469e-02
2.548294514417648315e-02
5.686195194721221924e-02
2.548294514417648315e-02
8.546786755323410034e-02
5.069012194871902466e-02
6.814053654670715332e-02
5.069012194871902466e-02
6.792030483484268188e-02
5.069012194871902466e-02
6.123468279838562012e-02
7.406051456928253174e-02
8.278069645166397095e-02
7.406051456928253174e-02
1.280212402343750000e-01
7.406051456928253174e-02
6.646600365638732910e-02
7.372524589300155640e-02
1.198543086647987366e-01
7.372524589300155640e-02
6.747773289680480957e-02
7.372524589300155640e-02
1.181621924042701721e-01
7.372524589300155640e-02
8.548160642385482788e-02
7.533942908048629761e-02
1.208090707659721375e-01
7.533942908048629761e-02
1.030918881297111511e-01
7.533942908048629761e-02
1.016071736812591553e-01
7.168210297822952271e-02
7.047270238399505615e-02
7.168210297822952271e-02
8.574113994836807251e-02
7.168210297822952271e-02
7.155926525592803955e-02
7.223079353570938110e-02
1.605891585350036621e-01
7.223079353570938110e-02
6.879284232854843140e-02
7.223079353570938110e-02
6.891310960054397583e-02
7.223079353570938110e-02
8.631370216608047485e-02
7.125066220760345459e-02
2.572405934333801270e-01
7.125066220760345459e-02
6.871501356363296509e-02
7.125066220760345459e-02
9.461466223001480103e-02
7.125066220760345459e-02
5.540848523378372192e-02
6.394024193286895752e-02
1.212307736277580261e-01
6.394024193286895752e-02
7.578786462545394897e-02
6.394024193286895752e-02
9.437709301710128784e-02
6.640400737524032593e-02
4.363851249217987061e-02
6.640400737524032593e-02
7.037304341793060303e-02
6.640400737524032593e-02
6.116550415754318237e-02
6.066451221704483032e-02
6.844052672386169434e-02
6.066451221704483032e-02
8.350592851638793945e-02
6.066451221704483032e-02
8.938456326723098755e-02
5.964505672454833984e-02
6.151995807886123657e-02
5.964505672454833984e-02
4.728762805461883545e-02
5.964505672454833984e-02
5.373343825340270996e-02
6.376685947179794312e-02
6.742075085639953613e-02
6.376685947179794312e-02
6.106532365083694458e-02
6.376685947179794312e-02
6.798736006021499634e-02
6.512068212032318115e-02
5.631271004676818848e-02
6.512068212032318115e-02
5.158362537622451782e-02
6.512068212032318115e-02
6.235306710004806519e-02
6.512068212032318115e-02
5.471063405275344849e-02
6.884102523326873779e-02
7.218127697706222534e-02
6.884102523326873779e-02
6.916053593158721924e-02
6.884102523326873779e-02
5.667173862457275391e-02
5.994182825088500977e-02
6.645360589027404785e-02
5.994182825088500977e-02
7.567052543163299561e-02
5.994182825088500977e-02
5.149531364440917969e-02
5.559120327234268188e-02
4.600231349468231201e-02
5.559120327234268188e-02
5.188902467489242554e-02
5.559120327234268188e-02
5.189086496829986572e-02
5.559120327234268188e-02
3.908634930849075317e-02
5.613539367914199829e-02
4.632778465747833252e-02
5.613539367914199829e-02
5.168946832418441772e-02
5.613539367914199829e-02
4.730623215436935425e-02
5.613539367914199829e-02
9.256871789693832397e-02
5.223792046308517456e-02
4.833175987005233765e-02
5.223792046308517456e-02
5.932716280221939087e-02
5.223792046308517456e-02
4.895919561386108398e-02
4.482579231262207031e-02
4.792040586471557617e-02
4.482579231262207031e-02
5.013105273246765137e-02
4.482579231262207031e-02
5.028029531240463257e-02
4.483682662248611450e-02
4.252960532903671265e-02
4.483682662248611450e-02
6.142028421163558960e-02
4.483682662248611450e-02
6.112956255674362183e-02
5.489729344844818115e-02
4.692491143941879272e-02
5.489729344844818115e-02
6.676574051380157471e-02
5.489729344844818115e-02
5.501201748847961426e-02
6.379443407058715820e-02
7.162631303071975708e-02
6.379443407058715820e-02
7.180120050907135010e-02
6.379443407058715820e-02
7.079263776540756226e-02
6.587647646665573120e-02
7.606023550033569336e-02
6.587647646665573120e-02
7.769713550806045532e-02
6.587647646665573120e-02
4.620922356843948364e-02
6.380310654640197754e-02
9.942093491554260254e-02
6.380310654640197754e-02
6.064981222152709961e-02
6.380310654640197754e-02
5.991004407405853271e-02
6.380310654640197754e-02
8.540547639131546021e-02
7.039758563041687012e-02
8.881423622369766235e-02
7.039758563041687012e-02
1.267635822296142578e-01
7.039758563041687012e-02
7.742806524038314819e-02
7.074197381734848022e-02
6.003931909799575806e-02
7.074197381734848022e-02
5.474127829074859619e-02
7.074197381734848022e-02
5.772819370031356812e-02
7.977323979139328003e-02
9.435180574655532837e-02
7.977323979139328003e-02
1.000714451074600220e-01
7.977323979139328003e-02
5.884332209825515747e-02
7.057931274175643921e-02
7.371262460947036743e-02
7.057931274175643921e-02
8.244215697050094604e-02
7.057931274175643921e-02
6.125156581401824951e-02
6.582970917224884033e-02
7.494863122701644897e-02
6.582970917224884033e-02
6.807338446378707886e-02
6.582970917224884033e-02
6.579305231571197510e-02
6.633922457695007324e-02
5.724899470806121826e-02
6.633922457695007324e-02
1.019508913159370422e-01
6.633922457695007324e-02
6.937287002801895142e-02
5.847311019897460938e-02
5.339036881923675537e-02
5.847311019897460938e-02
6.829097121953964233e-02
5.847311019897460938e-02
6.418611854314804077e-02
5.274058133363723755e-02
4.244701564311981201e-02
5.274058133363723755e-02
4.786980152130126953e-02
5.274058133363723755e-02
4.083032906055450439e-02
5.196352303028106689e-02
2.600865438580513000e-02
5.196352303028106689e-02
5.931865423917770386e-02
5.196352303028106689e-02
4.079978540539741516e-02
5.196352303028106689e-02
7.813680917024612427e-02
5.332893878221511841e-02
5.531086772680282593e-02
5.332893878221511841e-02
8.253633230924606323e-02
5.332893878221511841e-02
3.213276714086532593e-02
5.332893878221511841e-02
5.407025665044784546e-02
5.332893878221511841e-02
4.142481833696365356e-02
5.332893878221511841e-02
4.522124677896499634e-02
5.332893878221511841e-02
2.429650723934173584e-02
5.332893878221511841e-02
1.176368258893489838e-02
5.332893878221511841e-02
6.298348307609558105e-02
5.583999305963516235e-02
-2.955000847578048706e-03
5.583999305963516235e-02
7.628609985113143921e-02
5.583999305963516235e-02
3.926378488540649414e-02
5.692522227764129639e-02
-2.177001908421516418e-03
5.692522227764129639e-02
-1.706575043499469757e-02
5.692522227764129639e-02
-3.212559223175048828e-02
5.692522227764129639e-02
-2.368698827922344208e-02
4.915086925029754639e-02
7.290164008736610413e-03
4.915086925029754639e-02
-2.359068021178245544e-03
4.915086925029754639e-02
-4.634186625480651855e-02
4.617357254028320312e-02
3.293128684163093567e-03
4.617357254028320312e-02
5.763460695743560791e-02
4.617357254028320312e-02
3.630241006612777710e-02
5.059316754341125488e-02
6.854019127786159515e-03
5.059316754341125488e-02
-1.886317320168018341e-02
5.059316754341125488e-02
9.019534103572368622e-03
5.059316754341125488e-02
-1.508024521172046661e-02
5.020454525947570801e-02
8.680108934640884399e-03
5.020454525947570801e-02
7.571896538138389587e-03
5.020454525947570801e-02
4.667656496167182922e-03
4.636721312999725342e-02
-4.308697581291198730e-02
4.636721312999725342e-02
1.311512198299169540e-02
4.636721312999725342e-02
1.790815964341163635e-03
4.850815236568450928e-02
3.792590275406837463e-02
4.850815236568450928e-02
1.218000240623950958e-02
4.850815236568450928e-02
-2.431506104767322540e-02
4.845844954252243042e-02
5.209501832723617554e-04
4.845844954252243042e-02
2.368775755167007446e-02
4.845844954252243042e-02
-1.740513369441032410e-03
4.501388967037200928e-02
6.815447658300399780e-02
4.501388967037200928e-02
9.359798580408096313e-02
4.501388967037200928e-02
7.928767055273056030e-02
4.501388967037200928e-02
6.664492934942245483e-02
3.590839356184005737e-02
5.918996036052703857e-02
3.590839356184005737e-02
2.437295205891132355e-02
3.590839356184005737e-02
4.034791514277458191e-02
3.590839356184005737e-02
5.688562989234924316e-03
3.252910822629928589e-02
3.244568407535552979e-02
3.252910822629928589e-02
3.124652989208698273e-02
3.252910822629928589e-02
3.647348284721374512e-02
3.921531140804290771e-02
4.607558250427246094e-02
3.921531140804290771e-02
6.420689076185226440e-02
3.921531140804290771e-02
6.702157109975814819e-02
4.313699528574943542e-02
2.900383993983268738e-02
4.313699528574943542e-02
3.087962977588176727e-02
4.313699528574943542e-02
3.923953324556350708e-02
5.302000045776367188e-02
4.458281397819519043e-02
5.302000045776367188e-02
5.202975869178771973e-02
5.302000045776367188e-02
4.751166701316833496e-02
5.302000045776367188e-02
3.781101852655410767e-02
5.302000045776367188e-02
5.489400029182434082e-02
5.302000045776367188e-02
5.328701436519622803e-02
5.302000045776367188e-02
6.970930844545364380e-02
5.344668775796890259e-02
5.401708930730819702e-02
5.344668775796890259e-02
3.400851786136627197e-02
5.344668775796890259e-02
4.068959504365921021e-02
5.491545051336288452e-02
4.858984798192977905e-02
5.491545051336288452e-02
6.685975939035415649e-02
5.491545051336288452e-02
4.615100473165512085e-02
5.663166940212249756e-02
2.618268318474292755e-02
5.663166940212249756e-02
3.410606831312179565e-02
5.663166940212249756e-02
7.863353937864303589e-02
5.663166940212249756e-02
3.892233222723007202e-02
6.286444514989852905e-02
5.356603115797042847e-02
6.286444514989852905e-02
5.797856301069259644e-02
6.286444514989852905e-02
5.402909964323043823e-02
7.405509054660797119e-02
7.663436979055404663e-02
7.405509054660797119e-02
9.380648285150527954e-02
7.405509054660797119e-02
6.962370127439498901e-02
7.849504798650741577e-02
8.153578639030456543e-02
7.849504798650741577e-02
5.125557631254196167e-02
7.849504798650741577e-02
8.203421533107757568e-02
8.179444074630737305e-02
8.260465413331985474e-02
8.179444074630737305e-02
7.180231064558029175e-02
8.179444074630737305e-02
7.455758750438690186e-02
8.272160589694976807e-02
7.520513981580734253e-02
8.272160589694976807e-02
9.266891330480575562e-02
8.272160589694976807e-02
9.396448731422424316e-02
9.087768942117691040e-02
1.224129721522331238e-01
9.087768942117691040e-02
1.058162450790405273e-01
9.087768942117691040e-02
1.033314689993858337e-01
8.684744685888290405e-02
1.106623783707618713e-01
8.684744685888290405e-02
1.113063395023345947e-01
8.684744685888290405e-02
8.172006160020828247e-02
8.684744685888290405e-02
7.267683744430541992e-02
8.683424443006515503e-02
5.997071415185928345e-02
8.683424443006515503e-02
9.109690040349960327e-02
8.683424443006515503e-02
8.976791054010391235e-02
8.683424443006515503e-02
8.452546596527099609e-02
8.683424443006515503e-02
8.715540170669555664e-02
8.683424443006515503e-02
8.525159955024719238e-02
9.022921323776245117e-02
1.059655547142028809e-01
9.022921323776245117e-02
9.539972245693206787e-02
9.022921323776245117e-02
1.202095374464988708e-01
9.022921323776245117e-02
9.938351809978485107e-02
8.812914043664932251e-02
1.074858754873275757e-01
8.812914043664932251e-02
7.908313721418380737e-02
8.812914043664932251e-02
8.217901736497879028e-02
8.812914043664932251e-02
9.231527894735336304e-02
9.422329068183898926e-02
9.909889847040176392e-02
9.422329068183898926e-02
8.295135945081710815e-02
9.422329068183898926e-02
8.405495434999465942e-02
1.037818416953086853e-01
1.164008006453514099e-01
1.037818416953086853e-01
1.006056740880012512e-01
1.037818416953086853e-01
1.150479912757873535e-01
1.037818416953086853e-01
1.116767749190330505e-01
1.068603023886680603e-01
8.559585362672805786e-02
1.068603023886680603e-01
1.003445088863372803e-01
1.068603023886680603e-01
7.105892151594161987e-02
9.927111864089965820e-02
1.132612898945808411e-01
9.927111864089965820e-02
6.543626636266708374e-02
9.927111864089965820e-02
8.240506798028945923e-02
1.033455654978752136e-01
1.275471299886703491e-01
1.033455654978752136e-01
1.081230938434600830e-01
1.033455654978752136e-01
9.461744129657745361e-02
1.061373054981231689e-01
7.377947121858596802e-02
1.061373054981231689e-01
8.426503837108612061e-02
1.061373054981231689e-01
7.580711692571640015e-02
1.052270829677581787e-01
1.074307337403297424e-01
1.052270829677581787e-01
6.821770966053009033e-02
1.052270829677581787e-01
1.101183816790580750e-01
1.052270829677581787e-01
8.086913079023361206e-02
1.052724942564964294e-01
7.515322417020797729e-02
1.052724942564964294e-01
1.102224662899971008e-01
1.052724942564964294e-01
1.173630729317665100e-01
1.052724942564964294e-01
1.265636384487152100e-01
9.118194133043289185e-02
3.899604082107543945e-02
9.118194133043289185e-02
3.540758416056632996e-02
9.118194133043289185e-02
4.132890701293945312e-02
8.047957718372344971e-02
6.190186738967895508e-02
8.047957718372344971e-02
6.024660170078277588e-02
8.047957718372344971e-02
4.285970330238342285e-02
9.453202039003372192e-02
-1.620312966406345367e-02
9.453202039003372192e-02
2.338011376559734344e-02
9.453202039003372192e-02
2.193189039826393127e-02
1.036121025681495667e-01
2.111103199422359467e-02
1.036121025681495667e-01
8.832917362451553345e-02
1.036121025681495667e-01
3.066665306687355042e-02
1.245143786072731018e-01
2.207130193710327148e-02
1.245143786072731018e-01
7.130581885576248169e-02
1.245143786072731018e-01
5.043493956327438354e-02
1.176456883549690247e-01
9.646179527044296265e-02
1.176456883549690247e-01
1.037499904632568359e-01
1.176456883549690247e-01
1.645267009735107422e-01
1.202734038233757019e-01
4.725151509046554565e-02
1.202734038233757019e-01
6.628762930631637573e-02
1.202734038233757019e-01
7.667300105094909668e-02
1.157922372221946716e-01
8.419924229383468628e-02
1.157922372221946716e-01
1.137246564030647278e-01
1.157922372221946716e-01
9.332709759473800659e-02
1.182573512196540833e-01
1.648049503564834595e-01
1.182573512196540833e-01
1.468275934457778931e-01
1.182573512196540833e-01
1.588125526905059814e-01
1.182573512196540833e-01
1.334284245967864990e-01
1.180292889475822449e-01
1.624799817800521851e-01
1.180292889475822449e-01
1.579299420118331909e-01
1.180292889475822449e-01
9.808962792158126831e-02
1.180292889475822449e-01
1.276445835828781128e-01
1.176874414086341858e-01
9.959762543439865112e-02
1.176874414086341858e-01
1.559084504842758179e-01
1.176874414086341858e-01
1.445442736148834229e-01
1.226126030087471008e-01
1.460820883512496948e-01
1.226126030087471008e-01
1.293277889490127563e-01
1.226126030087471008e-01
1.412107199430465698e-01
1.226126030087471008e-01
1.400724500417709351e-01
1.436536759138107300e-01
1.406808942556381226e-01
1.436536759138107300e-01
1.542620807886123657e-01
1.436536759138107300e-01
1.420458853244781494e-01
1.436536759138107300e-01
1.647764593362808228e-01
1.436536759138107300e-01
1.760958880186080933e-01
1.436536759138107300e-01
1.539635211229324341e-01
1.403702050447463989e-01
1.263101696968078613e-01
1.403702050447463989e-01
1.598803251981735229e-01
1.403702050447463989e-01
1.177193745970726013e-01
1.419365257024765015e-01
1.356318145990371704e-01
1.419365257024765015e-01
1.548922508955001831e-01
1.419365257024765015e-01
1.548196077346801758e-01
1.419365257024765015e-01
1.572276204824447632e-01
1.381853222846984863e-01
1.639452427625656128e-01
1.381853222846984863e-01
1.369000077247619629e-01
1.381853222846984863e-01
1.477479785680770874e-01
1.391543298959732056e-01
1.368568390607833862e-01
1.391543298959732056e-01
1.431780606508255005e-01
1.391543298959732056e-01
1.497614830732345581e-01
1.390236467123031616e-01
1.519494503736495972e-01
1.390236467123031616e-01
1.414342075586318970e-01
1.390236467123031616e-01
1.448846310377120972e-01
1.399930715560913086e-01
1.285085529088973999e-01
1.399930715560913086e-01
1.707997769117355347e-01
1.399930715560913086e-01
1.453965157270431519e-01
1.399930715560913086e-01
1.996670663356781006e-01
1.399930715560913086e-01
1.413290947675704956e-01
1.399930715560913086e-01
1.588861495256423950e-01
1.399930715560913086e-01
1.432424038648605347e-01
1.391992270946502686e-01
1.536506861448287964e-01
1.391992270946502686e-01
1.419237703084945679e-01
1.391992270946502686e-01
1.595997512340545654e-01
1.391992270946502686e-01
1.324494779109954834e-01
1.392446309328079224e-01
1.536828875541687012e-01
1.392446309328079224e-01
1.252110153436660767e-01
1.392446309328079224e-01
1.445228308439254761e-01
1.392446309328079224e-01
1.280598342418670654e-01
1.410909295082092285e-01
1.435480862855911255e-01
1.410909295082092285e-01
1.369529813528060913e-01
1.410909295082092285e-01
1.440341323614120483e-01
1.410909295082092285e-01
1.502234488725662231e-01
1.438062041997909546e-01
1.424892544746398926e-01
1.438062041997909546e-01
1.295686513185501099e-01
1.438062041997909546e-01
1.229121461510658264e-01
1.438062041997909546e-01
1.272549182176589966e-01
1.540260761976242065e-01
1.865972131490707397e-01
1.540260761976242065e-01
1.752267777919769287e-01
1.540260761976242065e-01
1.185230463743209839e-01
1.581612378358840942e-01
1.478118747472763062e-01
1.581612378358840942e-01
1.330308020114898682e-01
1.581612378358840942e-01
1.612483412027359009e-01
1.581612378358840942e-01
1.440743654966354370e-01
1.511425226926803589e-01
1.748355627059936523e-01
1.511425226926803589e-01
1.704582124948501587e-01
1.511425226926803589e-01
2.256166785955429077e-01
1.511425226926803589e-01
1.124132573604583740e-01
1.532882004976272583e-01
1.704081445932388306e-01
1.532882004976272583e-01
1.399558335542678833e-01
1.532882004976272583e-01
1.292293220758438110e-01
1.532882004976272583e-01
1.557986289262771606e-01
1.446209549903869629e-01
1.735974699258804321e-01
1.446209549903869629e-01
9.777170419692993164e-02
1.446209549903869629e-01
1.387749463319778442e-01
1.446209549903869629e-01
1.213505789637565613e-01
1.445939689874649048e-01
1.378847509622573853e-01
1.445939689874649048e-01
1.126597449183464050e-01
1.445939689874649048e-01
1.310189813375473022e-01
1.445939689874649048e-01
1.306561380624771118e-01
1.440082937479019165e-01
1.366286277770996094e-01
1.440082937479019165e-01
1.377541124820709229e-01
1.440082937479019165e-01
1.328020840883255005e-01
1.440082937479019165e-01
1.133971884846687317e-01
1.441155374050140381e-01
1.435755938291549683e-01
1.441155374050140381e-01
1.575593501329421997e-01
1.441155374050140381e-01
1.549808531999588013e-01
1.507479846477508545e-01
1.717069894075393677e-01
1.507479846477508545e-01
1.470556110143661499e-01
1.507479846477508545e-01
1.856276839971542358e-01
1.507479846477508545e-01
1.813927739858627319e-01
1.535330265760421753e-01
1.648500412702560425e-01
1.535330265760421753e-01
1.718081235885620117e-01
1.535330265760421753e-01
1.597718298435211182e-01
1.535206884145736694e-01
1.615565270185470581e-01
1.535206884145736694e-01
1.628418117761611938e-01
1.535206884145736694e-01
1.719478964805603027e-01
1.535206884145736694e-01
1.552191078662872314e-01
1.581708341836929321e-01
1.599871963262557983e-01
1.581708341836929321e-01
1.541524976491928101e-01
1.581708341836929321e-01
1.697682589292526245e-01
1.581708341836929321e-01
1.450020074844360352e-01
1.774932742118835449e-01
1.756311208009719849e-01
1.774932742118835449e-01
1.643066555261611938e-01
1.774932742118835449e-01
1.962412595748901367e-01
1.774932742118835449e-01
1.706472188234329224e-01
1.810065209865570068e-01
1.745745241641998291e-01
1.810065209865570068e-01
1.803359240293502808e-01
1.810065209865570068e-01
1.852805763483047485e-01
1.810065209865570068e-01
1.580964624881744385e-01
1.827428787946701050e-01
1.831535398960113525e-01
1.827428787946701050e-01
1.661960929632186890e-01
1.827428787946701050e-01
1.703214645385742188e-01
1.827428787946701050e-01
1.910593360662460327e-01
1.787698417901992798e-01
1.821529120206832886e-01
1.787698417901992798e-01
1.808528751134872437e-01
1.787698417901992798e-01
1.769244819879531860e-01
1.787698417901992798e-01
1.819076389074325562e-01
1.858043819665908813e-01
1.874438673257827759e-01
1.858043819665908813e-01
1.827176064252853394e-01
1.858043819665908813e-01
1.843556910753250122e-01
1.858043819665908813e-01
1.794783622026443481e-01
1.855200976133346558e-01
1.998531371355056763e-01
1.855200976133346558e-01
1.550932675600051880e-01
1.855200976133346558e-01
1.754368394613265991e-01
1.855200976133346558e-01
1.804959625005722046e-01
1.821247488260269165e-01
1.960100680589675903e-01
1.821247488260269165e-01
1.925554424524307251e-01
1.821247488260269165e-01
1.884712725877761841e-01
1.843240410089492798e-01
2.133359163999557495e-01
1.843240410089492798e-01
1.985100954771041870e-01
1.843240410089492798e-01
2.237114459276199341e-01
1.843240410089492798e-01
2.144632786512374878e-01
1.550118327140808105e-01
1.912184208631515503e-01
1.550118327140808105e-01
1.628263592720031738e-01
1.550118327140808105e-01
1.581671983003616333e-01
1.550118327140808105e-01
1.690997630357742310e-01
1.494156867265701294e-01
1.710698902606964111e-01
1.494156867265701294e-01
1.259420216083526611e-01
1.494156867265701294e-01
1.436689049005508423e-01
1.494156867265701294e-01
1.486739069223403931e-01
1.320869028568267822e-01
1.507604122161865234e-01
1.320869028568267822e-01
1.819411516189575195e-01
1.320869028568267822e-01
1.289304941892623901e-01
1.320869028568267822e-01
1.636580973863601685e-01
1.276820898056030273e-01
1.126983091235160828e-01
1.276820898056030273e-01
1.270291805267333984e-01
1.276820898056030273e-01
1.055713072419166565e-01
1.276820898056030273e-01
1.282729804515838623e-01
1.228032037615776062e-01
1.001087352633476257e-01
1.228032037615776062e-01
1.022567227482795715e-01
1.228032037615776062e-01
1.347495168447494507e-01
1.228032037615776062e-01
3.171787261962890625e-01
1.198782101273536682e-01
1.009470522403717041e-01
1.198782101273536682e-01
8.747882395982742310e-02
1.198782101273536682e-01
5.914568901062011719e-02
1.174458041787147522e-01
6.752791255712509155e-02
1.174458041787147522e-01
7.635556161403656006e-02
1.174458041787147522e-01
5.685514956712722778e-02
1.174458041787147522e-01
6.837774068117141724e-02
1.169251129031181335e-01
7.927649468183517456e-02
1.169251129031181335e-01
9.055048972368240356e-02
1.169251129031181335e-01
8.859181404113769531e-02
1.163299754261970520e-01
7.119508087635040283e-02
1.163299754261970520e-01
1.126732155680656433e-01
1.163299754261970520e-01
1.153232380747795105e-01
1.163299754261970520e-01
1.602127701044082642e-01
1.142440587282180786e-01
1.494493484497070312e-01
1.142440587282180786e-01
7.021084427833557129e-02
1.142440587282180786e-01
7.146739214658737183e-02
1.155509725213050842e-01
1.076111719012260437e-01
1.155509725213050842e-01
1.209147796034812927e-01
1.155509725213050842e-01
8.744088560342788696e-02
1.149436607956886292e-01
5.688986182212829590e-02
1.149436607956886292e-01
7.440224289894104004e-02
1.149436607956886292e-01
1.223253682255744934e-01
1.149436607956886292e-01
1.028065681457519531e-01
1.082376018166542053e-01
7.734301686286926270e-02
1.082376018166542053e-01
1.022577360272407532e-01
1.082376018166542053e-01
5.602686852216720581e-02
1.059854999184608459e-01
8.118676394224166870e-02
1.059854999184608459e-01
1.084184497594833374e-01
1.059854999184608459e-01
5.147787928581237793e-02
1.018641367554664612e-01
5.761355906724929810e-02
1.018641367554664612e-01
8.638168126344680786e-02
1.018641367554664612e-01
1.156224682927131653e-01
1.018641367554664612e-01
1.331730782985687256e-01
1.021272689104080200e-01
5.842645466327667236e-02
1.021272689104080200e-01
7.525900751352310181e-02
1.021272689104080200e-01
5.189932882785797119e-02
1.021272689104080200e-01
1.157181710004806519e-01
1.078707873821258545e-01
1.058513820171356201e-01
1.078707873821258545e-01
1.446707695722579956e-01
1.078707873821258545e-01
9.539987146854400635e-02
1.078707873821258545e-01
1.285372823476791382e-01
1.085859686136245728e-01
1.038142368197441101e-01
1.085859686136245728e-01
5.188012123107910156e-02
1.085859686136245728e-01
5.574107915163040161e-02
1.199949756264686584e-01
6.413143128156661987e-02
1.199949756264686584e-01
1.246122941374778748e-01
1.199949756264686584e-01
1.011460497975349426e-01
1.199949756264686584e-01
8.032273501157760620e-02
1.050941124558448792e-01
8.754234015941619873e-02
1.050941124558448792e-01
5.850512534379959106e-02
1.050941124558448792e-01
8.289682120084762573e-02
1.050941124558448792e-01
8.036851882934570312e-02
1.002243533730506897e-01
1.155485287308692932e-01
1.002243533730506897e-01
6.471984833478927612e-02
1.002243533730506897e-01
1.866954714059829712e-01
1.002243533730506897e-01
9.904894232749938965e-02
1.211248785257339478e-01
1.141310185194015503e-01
1.211248785257339478e-01
8.866950869560241699e-02
1.211248785257339478e-01
1.010255739092826843e-01
1.211248785257339478e-01
9.378472715616226196e-02
1.228138133883476257e-01
1.382078677415847778e-01
1.228138133883476257e-01
1.006692722439765930e-01
1.228138133883476257e-01
1.053845584392547607e-01
1.228138133883476257e-01
1.313755512237548828e-01
1.228138133883476257e-01
1.356066316366195679e-01
1.228138133883476257e-01
8.590739220380783081e-02
1.228138133883476257e-01
1.089904010295867920e-01
1.228138133883476257e-01
1.075305342674255371e-01
1.230305507779121399e-01
1.449401974678039551e-01
1.230305507779121399e-01
1.174347028136253357e-01
1.230305507779121399e-01
1.529701799154281616e-01
1.230305507779121399e-01
1.344516724348068237e-01
1.230867877602577209e-01
1.278101056814193726e-01
1.230867877602577209e-01
1.428507119417190552e-01
1.230867877602577209e-01
1.260776370763778687e-01
1.230867877602577209e-01
1.086945757269859314e-01
1.238499209284782410e-01
1.186866685748100281e-01
1.238499209284782410e-01
1.249794960021972656e-01
1.238499209284782410e-01
1.061670556664466858e-01
1.253754794597625732e-01
1.113724038004875183e-01
1.253754794597625732e-01
1.154766455292701721e-01
1.253754794597625732e-01
1.236000508069992065e-01
1.350549161434173584e-01
1.591769009828567505e-01
1.350549161434173584e-01
1.672465205192565918e-01
1.350549161434173584e-01
1.833675354719161987e-01
1.437159627676010132e-01
1.314837634563446045e-01
1.437159627676010132e-01
1.299984008073806763e-01
1.437159627676010132e-01
1.419682651758193970e-01
1.437159627676010132e-01
1.449805647134780884e-01
1.463385224342346191e-01
1.394390165805816650e-01
1.463385224342346191e-01
1.398419141769409180e-01
1.463385224342346191e-01
1.364888548851013184e-01
1.463385224342346191e-01
1.252965629100799561e-01
1.627523452043533325e-01
1.616894900798797607e-01
1.627523452043533325e-01
1.610132306814193726e-01
1.627523452043533325e-01
1.786047667264938354e-01
1.627523452043533325e-01
1.532153040170669556e-01
1.653129905462265015e-01
1.603685915470123291e-01
1.653129905462265015e-01
1.626424491405487061e-01
1.653129905462265015e-01
1.716996878385543823e-01
1.653129905462265015e-01
1.393913030624389648e-01
1.679476946592330933e-01
1.613071113824844360e-01
1.679476946592330933e-01
2.141605168581008911e-01
1.679476946592330933e-01
1.870895177125930786e-01
1.679476946592330933e-01
2.187572121620178223e-01
1.799752861261367798e-01
1.736395955085754395e-01
1.799752861261367798e-01
1.936136037111282349e-01
1.799752861261367798e-01
2.018961757421493530e-01
1.621441543102264404e-01
2.261997908353805542e-01
1.621441543102264404e-01
1.717847287654876709e-01
1.621441543102264404e-01
1.998241990804672241e-01
1.621441543102264404e-01
1.465114504098892212e-01
1.591519713401794434e-01
2.094673663377761841e-01
1.591519713401794434e-01
1.530740708112716675e-01
1.591519713401794434e-01
1.311156302690505981e-01
1.591519713401794434e-01
1.804637461900711060e-01
1.591519713401794434e-01
2.188419848680496216e-01
1.591519713401794434e-01
1.907541900873184204e-01
1.591519713401794434e-01
2.072698324918746948e-01
1.591519713401794434e-01
2.020521908998489380e-01
1.503668129444122314e-01
1.934244185686111450e-01
1.503668129444122314e-01
1.989510208368301392e-01
1.503668129444122314e-01
1.918075680732727051e-01
1.503668129444122314e-01
2.385826408863067627e-01
1.415695995092391968e-01
1.828608959913253784e-01
1.415695995092391968e-01
1.993896067142486572e-01
1.415695995092391968e-01
1.876879483461380005e-01
1.415695995092391968e-01
1.266057491302490234e-01
1.270897239446640015e-01
1.728331595659255981e-01
1.270897239446640015e-01
1.363754719495773315e-01
1.270897239446640015e-01
1.614194065332412720e-01
1.270897239446640015e-01
1.424543559551239014e-01
9.556151181459426880e-02
1.635767072439193726e-01
9.556151181459426880e-02
6.146373599767684937e-02
9.556151181459426880e-02
9.343530982732772827e-02
9.556151181459426880e-02
1.207659468054771423e-01
6.636429578065872192e-02
1.009321734309196472e-01
6.636429578065872192e-02
8.167075365781784058e-02
6.636429578065872192e-02
7.785763591527938843e-02
6.636429578065872192e-02
8.060712367296218872e-02
6.425344944000244141e-02
7.388637959957122803e-02
6.425344944000244141e-02
3.160443902015686035e-02
6.425344944000244141e-02
6.856153160333633423e-02
6.425344944000244141e-02
3.935433924198150635e-02
6.082657724618911743e-02
9.824822098016738892e-02
6.082657724618911743e-02
7.647556811571121216e-02
6.082657724618911743e-02
7.796283066272735596e-02
6.082657724618911743e-02
4.937284439802169800e-02
6.302013248205184937e-02
9.052931517362594604e-02
6.302013248205184937e-02
9.041215479373931885e-02
6.302013248205184937e-02
9.495274722576141357e-02
6.211751699447631836e-02
6.644159555435180664e-02
6.211751699447631836e-02
4.028689861297607422e-02
6.211751699447631836e-02
4.584584385156631470e-02
6.211751699447631836e-02
5.734786391258239746e-02
6.074336171150207520e-02
9.884809702634811401e-02
6.074336171150207520e-02
8.491642028093338013e-02
6.074336171150207520e-02
8.789701014757156372e-02
6.074336171150207520e-02
4.455230385065078735e-02
7.647715508937835693e-02
4.756639897823333740e-02
7.647715508937835693e-02
6.349902600049972534e-02
7.647715508937835693e-02
8.482185006141662598e-02
7.647715508937835693e-02
7.208079099655151367e-02
7.825691252946853638e-02
5.901295691728591919e-02
7.825691252946853638e-02
8.596521615982055664e-02
7.825691252946853638e-02
6.465306878089904785e-02
9.225704520940780640e-02
1.118387207388877869e-01
9.225704520940780640e-02
7.437511533498764038e-02
9.225704520940780640e-02
9.344063699245452881e-02
9.450281411409378052e-02
1.162637397646903992e-01
9.450281411409378052e-02
1.094022616744041443e-01
9.450281411409378052e-02
1.259468793869018555e-01
9.450281411409378052e-02
1.341659128665924072e-01
9.680543094873428345e-02
1.193407997488975525e-01
9.680543094873428345e-02
1.186524704098701477e-01
9.680543094873428345e-02
1.346078366041183472e-01
9.680543094873428345e-02
1.187959387898445129e-01
9.741940349340438843e-02
1.206753849983215332e-01
9.741940349340438843e-02
9.054438024759292603e-02
9.741940349340438843e-02
9.719448536634445190e-02
9.741940349340438843e-02
1.055251583456993103e-01
9.686263650655746460e-02
9.475968778133392334e-02
9.686263650655746460e-02
1.119287088513374329e-01
9.686263650655746460e-02
1.014478430151939392e-01
9.405513107776641846e-02
1.687992513179779053e-01
9.405513107776641846e-02
1.197786629199981689e-01
9.405513107776641846e-02
1.272242516279220581e-01
9.405513107776641846e-02
9.455405920743942261e-02
9.855195134878158569e-02
1.535515636205673218e-01
9.855195134878158569e-02
1.088160648941993713e-01
9.855195134878158569e-02
1.064353585243225098e-01
9.855195134878158569e-02
1.396765857934951782e-01
1.031673252582550049e-01
1.359462291002273560e-01
1.031673252582550049e-01
1.085898950695991516e-01
1.031673252582550049e-01
1.274158805608749390e-01
1.031673252582550049e-01
9.831627458333969116e-02
