1.055792495608329773e-01
9.351626038551330566e-02
1.055792495608329773e-01
7.604836672544479370e-02
1.055792495608329773e-01
8.944232016801834106e-02
1.055792495608329773e-01
1.129330471158027649e-01
1.032752022147178650e-01
1.187678128480911255e-01
1.032752022147178650e-01
8.324827998876571655e-02
1.032752022147178650e-01
1.101016774773597717e-01
1.032752022147178650e-01
8.728460222482681274e-02
1.026276722550392151e-01
9.922031313180923462e-02
1.026276722550392151e-01
5.859681218862533569e-02
1.026276722550392151e-01
9.642209857702255249e-02
9.985793381929397583e-02
1.378619819879531860e-01
9.985793381929397583e-02
1.610173434019088745e-01
9.985793381929397583e-02
1.145711913704872131e-01
9.685059636831283569e-02
1.312489658594131470e-01
9.685059636831283569e-02
1.331069767475128174e-01
9.685059636831283569e-02
1.046155914664268494e-01
9.275043755769729614e-02
8.088470250368118286e-02
9.275043755769729614e-02
8.181589096784591675e-02
9.275043755769729614e-02
7.881092280149459839e-02
9.275043755769729614e-02
9.562011808156967163e-02
9.596749395132064819e-02
8.142220973968505859e-02
9.596749395132064819e-02
8.341206610202789307e-02
9.596749395132064819e-02
7.911750674247741699e-02
9.077800065279006958e-02
9.846233576536178589e-02
9.077800065279006958e-02
9.557145833969116211e-02
9.077800065279006958e-02
9.119088202714920044e-02
9.077800065279006958e-02
8.182036876678466797e-02
8.551419526338577271e-02
9.660317003726959229e-02
8.551419526338577271e-02
7.183555513620376587e-02
8.551419526338577271e-02
7.782796770334243774e-02
8.589764684438705444e-02
9.652227908372879028e-02
8.589764684438705444e-02
7.342208176851272583e-02
8.589764684438705444e-02
9.780944138765335083e-02
9.276949614286422729e-02
1.210566386580467224e-01
9.276949614286422729e-02
8.836749941110610962e-02
9.276949614286422729e-02
9.857632219791412354e-02
9.066609293222427368e-02
9.905625134706497192e-02
9.066609293222427368e-02
1.203162968158721924e-01
9.066609293222427368e-02
1.136089488863945007e-01
8.397503942251205444e-02
9.034576267004013062e-02
8.397503942251205444e-02
9.482058882713317871e-02
8.397503942251205444e-02
9.684974700212478638e-02
8.397503942251205444e-02
8.835910260677337646e-02
8.549859374761581421e-02
8.291222900152206421e-02
8.549859374761581421e-02
1.063062623143196106e-01
8.549859374761581421e-02
8.349216729402542114e-02
7.046480476856231689e-02
8.389397710561752319e-02
7.046480476856231689e-02
1.110308468341827393e-01
7.046480476856231689e-02
8.538559824228286743e-02
7.094503939151763916e-02
9.913941472768783569e-02
7.094503939151763916e-02
1.374565660953521729e-01
7.094503939151763916e-02
1.144164875149726868e-01
6.784940510988235474e-02
1.140888556838035583e-01
6.784940510988235474e-02
7.124080508947372437e-02
6.784940510988235474e-02
1.292622238397598267e-01
6.257189810276031494e-02
1.066156849265098572e-01
6.257189810276031494e-02
7.347746938467025757e-02
7.280390709638595581e-02
2.192046307027339935e-02
7.280390709638595581e-02
5.931016057729721069e-02
7.280390709638595581e-02
4.181461781263351440e-02
7.280390709638595581e-02
6.668777018785476685e-02
8.786178380250930786e-02
3.522741794586181641e-02
8.786178380250930786e-02
1.076352819800376892e-01
8.786178380250930786e-02
6.844510883092880249e-02
8.640174567699432373e-02
4.730218648910522461e-02
8.640174567699432373e-02
3.189638257026672363e-02
8.640174567699432373e-02
6.066935509443283081e-02
8.640174567699432373e-02
8.418081700801849365e-02
8.503330498933792114e-02
9.311289340257644653e-02
8.503330498933792114e-02
4.365020245313644409e-02
8.503330498933792114e-02
4.177831113338470459e-02
8.546413481235504150e-02
6.259778141975402832e-02
8.546413481235504150e-02
8.702494949102401733e-02
8.546413481235504150e-02
1.176644936203956604e-01
9.079214185476303101e-02
6.011270731687545776e-02
9.079214185476303101e-02
7.480621337890625000e-02
9.079214185476303101e-02
8.772718161344528198e-02
9.453973919153213501e-02
5.846956372261047363e-02
9.453973919153213501e-02
1.269466131925582886e-01
9.453973919153213501e-02
9.074780344963073730e-02
1.106481179594993591e-01
9.851193428039550781e-02
1.106481179594993591e-01
9.032533317804336548e-02
1.106481179594993591e-01
1.091735288500785828e-01
1.106481179594993591e-01
1.083784252405166626e-01
1.106095835566520691e-01
3.744605183601379395e-02
1.106095835566520691e-01
6.850336492061614990e-02
1.106095835566520691e-01
1.006431952118873596e-01
1.188463494181632996e-01
7.032211124897003174e-02
1.188463494181632996e-01
1.298531889915466309e-01
1.188463494181632996e-01
8.369810879230499268e-02
1.124272346496582031e-01
1.236945912241935730e-01
1.124272346496582031e-01
1.024542376399040222e-01
1.124272346496582031e-01
9.160747379064559937e-02
1.214293539524078369e-01
1.077753007411956787e-01
1.214293539524078369e-01
1.145483627915382385e-01
1.214293539524078369e-01
1.191985681653022766e-01
1.183513849973678589e-01
1.356528699398040771e-01
1.183513849973678589e-01
1.578898280858993530e-01
1.183513849973678589e-01
1.393110603094100952e-01
1.183536499738693237e-01
1.445645838975906372e-01
1.183536499738693237e-01
1.891832500696182251e-01
1.183536499738693237e-01
1.236011534929275513e-01
1.179571449756622314e-01
1.356389373540878296e-01
1.179571449756622314e-01
1.310769766569137573e-01
1.179571449756622314e-01
1.377723366022109985e-01
1.088321954011917114e-01
8.470132201910018921e-02
1.088321954011917114e-01
1.066128760576248169e-01
1.088321954011917114e-01
1.243623346090316772e-01
1.088321954011917114e-01
1.061675325036048889e-01
1.077531650662422180e-01
8.070460706949234009e-02
1.077531650662422180e-01
9.648184478282928467e-02
1.077531650662422180e-01
6.120567768812179565e-02
1.035754308104515076e-01
6.515286862850189209e-02
1.035754308104515076e-01
4.422721266746520996e-02
1.035754308104515076e-01
1.928107440471649170e-01
1.035754308104515076e-01
5.511941313743591309e-01
1.132370531558990479e-01
3.604180365800857544e-02
1.132370531558990479e-01
6.563127040863037109e-02
1.132370531558990479e-01
4.334196075797080994e-02
1.192390322685241699e-01
5.350012332201004028e-02
1.192390322685241699e-01
4.263414442539215088e-02
1.192390322685241699e-01
7.289896905422210693e-02
1.243160218000411987e-01
1.250627636909484863e-01
1.243160218000411987e-01
1.361303776502609253e-01
1.243160218000411987e-01
1.102776974439620972e-01
1.370655745267868042e-01
9.510385245084762573e-02
1.370655745267868042e-01
6.612138450145721436e-02
1.370655745267868042e-01
8.910332620143890381e-02
1.454904824495315552e-01
1.456092745065689087e-01
1.454904824495315552e-01
1.072989404201507568e-01
1.454904824495315552e-01
1.022400483489036560e-01
1.523700207471847534e-01
1.048880144953727722e-01
1.523700207471847534e-01
1.224112287163734436e-01
1.523700207471847534e-01
7.785854488611221313e-02
1.553537994623184204e-01
1.081284061074256897e-01
1.553537994623184204e-01
2.224620729684829712e-01
1.553537994623184204e-01
1.778468042612075806e-01
1.596984118223190308e-01
7.705513387918472290e-02
1.596984118223190308e-01
6.500449776649475098e-02
1.596984118223190308e-01
7.486530393362045288e-02
1.601979136466979980e-01
1.755618602037429810e-01
1.601979136466979980e-01
1.150027886033058167e-01
1.601979136466979980e-01
8.929467946290969849e-02
1.630511432886123657e-01
1.368198990821838379e-01
1.630511432886123657e-01
1.838981509208679199e-01
1.630511432886123657e-01
1.752837747335433960e-01
1.630511432886123657e-01
1.094768643379211426e-01
1.624684333801269531e-01
1.476050168275833130e-01
1.624684333801269531e-01
1.527021378278732300e-01
1.624684333801269531e-01
1.535126864910125732e-01
1.624684333801269531e-01
1.762976497411727905e-01
1.624684333801269531e-01
1.633902937173843384e-01
1.624684333801269531e-01
1.669543534517288208e-01
1.601076126098632812e-01
1.523579359054565430e-01
1.601076126098632812e-01
1.620239764451980591e-01
1.601076126098632812e-01
1.511398404836654663e-01
1.543641686439514160e-01
1.541549712419509888e-01
1.543641686439514160e-01
1.624871939420700073e-01
1.543641686439514160e-01
1.724396795034408569e-01
1.527670770883560181e-01
1.525182276964187622e-01
1.527670770883560181e-01
1.517354398965835571e-01
1.527670770883560181e-01
1.791594177484512329e-01
1.527670770883560181e-01
1.665491312742233276e-01
1.505600959062576294e-01
1.624489873647689819e-01
1.505600959062576294e-01
1.546947360038757324e-01
1.505600959062576294e-01
1.416507065296173096e-01
1.402620524168014526e-01
1.456108838319778442e-01
1.402620524168014526e-01
1.475138813257217407e-01
1.402620524168014526e-01
1.522954553365707397e-01
1.301071345806121826e-01
1.277951151132583618e-01
1.301071345806121826e-01
1.236836165189743042e-01
1.301071345806121826e-01
1.081370338797569275e-01
1.301071345806121826e-01
1.393513828516006470e-01
1.277648359537124634e-01
1.220271959900856018e-01
1.277648359537124634e-01
1.444869339466094971e-01
1.277648359537124634e-01
1.321960985660552979e-01
1.210552230477333069e-01
1.347543746232986450e-01
1.210552230477333069e-01
1.227798536419868469e-01
1.210552230477333069e-01
1.011661216616630554e-01
1.088944450020790100e-01
9.349867701530456543e-02
1.088944450020790100e-01
1.246148198843002319e-01
1.088944450020790100e-01
1.043118163943290710e-01
1.063597127795219421e-01
8.346218615770339966e-02
1.063597127795219421e-01
1.261930614709854126e-01
1.063597127795219421e-01
9.297181665897369385e-02
9.386359900236129761e-02
8.716424554586410522e-02
9.386359900236129761e-02
1.058454439043998718e-01
9.386359900236129761e-02
9.281059354543685913e-02
9.386359900236129761e-02
9.783691912889480591e-02
8.966670185327529907e-02
8.989612013101577759e-02
8.966670185327529907e-02
8.588255196809768677e-02
8.966670185327529907e-02
9.185744076967239380e-02
8.810047060251235962e-02
6.959836930036544800e-02
8.810047060251235962e-02
9.055807441473007202e-02
8.810047060251235962e-02
9.465438872575759888e-02
9.068490564823150635e-02
7.416348159313201904e-02
9.068490564823150635e-02
8.182575553655624390e-02
9.068490564823150635e-02
8.872818946838378906e-02
8.527202159166336060e-02
7.007589191198348999e-02
8.527202159166336060e-02
7.876696437597274780e-02
8.527202159166336060e-02
6.532166898250579834e-02
8.259849250316619873e-02
1.738666296005249023e-01
8.259849250316619873e-02
1.124078705906867981e-01
8.259849250316619873e-02
9.087207168340682983e-02
8.083197474479675293e-02
9.545127302408218384e-02
8.083197474479675293e-02
1.114715933799743652e-01
8.083197474479675293e-02
1.163302138447761536e-01
7.536289840936660767e-02
6.645325571298599243e-02
7.536289840936660767e-02
5.965529382228851318e-02
7.536289840936660767e-02
7.874203473329544067e-02
7.536882907152175903e-02
4.748570173978805542e-02
7.536882907152175903e-02
6.322146952152252197e-02
7.536882907152175903e-02
3.438857942819595337e-02
7.752084732055664062e-02
6.177557259798049927e-02
7.752084732055664062e-02
5.422463268041610718e-02
7.752084732055664062e-02
2.908370271325111389e-02
8.688289672136306763e-02
5.507196485996246338e-02
8.688289672136306763e-02
6.935597956180572510e-02
8.688289672136306763e-02
7.919280976057052612e-02
8.715923875570297241e-02
4.527223110198974609e-02
8.715923875570297241e-02
9.412538260221481323e-02
8.715923875570297241e-02
6.279505044221878052e-02
9.188885241746902466e-02
1.825010627508163452e-01
9.188885241746902466e-02
7.373838871717453003e-02
9.188885241746902466e-02
7.684856653213500977e-02
9.188885241746902466e-02
5.841254442930221558e-02
8.949979394674301147e-02
1.434232443571090698e-01
8.949979394674301147e-02
1.004370078444480896e-01
8.949979394674301147e-02
1.550795584917068481e-01
7.699847966432571411e-02
7.807126641273498535e-02
7.699847966432571411e-02
8.209743350744247437e-02
7.699847966432571411e-02
5.520579963922500610e-02
7.929083704948425293e-02
9.658675640821456909e-02
7.929083704948425293e-02
8.559104055166244507e-02
7.929083704948425293e-02
1.289396733045578003e-01
7.282939553260803223e-02
8.710463345050811768e-02
7.282939553260803223e-02
7.307317107915878296e-02
7.282939553260803223e-02
6.195835024118423462e-02
6.882547587156295776e-02
6.369811296463012695e-02
6.882547587156295776e-02
7.347740232944488525e-02
6.882547587156295776e-02
5.606240779161453247e-02
6.774623692035675049e-02
7.909018546342849731e-02
6.774623692035675049e-02
5.151403695344924927e-02
6.774623692035675049e-02
6.785763055086135864e-02
6.774623692035675049e-02
6.940066069364547729e-02
6.987083703279495239e-02
7.482090592384338379e-02
6.987083703279495239e-02
7.856566458940505981e-02
6.987083703279495239e-02
9.831252694129943848e-02
7.727392017841339111e-02
9.724084287881851196e-02
7.727392017841339111e-02
9.328220039606094360e-02
7.727392017841339111e-02
7.644866406917572021e-02
7.980468869209289551e-02
8.783949166536331177e-02
7.980468869209289551e-02
5.829516053199768066e-02
7.980468869209289551e-02
8.923186361789703369e-02
7.999442517757415771e-02
8.866895735263824463e-02
7.999442517757415771e-02
9.043411165475845337e-02
7.999442517757415771e-02
7.259091734886169434e-02
7.577161490917205811e-02
1.115350723266601562e-01
7.577161490917205811e-02
1.003713607788085938e-01
7.577161490917205811e-02
8.624438941478729248e-02
7.636435329914093018e-02
8.252075314521789551e-02
7.636435329914093018e-02
7.027409225702285767e-02
7.636435329914093018e-02
8.055224269628524780e-02
7.636435329914093018e-02
8.740904182195663452e-02
7.205102592706680298e-02
4.851945489645004272e-02
7.205102592706680298e-02
8.653528988361358643e-02
7.205102592706680298e-02
5.184482038021087646e-02
7.202188670635223389e-02
7.713025063276290894e-02
7.202188670635223389e-02
9.151987731456756592e-02
7.202188670635223389e-02
9.302636981010437012e-02
7.137670367956161499e-02
7.128079235553741455e-02
7.137670367956161499e-02
7.385914772748947144e-02
7.137670367956161499e-02
8.648089319467544556e-02
6.560596078634262085e-02
8.512296527624130249e-02
6.560596078634262085e-02
7.237161695957183838e-02
6.560596078634262085e-02
4.898753762245178223e-02
6.846535205841064453e-02
7.534995675086975098e-02
6.846535205841064453e-02
6.972930580377578735e-02
6.846535205841064453e-02
1.057829037308692932e-01
6.179413199424743652e-02
4.895839095115661621e-02
6.179413199424743652e-02
4.740682244300842285e-02
6.179413199424743652e-02
6.823922693729400635e-02
6.179413199424743652e-02
6.347505003213882446e-02
6.311531364917755127e-02
9.393243491649627686e-02
6.311531364917755127e-02
1.138128414750099182e-01
6.311531364917755127e-02
7.021334022283554077e-02
6.818421930074691772e-02
5.872341245412826538e-02
6.818421930074691772e-02
9.832305461168289185e-02
6.818421930074691772e-02
9.837941080331802368e-02
6.808830052614212036e-02
9.835351258516311646e-02
6.808830052614212036e-02
1.016743034124374390e-01
6.808830052614212036e-02
6.149505078792572021e-02
7.538975775241851807e-02
5.512271076440811157e-02
7.538975775241851807e-02
9.593994915485382080e-02
7.538975775241851807e-02
5.881416797637939453e-02
8.980389684438705444e-02
9.621443599462509155e-02
8.980389684438705444e-02
9.852180629968643188e-02
8.980389684438705444e-02
9.641024470329284668e-02
1.007580384612083435e-01
1.145974174141883850e-01
1.007580384612083435e-01
1.228089332580566406e-01
1.007580384612083435e-01
1.073023378849029541e-01
1.007580384612083435e-01
9.646425396203994751e-02
1.055140867829322815e-01
8.499696105718612671e-02
1.055140867829322815e-01
1.136426702141761780e-01
1.055140867829322815e-01
9.204601496458053589e-02
9.476055204868316650e-02
1.237487718462944031e-01
9.476055204868316650e-02
1.233610063791275024e-01
9.476055204868316650e-02
1.064009219408035278e-01
9.249930828809738159e-02
1.177637651562690735e-01
9.249930828809738159e-02
1.280000358819961548e-01
9.249930828809738159e-02
1.193906292319297791e-01
1.080243438482284546e-01
1.201732233166694641e-01
1.080243438482284546e-01
1.161333099007606506e-01
1.080243438482284546e-01
1.159166395664215088e-01
1.190105676651000977e-01
1.304693967103958130e-01
1.190105676651000977e-01
1.276483535766601562e-01
1.190105676651000977e-01
1.271633505821228027e-01
1.252119839191436768e-01
1.239371001720428467e-01
1.252119839191436768e-01
1.263774037361145020e-01
1.252119839191436768e-01
1.423752009868621826e-01
1.252119839191436768e-01
1.548256874084472656e-01
1.194307282567024231e-01
1.281097829341888428e-01
1.194307282567024231e-01
1.134449318051338196e-01
1.194307282567024231e-01
1.128267869353294373e-01
1.042653322219848633e-01
8.907213807106018066e-02
1.042653322219848633e-01
1.512158811092376709e-01
1.042653322219848633e-01
1.142306849360466003e-01
1.090789511799812317e-01
1.153624653816223145e-01
1.090789511799812317e-01
9.496171772480010986e-02
1.090789511799812317e-01
1.030692085623741150e-01
1.090789511799812317e-01
9.607078880071640015e-02
9.120903909206390381e-02
4.738181084394454956e-02
9.120903909206390381e-02
5.839465558528900146e-02
9.120903909206390381e-02
5.832771211862564087e-02
9.755876660346984863e-02
7.267031073570251465e-02
9.755876660346984863e-02
8.413020521402359009e-02
9.755876660346984863e-02
9.460818022489547729e-02
9.161280840635299683e-02
8.423973619937896729e-02
9.161280840635299683e-02
8.101463317871093750e-02
9.161280840635299683e-02
6.839676946401596069e-02
9.250605106353759766e-02
8.113846927881240845e-02
9.250605106353759766e-02
7.426714152097702026e-02
9.250605106353759766e-02
8.076591044664382935e-02
8.684609830379486084e-02
1.329483985900878906e-01
8.684609830379486084e-02
7.510786503553390503e-02
8.684609830379486084e-02
9.043177217245101929e-02
8.684609830379486084e-02
1.457623094320297241e-01
9.178371727466583252e-02
8.927025645971298218e-02
9.178371727466583252e-02
1.509016454219818115e-01
9.178371727466583252e-02
6.800604611635208130e-02
8.457589149475097656e-02
9.985823184251785278e-02
8.457589149475097656e-02
1.088995710015296936e-01
8.457589149475097656e-02
8.165658265352249146e-02
8.457589149475097656e-02
5.175141245126724243e-02
8.545432984828948975e-02
7.694339752197265625e-02
8.545432984828948975e-02
1.135903671383857727e-01
8.545432984828948975e-02
6.750158220529556274e-02
8.580816537141799927e-02
1.093833222985267639e-01
8.580816537141799927e-02
1.280312240123748779e-01
8.580816537141799927e-02
9.344067424535751343e-02
8.863006532192230225e-02
1.332253813743591309e-01
8.863006532192230225e-02
1.175018325448036194e-01
8.863006532192230225e-02
1.238838806748390198e-01
9.000113606452941895e-02
1.291506737470626831e-01
9.000113606452941895e-02
1.198760345578193665e-01
9.000113606452941895e-02
9.316743910312652588e-02
9.708483517169952393e-02
1.102294474840164185e-01
9.708483517169952393e-02
9.677325189113616943e-02
9.708483517169952393e-02
9.193619340658187866e-02
1.116035953164100647e-01
9.708883613348007202e-02
1.116035953164100647e-01
1.178996041417121887e-01
1.116035953164100647e-01
1.133047193288803101e-01
1.116035953164100647e-01
1.287571638822555542e-01
1.161439195275306702e-01
1.089077517390251160e-01
1.161439195275306702e-01
1.070807054638862610e-01
1.161439195275306702e-01
9.658335894346237183e-02
1.201570853590965271e-01
1.164405345916748047e-01
1.201570853590965271e-01
1.213294193148612976e-01
1.201570853590965271e-01
1.021490097045898438e-01
9.763627499341964722e-02
7.932718843221664429e-02
9.763627499341964722e-02
7.422822713851928711e-02
9.763627499341964722e-02
6.759180128574371338e-02
6.377099454402923584e-02
1.075114384293556213e-01
6.377099454402923584e-02
8.352357894182205200e-02
6.377099454402923584e-02
8.874563127756118774e-02
6.377099454402923584e-02
7.103216648101806641e-02
5.655846744775772095e-02
4.681463539600372314e-02
5.655846744775772095e-02
1.049802675843238831e-01
5.655846744775772095e-02
7.092090696096420288e-02
5.097201466560363770e-02
3.799732029438018799e-02
5.097201466560363770e-02
6.121598184108734131e-03
5.097201466560363770e-02
6.000107154250144958e-03
5.097201466560363770e-02
4.790166392922401428e-03
5.515392869710922241e-02
1.977604441344738007e-02
5.515392869710922241e-02
3.910616785287857056e-02
5.515392869710922241e-02
2.969539538025856018e-02
4.829698801040649414e-02
4.084922373294830322e-02
4.829698801040649414e-02
6.360423564910888672e-02
4.829698801040649414e-02
3.811271488666534424e-02
4.873225837945938110e-02
8.063934743404388428e-02
4.873225837945938110e-02
7.254221290349960327e-02
4.873225837945938110e-02
5.624712258577346802e-02
5.174847692251205444e-02
7.679346203804016113e-02
5.174847692251205444e-02
7.978124171495437622e-02
5.174847692251205444e-02
7.543432712554931641e-02
4.986881464719772339e-02
5.165564268827438354e-02
4.986881464719772339e-02
3.484537452459335327e-02
4.986881464719772339e-02
7.645105570554733276e-02
5.602087825536727905e-02
1.063909605145454407e-01
5.602087825536727905e-02
1.118183955550193787e-01
5.602087825536727905e-02
7.443068921566009521e-02
4.627802968025207520e-02
6.243182718753814697e-02
4.627802968025207520e-02
4.966609179973602295e-02
4.627802968025207520e-02
5.926020443439483643e-02
5.993314832448959351e-02
5.617611855268478394e-02
5.993314832448959351e-02
8.041220903396606445e-02
5.993314832448959351e-02
5.167461931705474854e-02
8.150745183229446411e-02
1.160401254892349243e-01
8.150745183229446411e-02
1.110701635479927063e-01
8.150745183229446411e-02
9.565505385398864746e-02
8.150745183229446411e-02
1.273962855339050293e-01
8.404659479856491089e-02
8.772026747465133667e-02
8.404659479856491089e-02
8.306518942117691040e-02
8.404659479856491089e-02
9.371304512023925781e-02
8.404245227575302124e-02
1.063111722469329834e-01
8.404245227575302124e-02
1.202737167477607727e-01
8.404245227575302124e-02
1.097335144877433777e-01
9.157110750675201416e-02
7.679773867130279541e-02
9.157110750675201416e-02
9.949096292257308960e-02
9.157110750675201416e-02
1.092909276485443115e-01
9.934218972921371460e-02
1.026515290141105652e-01
9.934218972921371460e-02
1.033081039786338806e-01
9.934218972921371460e-02
1.019959747791290283e-01
9.934218972921371460e-02
8.292562514543533325e-02
1.035864800214767456e-01
1.066195890307426453e-01
1.035864800214767456e-01
1.085356473922729492e-01
1.035864800214767456e-01
1.258285492658615112e-01
1.036046594381332397e-01
8.932752162218093872e-02
1.036046594381332397e-01
1.230719462037086487e-01
1.036046594381332397e-01
1.038530841469764709e-01
1.121465489268302917e-01
1.082405596971511841e-01
1.121465489268302917e-01
1.200502067804336548e-01
1.121465489268302917e-01
1.157389506697654724e-01
1.121465489268302917e-01
1.158802434802055359e-01
1.132484972476959229e-01
1.127893999218940735e-01
1.132484972476959229e-01
1.156539246439933777e-01
1.132484972476959229e-01
1.037769615650177002e-01
1.157921999692916870e-01
1.277831345796585083e-01
1.157921999692916870e-01
1.112919226288795471e-01
1.157921999692916870e-01
1.212143227458000183e-01
1.186176314949989319e-01
1.341143399477005005e-01
1.186176314949989319e-01
1.298133432865142822e-01
1.186176314949989319e-01
1.347346603870391846e-01
1.141238138079643250e-01
1.129910126328468323e-01
1.141238138079643250e-01
1.201849207282066345e-01
1.141238138079643250e-01
1.318826675415039062e-01
1.112217083573341370e-01
1.245955154299736023e-01
1.112217083573341370e-01
1.250467300415039062e-01
1.112217083573341370e-01
1.298909187316894531e-01
1.084666028618812561e-01
1.331067383289337158e-01
1.084666028618812561e-01
1.101517900824546814e-01
1.084666028618812561e-01
1.392248123884201050e-01
1.101559847593307495e-01
6.725431978702545166e-02
1.101559847593307495e-01
1.108988747000694275e-01
1.101559847593307495e-01
1.246341094374656677e-01
1.101559847593307495e-01
1.059611961245536804e-01
1.185699477791786194e-01
1.067804172635078430e-01
1.185699477791786194e-01
8.939898759126663208e-02
1.185699477791786194e-01
8.767070621252059937e-02
1.186100840568542480e-01
1.309050023555755615e-01
1.186100840568542480e-01
1.095687747001647949e-01
1.186100840568542480e-01
1.465196311473846436e-01
1.186100840568542480e-01
1.383914202451705933e-01
1.173539906740188599e-01
7.063581049442291260e-02
1.173539906740188599e-01
1.211444810032844543e-01
1.173539906740188599e-01
8.806699514389038086e-02
1.192980855703353882e-01
1.177211478352546692e-01
1.192980855703353882e-01
1.076921671628952026e-01
1.192980855703353882e-01
1.214240491390228271e-01
1.117052584886550903e-01
1.382267922163009644e-01
1.117052584886550903e-01
1.373154371976852417e-01
1.117052584886550903e-01
1.438040882349014282e-01
1.115549057722091675e-01
1.118966415524482727e-01
1.115549057722091675e-01
1.055865958333015442e-01
1.115549057722091675e-01
1.284071952104568481e-01
1.120143979787826538e-01
1.188253313302993774e-01
1.120143979787826538e-01
1.580412238836288452e-01
1.120143979787826538e-01
1.054019927978515625e-01
1.120547801256179810e-01
9.607953578233718872e-02
1.120547801256179810e-01
1.061451435089111328e-01
1.120547801256179810e-01
9.516990929841995239e-02
1.208355203270912170e-01
1.367965489625930786e-01
1.208355203270912170e-01
1.095220372080802917e-01
1.208355203270912170e-01
1.057789251208305359e-01
1.208492144942283630e-01
1.400039941072463989e-01
1.208492144942283630e-01
1.074039861559867859e-01
1.208492144942283630e-01
1.273987889289855957e-01
1.208492144942283630e-01
1.134874150156974792e-01
1.405130922794342041e-01
1.375624090433120728e-01
1.405130922794342041e-01
1.684225946664810181e-01
1.405130922794342041e-01
1.765841990709304810e-01
1.692760437726974487e-01
1.795608252286911011e-01
1.692760437726974487e-01
1.859362721443176270e-01
1.692760437726974487e-01
1.698499768972396851e-01
1.817263662815093994e-01
1.750646084547042847e-01
1.817263662815093994e-01
1.925641149282455444e-01
1.817263662815093994e-01
1.726868003606796265e-01
1.839553266763687134e-01
1.823512762784957886e-01
1.839553266763687134e-01
1.903750449419021606e-01
1.839553266763687134e-01
1.792994588613510132e-01
1.871937662363052368e-01
1.750938445329666138e-01
1.871937662363052368e-01
1.697344630956649780e-01
1.871937662363052368e-01
1.853881627321243286e-01
1.871937662363052368e-01
1.803738623857498169e-01
1.871178150177001953e-01
1.812752336263656616e-01
1.871178150177001953e-01
1.761807054281234741e-01
1.871178150177001953e-01
2.031990140676498413e-01
1.855409592390060425e-01
1.798705607652664185e-01
1.855409592390060425e-01
2.069271951913833618e-01
1.855409592390060425e-01
1.957972496747970581e-01
1.755508631467819214e-01
1.868810355663299561e-01
1.755508631467819214e-01
2.149936407804489136e-01
1.755508631467819214e-01
2.091239243745803833e-01
1.774089187383651733e-01
1.846553832292556763e-01
1.774089187383651733e-01
1.936643421649932861e-01
1.774089187383651733e-01
2.011176794767379761e-01
1.774089187383651733e-01
1.960884034633636475e-01
1.676035970449447632e-01
1.733664870262145996e-01
1.676035970449447632e-01
1.629339456558227539e-01
1.676035970449447632e-01
1.678767353296279907e-01
1.771064698696136475e-01
1.992525309324264526e-01
1.771064698696136475e-01
2.047947049140930176e-01
1.771064698696136475e-01
1.903407126665115356e-01
1.860285699367523193e-01
1.753899008035659790e-01
1.860285699367523193e-01
1.961598247289657593e-01
1.860285699367523193e-01
1.560511440038681030e-01
1.863843053579330444e-01
1.908131092786788940e-01
1.863843053579330444e-01
2.288349419832229614e-01
1.863843053579330444e-01
1.850996315479278564e-01
1.863843053579330444e-01
2.694158256053924561e-01
1.935248821973800659e-01
1.544254869222640991e-01
1.935248821973800659e-01
1.927241533994674683e-01
1.935248821973800659e-01
1.811788827180862427e-01
1.772599369287490845e-01
1.421828120946884155e-01
1.772599369287490845e-01
1.572914272546768188e-01
1.772599369287490845e-01
1.582145839929580688e-01
1.830749362707138062e-01
1.809843033552169800e-01
1.830749362707138062e-01
1.969440430402755737e-01
1.830749362707138062e-01
1.905559897422790527e-01
1.830749362707138062e-01
1.449384838342666626e-01
1.799412667751312256e-01
2.090058177709579468e-01
1.799412667751312256e-01
2.409848868846893311e-01
1.799412667751312256e-01
1.733433604240417480e-01
1.909501254558563232e-01
1.462705582380294800e-01
1.909501254558563232e-01
1.838146299123764038e-01
1.909501254558563232e-01
1.602049469947814941e-01
1.892833560705184937e-01
1.533446758985519409e-01
1.892833560705184937e-01
1.918153464794158936e-01
1.892833560705184937e-01
1.919216364622116089e-01
2.219446748495101929e-01
2.329094260931015015e-01
2.219446748495101929e-01
2.221546173095703125e-01
2.219446748495101929e-01
2.032819837331771851e-01
2.215620130300521851e-01
2.597698867321014404e-01
2.215620130300521851e-01
2.457825541496276855e-01
2.215620130300521851e-01
3.014905154705047607e-01
2.209378331899642944e-01
2.448761165142059326e-01
2.209378331899642944e-01
2.189915329217910767e-01
2.209378331899642944e-01
1.478020697832107544e-01
2.209378331899642944e-01
2.134507596492767334e-01
2.158599048852920532e-01
2.200171500444412231e-01
2.158599048852920532e-01
2.672830522060394287e-01
2.158599048852920532e-01
2.386905997991561890e-01
2.138962596654891968e-01
2.350253313779830933e-01
2.138962596654891968e-01
2.346974164247512817e-01
2.138962596654891968e-01
2.011820375919342041e-01
2.083043754100799561e-01
2.257434129714965820e-01
2.083043754100799561e-01
2.102272659540176392e-01
2.083043754100799561e-01
1.768508106470108032e-01
2.074089944362640381e-01
1.886419802904129028e-01
2.074089944362640381e-01
2.031848281621932983e-01
2.074089944362640381e-01
2.131263017654418945e-01
2.145718187093734741e-01
2.280479818582534790e-01
2.145718187093734741e-01
2.060424536466598511e-01
2.145718187093734741e-01
2.118528932332992554e-01
2.145718187093734741e-01
2.156798094511032104e-01
2.110263705253601074e-01
2.288050502538681030e-01
2.110263705253601074e-01
2.377331852912902832e-01
2.110263705253601074e-01
2.041882574558258057e-01
2.131115347146987915e-01
2.202827483415603638e-01
2.131115347146987915e-01
1.963280737400054932e-01
2.131115347146987915e-01
2.168144285678863525e-01
2.131115347146987915e-01
1.981524080038070679e-01
1.998327225446701050e-01
2.459423989057540894e-01
1.998327225446701050e-01
3.379600346088409424e-01
1.998327225446701050e-01
3.491846323013305664e-01
1.993835717439651489e-01
1.830428689718246460e-01
1.993835717439651489e-01
1.834617108106613159e-01
1.993835717439651489e-01
1.691321581602096558e-01
1.874239295721054077e-01
2.118729203939437866e-01
1.874239295721054077e-01
1.769573539495468140e-01
1.874239295721054077e-01
1.791018098592758179e-01
1.874239295721054077e-01
1.545087844133377075e-01
1.803076714277267456e-01
2.032358497381210327e-01
1.803076714277267456e-01
1.918040364980697632e-01
1.803076714277267456e-01
1.905553191900253296e-01
1.810788065195083618e-01
2.130656093358993530e-01
1.810788065195083618e-01
1.714470833539962769e-01
1.810788065195083618e-01
1.966237127780914307e-01
1.788171082735061646e-01
1.695322096347808838e-01
1.788171082735061646e-01
1.668041348457336426e-01
1.788171082735061646e-01
1.392777562141418457e-01
1.840624362230300903e-01
1.627331525087356567e-01
1.840624362230300903e-01
1.595679074525833130e-01
1.840624362230300903e-01
1.841620057821273804e-01
1.840624362230300903e-01
1.586789637804031372e-01
1.840624362230300903e-01
1.797246187925338745e-01
1.840624362230300903e-01
1.905346214771270752e-01
1.844885498285293579e-01
1.712904423475265503e-01
1.844885498285293579e-01
1.618840545415878296e-01
1.844885498285293579e-01
1.523455530405044556e-01
1.950975507497787476e-01
2.785388231277465820e-01
1.950975507497787476e-01
2.062226682901382446e-01
1.950975507497787476e-01
2.225471287965774536e-01
2.034813314676284790e-01
1.673812121152877808e-01
2.034813314676284790e-01
2.470171898603439331e-01
2.034813314676284790e-01
1.971138566732406616e-01
2.034813314676284790e-01
2.877966463565826416e-01
2.172677069902420044e-01
1.676186174154281616e-01
2.172677069902420044e-01
1.992997378110885620e-01
2.172677069902420044e-01
1.938740462064743042e-01
2.236251384019851685e-01
2.073883861303329468e-01
2.236251384019851685e-01
1.665141731500625610e-01
2.236251384019851685e-01
1.791321039199829102e-01
2.286065667867660522e-01
2.367662042379379272e-01
2.286065667867660522e-01
1.943273842334747314e-01
2.286065667867660522e-01
1.866567879915237427e-01
2.252841740846633911e-01
2.258603423833847046e-01
2.252841740846633911e-01
1.889162808656692505e-01
2.252841740846633911e-01
2.002023011445999146e-01
2.252841740846633911e-01
2.195314317941665649e-01
2.289570868015289307e-01
2.290975302457809448e-01
2.289570868015289307e-01
2.880332767963409424e-01
2.289570868015289307e-01
2.401226311922073364e-01
2.236878871917724609e-01
2.457526326179504395e-01
2.236878871917724609e-01
2.349069565534591675e-01
2.236878871917724609e-01
2.508908808231353760e-01
2.249305099248886108e-01
2.162241488695144653e-01
2.249305099248886108e-01
2.296197265386581421e-01
2.249305099248886108e-01
2.202895283699035645e-01
2.274081856012344360e-01
2.111437171697616577e-01
2.274081856012344360e-01
2.275648862123489380e-01
2.274081856012344360e-01
2.361648082733154297e-01
2.178492099046707153e-01
1.733916252851486206e-01
2.178492099046707153e-01
1.631694734096527100e-01
2.178492099046707153e-01
2.115300148725509644e-01
2.178492099046707153e-01
1.642315834760665894e-01
1.924486905336380005e-01
1.792419552803039551e-01
1.924486905336380005e-01
1.852916628122329712e-01
1.924486905336380005e-01
1.583637446165084839e-01
1.924486905336380005e-01
1.771406680345535278e-01
1.924486905336380005e-01
1.778322011232376099e-01
1.924486905336380005e-01
1.731482893228530884e-01
1.823351830244064331e-01
1.771467775106430054e-01
1.823351830244064331e-01
2.280870229005813599e-01
1.823351830244064331e-01
2.217746824026107788e-01
1.819774657487869263e-01
1.905436068773269653e-01
1.819774657487869263e-01
1.898847371339797974e-01
1.819774657487869263e-01
1.878189295530319214e-01
1.819774657487869263e-01
1.763825118541717529e-01
1.908199191093444824e-01
1.621590107679367065e-01
1.908199191093444824e-01
1.596607118844985962e-01
1.908199191093444824e-01
1.527746766805648804e-01
1.980329900979995728e-01
1.714123785495758057e-01
1.980329900979995728e-01
2.130414992570877075e-01
1.980329900979995728e-01
1.637597531080245972e-01
2.010072171688079834e-01
1.902291029691696167e-01
2.010072171688079834e-01
2.103093415498733521e-01
2.010072171688079834e-01
2.007827162742614746e-01
1.989682316780090332e-01
1.699964404106140137e-01
1.989682316780090332e-01
1.480904519557952881e-01
1.989682316780090332e-01
1.630154103040695190e-01
1.989682316780090332e-01
1.841926872730255127e-01
1.971064060926437378e-01
1.624204367399215698e-01
1.971064060926437378e-01
1.867373436689376831e-01
1.971064060926437378e-01
1.899458467960357666e-01
1.971031874418258667e-01
1.852952986955642700e-01
1.971031874418258667e-01
1.493831872940063477e-01
1.971031874418258667e-01
1.746702790260314941e-01
1.956822425127029419e-01
1.243514791131019592e-01
1.956822425127029419e-01
1.410039514303207397e-01
1.956822425127029419e-01
1.497579813003540039e-01
1.956778764724731445e-01
1.933881640434265137e-01
1.956778764724731445e-01
2.473561465740203857e-01
1.956778764724731445e-01
1.752642542123794556e-01
1.954446285963058472e-01
1.509598195552825928e-01
1.954446285963058472e-01
1.732431203126907349e-01
1.954446285963058472e-01
1.763344854116439819e-01
1.993001550436019897e-01
1.861796230077743530e-01
1.993001550436019897e-01
2.737020552158355713e-01
1.993001550436019897e-01
2.016245871782302856e-01
2.035130411386489868e-01
2.375029623508453369e-01
2.035130411386489868e-01
1.905250400304794312e-01
2.035130411386489868e-01
1.957457512617111206e-01
2.035130411386489868e-01
2.157456129789352417e-01
2.035130411386489868e-01
1.773111969232559204e-01
2.035130411386489868e-01
1.931611448526382446e-01
2.035130411386489868e-01
1.932107359170913696e-01
2.035299539566040039e-01
2.042823582887649536e-01
2.035299539566040039e-01
1.899467557668685913e-01
2.035299539566040039e-01
1.881676763296127319e-01
2.053647786378860474e-01
1.967180520296096802e-01
2.053647786378860474e-01
1.997682601213455200e-01
2.053647786378860474e-01
1.816634088754653931e-01
2.228518426418304443e-01
2.396783977746963501e-01
2.228518426418304443e-01
1.993208378553390503e-01
2.228518426418304443e-01
2.269116193056106567e-01
2.228518426418304443e-01
1.818971484899520874e-01
2.345147579908370972e-01
2.401434481143951416e-01
2.345147579908370972e-01
2.620089054107666016e-01
2.345147579908370972e-01
2.598068714141845703e-01
2.323781102895736694e-01
2.184016108512878418e-01
2.323781102895736694e-01
2.822622954845428467e-01
2.323781102895736694e-01
2.505029439926147461e-01
2.324018329381942749e-01
2.179217934608459473e-01
2.324018329381942749e-01
2.178853899240493774e-01
2.324018329381942749e-01
2.127178907394409180e-01
2.300566136837005615e-01
2.910169064998626709e-01
2.300566136837005615e-01
2.458655089139938354e-01
2.300566136837005615e-01
2.808453738689422607e-01
2.271802574396133423e-01
2.029550522565841675e-01
2.271802574396133423e-01
2.132185846567153931e-01
2.271802574396133423e-01
2.073507457971572876e-01
2.271802574396133423e-01
2.092697769403457642e-01
2.304921150207519531e-01
1.969280689954757690e-01
2.304921150207519531e-01
2.119573354721069336e-01
2.304921150207519531e-01
1.837629824876785278e-01
2.304921150207519531e-01
1.842485815286636353e-01
2.267592400312423706e-01
2.358174175024032593e-01
2.267592400312423706e-01
1.706940978765487671e-01
2.267592400312423706e-01
1.802308559417724609e-01
2.267592400312423706e-01
1.935619264841079712e-01
2.267595231533050537e-01
2.081793546676635742e-01
2.267595231533050537e-01
2.876689434051513672e-01
2.267595231533050537e-01
2.131987065076828003e-01
2.267595231533050537e-01
2.296544462442398071e-01
2.267595231533050537e-01
2.291750758886337280e-01
2.267595231533050537e-01
1.707718223333358765e-01
2.328401505947113037e-01
2.501161396503448486e-01
2.328401505947113037e-01
2.087280452251434326e-01
2.328401505947113037e-01
2.275208681821823120e-01
2.296760827302932739e-01
1.856635063886642456e-01
2.296760827302932739e-01
2.014339715242385864e-01
2.296760827302932739e-01
1.880318820476531982e-01
2.322548776865005493e-01
1.824766546487808228e-01
2.322548776865005493e-01
2.073859125375747681e-01
2.322548776865005493e-01
1.805047243833541870e-01
2.333683818578720093e-01
1.960607171058654785e-01
2.333683818578720093e-01
2.153844386339187622e-01
2.333683818578720093e-01
1.893963962793350220e-01
2.271715551614761353e-01
2.012708634138107300e-01
2.271715551614761353e-01
2.303254753351211548e-01
2.271715551614761353e-01
1.924349814653396606e-01
2.209351807832717896e-01
1.885035783052444458e-01
2.209351807832717896e-01
1.839024424552917480e-01
2.209351807832717896e-01
1.683031469583511353e-01
2.184564918279647827e-01
2.180089503526687622e-01
2.184564918279647827e-01
2.217103093862533569e-01
2.184564918279647827e-01
2.332423776388168335e-01
2.155592590570449829e-01
1.959021240472793579e-01
2.155592590570449829e-01
2.336097806692123413e-01
2.155592590570449829e-01
2.142663747072219849e-01
2.106076627969741821e-01
1.802140325307846069e-01
2.106076627969741821e-01
2.459446638822555542e-01
2.106076627969741821e-01
2.025947719812393188e-01
2.106076627969741821e-01
2.375344485044479370e-01
2.108696550130844116e-01
1.654580533504486084e-01
2.108696550130844116e-01
2.036832720041275024e-01
2.108696550130844116e-01
1.892292648553848267e-01
1.956719160079956055e-01
2.100295275449752808e-01
1.956719160079956055e-01
2.153556644916534424e-01
1.956719160079956055e-01
1.856708228588104248e-01
1.956719160079956055e-01
2.001399248838424683e-01
1.961514353752136230e-01
2.347447723150253296e-01
1.961514353752136230e-01
2.086195796728134155e-01
1.961514353752136230e-01
2.183247804641723633e-01
1.904357522726058960e-01
2.017864733934402466e-01
1.904357522726058960e-01
2.058070003986358643e-01
1.904357522726058960e-01
2.071262449026107788e-01
1.982340067625045776e-01
2.021435946226119995e-01
1.982340067625045776e-01
2.063497900962829590e-01
1.982340067625045776e-01
1.918631792068481445e-01
1.982340067625045776e-01
1.953657567501068115e-01
1.978254169225692749e-01
1.850484758615493774e-01
1.978254169225692749e-01
2.118661999702453613e-01
1.978254169225692749e-01
2.219904363155364990e-01
2.106173485517501831e-01
2.289728522300720215e-01
2.106173485517501831e-01
2.124621570110321045e-01
2.106173485517501831e-01
2.214898318052291870e-01
2.126461416482925415e-01
2.136525064706802368e-01
2.126461416482925415e-01
2.013792693614959717e-01
2.126461416482925415e-01
2.072318643331527710e-01
2.097520232200622559e-01
2.019778639078140259e-01
2.097520232200622559e-01
2.166977226734161377e-01
2.097520232200622559e-01
1.957006007432937622e-01
2.098847329616546631e-01
2.022941261529922485e-01
2.098847329616546631e-01
1.974482387304306030e-01
2.098847329616546631e-01
1.950626522302627563e-01
2.163623124361038208e-01
2.134749442338943481e-01
2.163623124361038208e-01
2.098039239645004272e-01
2.163623124361038208e-01
2.244369983673095703e-01
2.163623124361038208e-01
2.073814421892166138e-01
2.046269029378890991e-01
1.979853659868240356e-01
2.046269029378890991e-01
1.998990774154663086e-01
2.046269029378890991e-01
2.088249921798706055e-01
2.055632174015045166e-01
2.247682064771652222e-01
2.055632174015045166e-01
2.133633941411972046e-01
2.059650570154190063e-01
2.076497226953506470e-01
2.059650570154190063e-01
2.154712677001953125e-01
2.059650570154190063e-01
2.365378439426422119e-01
2.059650570154190063e-01
2.318612039089202881e-01
2.085030525922775269e-01
2.063769549131393433e-01
2.085030525922775269e-01
1.878027915954589844e-01
2.085030525922775269e-01
2.065813541412353516e-01
2.072844654321670532e-01
2.164434194564819336e-01
2.072844654321670532e-01
2.265660613775253296e-01
2.072844654321670532e-01
2.466239780187606812e-01
2.073481231927871704e-01
2.123688459396362305e-01
2.073481231927871704e-01
2.264679521322250366e-01
2.073481231927871704e-01
1.907186061143875122e-01
1.963934898376464844e-01
2.138388007879257202e-01
1.963934898376464844e-01
2.198628336191177368e-01
1.963934898376464844e-01
2.084572464227676392e-01
1.961106806993484497e-01
2.053373903036117554e-01
1.961106806993484497e-01
2.563814222812652588e-01
1.961106806993484497e-01
2.235701531171798706e-01
2.000897079706192017e-01
2.327157407999038696e-01
2.000897079706192017e-01
2.277770787477493286e-01
2.000897079706192017e-01
2.409948706626892090e-01
2.014074921607971191e-01
1.966107338666915894e-01
2.014074921607971191e-01
2.363184094429016113e-01
2.014074921607971191e-01
2.393957376480102539e-01
2.020642310380935669e-01
1.911844760179519653e-01
2.020642310380935669e-01
2.042599171400070190e-01
2.020642310380935669e-01
1.929537802934646606e-01
1.979337930679321289e-01
1.597322970628738403e-01
1.979337930679321289e-01
1.608998626470565796e-01
1.979337930679321289e-01
1.572976559400558472e-01
1.928188353776931763e-01
1.748209595680236816e-01
1.928188353776931763e-01
2.106205821037292480e-01
1.928188353776931763e-01
1.984027475118637085e-01
1.932671815156936646e-01
1.822122484445571899e-01
1.932671815156936646e-01
2.096547335386276245e-01
1.932671815156936646e-01
2.019772082567214966e-01
1.872230321168899536e-01
1.786302179098129272e-01
1.872230321168899536e-01
2.051333338022232056e-01
1.872230321168899536e-01
2.303032726049423218e-01
1.859662383794784546e-01
2.228540778160095215e-01
1.859662383794784546e-01
1.654032915830612183e-01
1.859662383794784546e-01
2.199585437774658203e-01
1.859662383794784546e-01
2.039488404989242554e-01
1.763885915279388428e-01
1.977723687887191772e-01
1.763885915279388428e-01
1.658352315425872803e-01
1.763885915279388428e-01
1.662908494472503662e-01
1.760953217744827271e-01
1.701095253229141235e-01
1.760953217744827271e-01
2.012238651514053345e-01
1.760953217744827271e-01
2.176794856786727905e-01
1.788298785686492920e-01
1.947082430124282837e-01
1.788298785686492920e-01
2.103368788957595825e-01
1.788298785686492920e-01
2.414304763078689575e-01
1.788281649351119995e-01
1.879516392946243286e-01
1.788281649351119995e-01
1.463036090135574341e-01
1.788281649351119995e-01
1.580847799777984619e-01
1.788281649351119995e-01
1.405601203441619873e-01
1.825829744338989258e-01
1.546401828527450562e-01
1.825829744338989258e-01
1.582671403884887695e-01
1.825829744338989258e-01
1.463329941034317017e-01
1.741500347852706909e-01
1.240978315472602844e-01
1.741500347852706909e-01
1.471061706542968750e-01
1.741500347852706909e-01
1.371093839406967163e-01
1.550187617540359497e-01
1.311230957508087158e-01
1.550187617540359497e-01
1.318831741809844971e-01
1.550187617540359497e-01
1.264257729053497314e-01
1.477498412132263184e-01
1.388976871967315674e-01
1.477498412132263184e-01
1.311520785093307495e-01
1.477498412132263184e-01
1.287658959627151489e-01
1.469323784112930298e-01
1.513341814279556274e-01
1.469323784112930298e-01
1.380227506160736084e-01
1.430250108242034912e-01
1.018424332141876221e-01
1.430250108242034912e-01
1.235913932323455811e-01
1.430250108242034912e-01
1.145151332020759583e-01
1.430250108242034912e-01
1.160051152110099792e-01
1.399747729301452637e-01
1.031508222222328186e-01
1.399747729301452637e-01
1.082465574145317078e-01
1.399747729301452637e-01
1.073048114776611328e-01
1.319078952074050903e-01
8.184706419706344604e-02
1.319078952074050903e-01
1.259300708770751953e-01
1.319078952074050903e-01
1.111283525824546814e-01
1.274721324443817139e-01
1.137400642037391663e-01
1.274721324443817139e-01
1.259330958127975464e-01
1.274721324443817139e-01
1.804735809564590454e-01
1.243504956364631653e-01
1.498617082834243774e-01
1.243504956364631653e-01
1.381665617227554321e-01
1.243504956364631653e-01
1.402550637722015381e-01
1.164089664816856384e-01
1.942926496267318726e-01
1.164089664816856384e-01
1.626525670289993286e-01
1.164089664816856384e-01
1.390275806188583374e-01
1.219808533787727356e-01
1.305362731218338013e-01
1.219808533787727356e-01
1.403312236070632935e-01
1.219808533787727356e-01
1.415102630853652954e-01
1.322097629308700562e-01
1.582817584276199341e-01
1.322097629308700562e-01
1.730484664440155029e-01
1.322097629308700562e-01
1.929911524057388306e-01
1.397980749607086182e-01
2.153597921133041382e-01
1.397980749607086182e-01
1.767344623804092407e-01
1.397980749607086182e-01
1.629909574985504150e-01
1.397980749607086182e-01
1.624923199415206909e-01
1.476532667875289917e-01
1.520293503999710083e-01
1.476532667875289917e-01
1.424261033535003662e-01
1.476532667875289917e-01
1.574865430593490601e-01
1.508619785308837891e-01
1.973701715469360352e-01
1.508619785308837891e-01
1.650082617998123169e-01
1.508619785308837891e-01
1.636783331632614136e-01
1.467959880828857422e-01
1.606100350618362427e-01
1.467959880828857422e-01
1.392128318548202515e-01
1.467959880828857422e-01
1.544038206338882446e-01
1.353571712970733643e-01
1.813808381557464600e-01
1.353571712970733643e-01
1.734033077955245972e-01
1.353571712970733643e-01
1.484100520610809326e-01
1.252236217260360718e-01
1.214511170983314514e-01
1.252236217260360718e-01
1.246317401528358459e-01
1.252236217260360718e-01
1.283111125230789185e-01
1.338453590869903564e-01
1.657037883996963501e-01
1.338453590869903564e-01
1.438667178153991699e-01
1.338453590869903564e-01
1.423100084066390991e-01
1.263507753610610962e-01
1.491850614547729492e-01
1.263507753610610962e-01
1.378892213106155396e-01
1.263507753610610962e-01
1.343784928321838379e-01
1.349891275167465210e-01
1.311196237802505493e-01
1.349891275167465210e-01
1.307054907083511353e-01
1.349891275167465210e-01
1.571842581033706665e-01
1.328392326831817627e-01
1.152012348175048828e-01
1.328392326831817627e-01
1.114746183156967163e-01
1.328392326831817627e-01
1.202992424368858337e-01
1.344091743230819702e-01
1.535376310348510742e-01
1.344091743230819702e-01
1.579632908105850220e-01
1.344091743230819702e-01
1.578954011201858521e-01
1.468565613031387329e-01
1.322474330663681030e-01
1.468565613031387329e-01
1.488690823316574097e-01
1.468565613031387329e-01
1.408645957708358765e-01
1.449064910411834717e-01
1.679622828960418701e-01
1.449064910411834717e-01
1.407684981822967529e-01
1.449064910411834717e-01
1.581448763608932495e-01
1.449064910411834717e-01
1.447488516569137573e-01
1.440335810184478760e-01
1.972484737634658813e-01
1.440335810184478760e-01
1.786757409572601318e-01
1.440335810184478760e-01
1.450687199831008911e-01
1.354156583547592163e-01
1.403383910655975342e-01
1.354156583547592163e-01
1.433198601007461548e-01
1.354156583547592163e-01
1.532628685235977173e-01
1.152064427733421326e-01
1.194656267762184143e-01
1.152064427733421326e-01
1.048742607235908508e-01
1.152064427733421326e-01
1.465213149785995483e-01
1.125591471791267395e-01
1.172732338309288025e-01
1.125591471791267395e-01
1.114115417003631592e-01
1.125591471791267395e-01
1.250805258750915527e-01
1.131983622908592224e-01
1.404829174280166626e-01
1.131983622908592224e-01
9.492306411266326904e-02
1.131983622908592224e-01
9.213811904191970825e-02
1.131983622908592224e-01
9.108402580022811890e-02
1.161160245537757874e-01
1.052145585417747498e-01
1.161160245537757874e-01
1.499295234680175781e-01
1.161160245537757874e-01
1.178015992045402527e-01
1.156084463000297546e-01
1.520989388227462769e-01
1.156084463000297546e-01
1.342853754758834839e-01
1.156084463000297546e-01
1.381382495164871216e-01
9.323966503143310547e-02
1.079519912600517273e-01
9.323966503143310547e-02
1.195920929312705994e-01
9.323966503143310547e-02
1.310086995363235474e-01
9.329948574304580688e-02
1.020835265517234802e-01
9.329948574304580688e-02
1.264650225639343262e-01
9.329948574304580688e-02
9.124593436717987061e-02
9.619440883398056030e-02
1.041358634829521179e-01
9.619440883398056030e-02
1.218737438321113586e-01
9.619440883398056030e-02
1.102344170212745667e-01
9.619440883398056030e-02
6.802244484424591064e-02
8.863597363233566284e-02
8.384291082620620728e-02
8.863597363233566284e-02
1.038101911544799805e-01
8.863597363233566284e-02
6.429281085729598999e-02
8.739168196916580200e-02
1.056162863969802856e-01
8.739168196916580200e-02
1.190528944134712219e-01
8.739168196916580200e-02
1.002075001597404480e-01
7.823362201452255249e-02
7.068234682083129883e-02
7.823362201452255249e-02
9.010542184114456177e-02
7.823362201452255249e-02
8.858817815780639648e-02
6.839808076620101929e-02
7.643581181764602661e-02
6.839808076620101929e-02
8.276665210723876953e-02
6.839808076620101929e-02
7.229571789503097534e-02
7.071544975042343140e-02
8.330286294221878052e-02
7.071544975042343140e-02
5.964975059032440186e-02
7.071544975042343140e-02
5.671750009059906006e-02
6.109013408422470093e-02
7.357339560985565186e-02
6.109013408422470093e-02
6.826755404472351074e-02
6.109013408422470093e-02
5.918624997138977051e-02
6.109013408422470093e-02
7.610486447811126709e-02
5.986861884593963623e-02
5.483295023441314697e-02
5.986861884593963623e-02
7.924481481313705444e-02
5.986861884593963623e-02
7.632777839899063110e-02
5.424843728542327881e-02
6.060887873172760010e-02
5.424843728542327881e-02
6.181670725345611572e-02
5.424843728542327881e-02
7.389336079359054565e-02
5.424843728542327881e-02
8.226522803306579590e-02
2.825470827519893646e-02
1.749573275446891785e-02
2.825470827519893646e-02
4.719131439924240112e-02
2.825470827519893646e-02
1.720566488802433014e-02
1.460601761937141418e-02
2.835321240127086639e-02
1.460601761937141418e-02
3.856201469898223877e-02
1.460601761937141418e-02
2.495929412543773651e-02
1.167891360819339752e-02
4.733496904373168945e-02
1.167891360819339752e-02
6.090932339429855347e-02
1.167891360819339752e-02
3.043361566960811615e-02
1.025711186230182648e-02
-5.796063691377639771e-03
1.025711186230182648e-02
1.446860097348690033e-02
1.025711186230182648e-02
3.879338502883911133e-02
8.132779970765113831e-03
3.489728271961212158e-02
8.132779970765113831e-03
2.906038053333759308e-02
8.132779970765113831e-03
8.527332544326782227e-02
8.132779970765113831e-03
7.821144908666610718e-02
9.004600346088409424e-03
2.130610868334770203e-03
9.004600346088409424e-03
4.838837683200836182e-02
9.004600346088409424e-03
3.456056118011474609e-02
9.004600346088409424e-03
-1.636821217834949493e-02
8.554423227906227112e-03
1.256824284791946411e-02
8.554423227906227112e-03
-2.625640667974948883e-02
8.554423227906227112e-03
1.287428848445415497e-02
3.314781934022903442e-04
1.588388904929161072e-02
3.314781934022903442e-04
3.885409981012344360e-02
3.314781934022903442e-04
4.944181069731712341e-03
1.170460693538188934e-02
5.272319540381431580e-03
1.170460693538188934e-02
-2.202710136771202087e-03
1.170460693538188934e-02
1.956976205110549927e-02
1.170460693538188934e-02
2.442947961390018463e-02
1.539457403123378754e-02
3.339403122663497925e-02
1.539457403123378754e-02
8.181389421224594116e-04
1.539457403123378754e-02
7.507620379328727722e-03
1.539457403123378754e-02
-1.206609047949314117e-02
1.261895522475242615e-03
2.570100314915180206e-02
1.261895522475242615e-03
-3.525968641042709351e-04
1.261895522475242615e-03
5.748090893030166626e-02
2.145959064364433289e-03
-9.561838582158088684e-03
2.145959064364433289e-03
3.944745659828186035e-02
2.145959064364433289e-03
2.922479435801506042e-02
-2.893822267651557922e-03
-6.988923996686935425e-04
-2.893822267651557922e-03
-1.353239640593528748e-03
-2.893822267651557922e-03
-2.053216658532619476e-02
-9.789677336812019348e-03
-1.644360087811946869e-02
-9.789677336812019348e-03
-2.458966709673404694e-02
-9.789677336812019348e-03
-1.435826160013675690e-02
-1.019653864204883575e-02
5.875727161765098572e-03
-1.019653864204883575e-02
-6.004611030220985413e-03
-1.019653864204883575e-02
-9.338783100247383118e-03
-1.850652880966663361e-02
-1.251010410487651825e-02
-1.850652880966663361e-02
-1.970955170691013336e-02
-1.850652880966663361e-02
-2.782330103218555450e-02
-1.850674115121364594e-02
-2.070300839841365814e-02
-1.850674115121364594e-02
-3.458753973245620728e-02
-1.850674115121364594e-02
-2.699672617018222809e-02
-1.850674115121364594e-02
-7.708480581641197205e-03
9.587574750185012817e-04
-1.565362326800823212e-02
9.587574750185012817e-04
3.505373373627662659e-03
9.587574750185012817e-04
-1.187207363545894623e-02
-6.332395598292350769e-03
2.228137105703353882e-03
-6.332395598292350769e-03
2.120496705174446106e-02
-6.332395598292350769e-03
1.102143153548240662e-02
-6.332395598292350769e-03
-1.266600005328655243e-02
-1.093037985265254974e-02
-2.934305556118488312e-02
-1.093037985265254974e-02
-2.696315012872219086e-02
-1.093037985265254974e-02
-2.527058683335781097e-02
-1.646821759641170502e-02
-4.590829461812973022e-02
-1.646821759641170502e-02
-4.411455988883972168e-02
-1.646821759641170502e-02
-3.572636097669601440e-02
-1.671198196709156036e-02
-2.264074049890041351e-02
-1.671198196709156036e-02
-2.145181782543659210e-02
-1.671198196709156036e-02
-3.155151009559631348e-02
-1.213852129876613617e-02
-1.252342760562896729e-02
-1.213852129876613617e-02
-1.825353689491748810e-02
-1.213852129876613617e-02
-3.704698756337165833e-03
-1.213852129876613617e-02
-2.306962944567203522e-02
-1.247545145452022552e-02
3.747420385479927063e-03
-1.247545145452022552e-02
-1.423885859549045563e-02
-1.247545145452022552e-02
1.428121700882911682e-03
-1.904510892927646637e-02
-2.580024488270282745e-02
-1.904510892927646637e-02
-1.958999596536159515e-02
-1.904510892927646637e-02
-1.527134329080581665e-02
-7.791159674525260925e-03
-7.410639896988868713e-03
-7.791159674525260925e-03
-8.836345747113227844e-03
-7.791159674525260925e-03
-1.041261479258537292e-03
-8.632024750113487244e-03
3.219319507479667664e-03
-8.632024750113487244e-03
9.535901248455047607e-03
-8.632024750113487244e-03
1.061526127159595490e-02
-5.057277157902717590e-03
2.750130556523799896e-02
-5.057277157902717590e-03
2.147346735000610352e-02
-5.057277157902717590e-03
3.534793108701705933e-02
1.641811430454254150e-02
3.223174810409545898e-02
1.641811430454254150e-02
2.453280799090862274e-02
1.641811430454254150e-02
3.319233655929565430e-02
1.641811430454254150e-02
4.241793602705001831e-02
2.247129194438457489e-02
1.423933915793895721e-02
2.247129194438457489e-02
2.830032818019390106e-02
2.247129194438457489e-02
3.260843455791473389e-03
2.749083377420902252e-02
3.641960769891738892e-02
2.749083377420902252e-02
3.881446644663810730e-02
2.749083377420902252e-02
4.407426714897155762e-02
2.855333127081394196e-02
5.903818458318710327e-02
2.855333127081394196e-02
4.310428351163864136e-02
2.855333127081394196e-02
3.732147812843322754e-02
2.855333127081394196e-02
2.996699884533882141e-02
2.630568109452724457e-02
1.676839962601661682e-02
2.630568109452724457e-02
3.644196689128875732e-02
2.630568109452724457e-02
3.845851868391036987e-02
2.358325012028217316e-02
2.573622204363346100e-02
2.358325012028217316e-02
2.931789681315422058e-02
2.358325012028217316e-02
2.200059965252876282e-02
1.449017971754074097e-02
3.884145617485046387e-02
1.449017971754074097e-02
5.144275724887847900e-02
1.449017971754074097e-02
3.804751858115196228e-02
2.218508161604404449e-02
3.317598253488540649e-03
2.218508161604404449e-02
3.381477668881416321e-03
2.218508161604404449e-02
3.906388580799102783e-02
2.218508161604404449e-02
2.053866907954216003e-02
2.976945415139198303e-02
2.292687632143497467e-02
2.976945415139198303e-02
2.130124159157276154e-02
2.976945415139198303e-02
1.428085938096046448e-02
2.873913943767547607e-02
2.686837688088417053e-02
2.873913943767547607e-02
4.023682326078414917e-02
2.873913943767547607e-02
5.792977288365364075e-03
2.680062130093574524e-02
1.067787408828735352e-03
2.680062130093574524e-02
-8.682673797011375427e-03
2.680062130093574524e-02
1.308066584169864655e-02
1.050858758389949799e-02
4.735966771841049194e-02
1.050858758389949799e-02
3.970260173082351685e-02
1.050858758389949799e-02
4.678235203027725220e-02
1.006046310067176819e-03
3.698199987411499023e-02
1.006046310067176819e-03
-2.151826210319995880e-02
1.006046310067176819e-03
-1.297673396766185760e-02
1.006046310067176819e-03
-5.912799388170242310e-04
-1.579926349222660065e-02
-1.191630214452743530e-02
-1.579926349222660065e-02
1.416120491921901703e-02
-1.579926349222660065e-02
-2.098107151687145233e-02
-1.691792346537113190e-02
2.007788047194480896e-02
-1.691792346537113190e-02
2.606428228318691254e-02
-1.691792346537113190e-02
-1.632413454353809357e-02
-1.847309805452823639e-02
-1.976921968162059784e-02
-1.847309805452823639e-02
-1.889382489025592804e-02
-1.847309805452823639e-02
-3.637550026178359985e-02
-1.568294689059257507e-02
-2.625144086778163910e-02
-1.568294689059257507e-02
-6.647851318120956421e-02
-1.568294689059257507e-02
-2.860749326646327972e-02
-1.568294689059257507e-02
-3.895524144172668457e-02
-1.655894704163074493e-02
-3.130178153514862061e-02
-1.655894704163074493e-02
1.582010649144649506e-02
-1.655894704163074493e-02
-2.686689980328083038e-02
-1.811801828444004059e-02
2.539253793656826019e-02
-1.811801828444004059e-02
1.260401681065559387e-03
-1.811801828444004059e-02
-1.902912743389606476e-02
-1.407659985125064850e-02
9.404527023434638977e-03
-1.407659985125064850e-02
-3.394753485918045044e-02
-1.407659985125064850e-02
-3.182689845561981201e-02
-1.407659985125064850e-02
-5.089768022298812866e-02
-5.307598039507865906e-03
-4.578746855258941650e-02
-5.307598039507865906e-03
-2.431480027735233307e-02
-5.307598039507865906e-03
1.408960670232772827e-03
1.049645058810710907e-02
4.873694479465484619e-02
1.049645058810710907e-02
5.776835978031158447e-02
1.049645058810710907e-02
-2.161956764757633209e-02
1.887105591595172882e-02
3.543040156364440918e-02
1.887105591595172882e-02
4.233819246292114258e-02
1.887105591595172882e-02
5.921086296439170837e-03
2.150463871657848358e-02
-2.255547232925891876e-02
2.150463871657848358e-02
-2.854493074119091034e-02
2.150463871657848358e-02
-1.022053323686122894e-02
2.150463871657848358e-02
4.506611078977584839e-02
3.390653431415557861e-02
-6.076238304376602173e-02
3.390653431415557861e-02
3.652937710285186768e-02
3.390653431415557861e-02
-3.872638195753097534e-02
3.518953919410705566e-02
-2.883681096136569977e-02
3.518953919410705566e-02
-2.150769717991352081e-02
3.518953919410705566e-02
-1.321217045187950134e-03
3.492112457752227783e-02
-5.461719632148742676e-02
3.492112457752227783e-02
2.133106812834739685e-03
3.492112457752227783e-02
-3.236396610736846924e-02
3.034622035920619965e-02
5.202059447765350342e-02
3.034622035920619965e-02
4.594527184963226318e-02
3.034622035920619965e-02
6.871537864208221436e-02
3.034622035920619965e-02
6.256120651960372925e-02
2.953450195491313934e-02
4.466744512319564819e-02
2.953450195491313934e-02
-2.097961492836475372e-02
2.953450195491313934e-02
-1.970263011753559113e-02
2.953450195491313934e-02
-1.816046424210071564e-02
3.126637637615203857e-02
-3.719381242990493774e-02
3.126637637615203857e-02
-2.845343761146068573e-02
3.126637637615203857e-02
-1.797918416559696198e-02
3.256791085004806519e-02
-1.839550398290157318e-02
3.256791085004806519e-02
-2.604709379374980927e-02
3.256791085004806519e-02
-3.275803476572036743e-02
4.413301497697830200e-02
4.509589076042175293e-02
4.413301497697830200e-02
1.240745373070240021e-02
4.413301497697830200e-02
1.657301560044288635e-03
4.658744484186172485e-02
3.468029946088790894e-02
4.658744484186172485e-02
3.913717716932296753e-02
4.658744484186172485e-02
2.882902137935161591e-02
3.884162008762359619e-02
3.148896992206573486e-02
3.884162008762359619e-02
4.612298309803009033e-02
3.884162008762359619e-02
2.536975033581256866e-02
3.676090389490127563e-02
4.193760454654693604e-02
3.676090389490127563e-02
4.582606256008148193e-02
3.676090389490127563e-02
9.057918190956115723e-02
3.676090389490127563e-02
3.649558126926422119e-02
4.130917042493820190e-02
4.841662198305130005e-02
4.130917042493820190e-02
7.127431035041809082e-02
4.130917042493820190e-02
7.143821567296981812e-02
4.606708884239196777e-02
6.073515117168426514e-02
4.606708884239196777e-02
7.106223702430725098e-02
4.606708884239196777e-02
8.265815675258636475e-02
4.606708884239196777e-02
5.265892297029495239e-02
4.942631721496582031e-02
6.543396413326263428e-02
4.942631721496582031e-02
4.885517060756683350e-02
4.942631721496582031e-02
7.999711483716964722e-02
4.754453152418136597e-02
7.153861224651336670e-02
4.754453152418136597e-02
8.098854124546051025e-02
4.754453152418136597e-02
5.629608780145645142e-02
4.754453152418136597e-02
7.743476331233978271e-02
4.773721098899841309e-02
6.770001351833343506e-02
4.773721098899841309e-02
7.017978280782699585e-02
4.773721098899841309e-02
7.781716436147689819e-02
3.220338374376296997e-02
6.157106906175613403e-02
3.220338374376296997e-02
6.931173801422119141e-02
3.220338374376296997e-02
3.721798211336135864e-02
3.175279498100280762e-02
7.675285637378692627e-02
3.175279498100280762e-02
5.977996438741683960e-02
3.175279498100280762e-02
5.383615195751190186e-02
3.175279498100280762e-02
4.415993392467498779e-02
3.594294935464859009e-02
8.421935886144638062e-02
3.594294935464859009e-02
6.983257830142974854e-02
3.594294935464859009e-02
8.907095342874526978e-02
3.720048069953918457e-02
3.668009489774703979e-02
3.720048069953918457e-02
3.271073848009109497e-02
3.720048069953918457e-02
4.841605573892593384e-02
3.634102642536163330e-02
5.650631338357925415e-02
3.634102642536163330e-02
8.527784794569015503e-02
3.634102642536163330e-02
7.204405963420867920e-02
3.634102642536163330e-02
6.752617657184600830e-02
3.767482191324234009e-02
4.091106355190277100e-02
3.767482191324234009e-02
2.408011071383953094e-02
3.767482191324234009e-02
5.436093360185623169e-02
3.466907143592834473e-02
1.809678040444850922e-02
3.466907143592834473e-02
5.272789299488067627e-02
3.466907143592834473e-02
5.187793076038360596e-02
3.635482490062713623e-02
4.190818965435028076e-02
3.635482490062713623e-02
3.160904347896575928e-02
3.635482490062713623e-02
4.179266840219497681e-02
3.635482490062713623e-02
4.844009876251220703e-02
3.287322074174880981e-02
3.207045793533325195e-02
3.287322074174880981e-02
3.389573097229003906e-02
3.287322074174880981e-02
3.604730218648910522e-02
2.576605416834354401e-02
4.015655070543289185e-02
2.576605416834354401e-02
1.778631843626499176e-02
2.576605416834354401e-02
2.923005260527133942e-02
4.706012457609176636e-02
5.128959566354751587e-02
4.706012457609176636e-02
6.126494705677032471e-02
4.706012457609176636e-02
5.285672843456268311e-02
4.583557695150375366e-02
5.987392365932464600e-02
4.583557695150375366e-02
5.937843769788742065e-02
4.583557695150375366e-02
6.260512769222259521e-02
4.891416430473327637e-02
5.552805960178375244e-02
4.891416430473327637e-02
4.280138015747070312e-02
4.891416430473327637e-02
4.894804209470748901e-02
4.547745734453201294e-02
3.167693316936492920e-02
4.547745734453201294e-02
3.938140720129013062e-02
4.547745734453201294e-02
2.537653036415576935e-02
4.547745734453201294e-02
5.141948908567428589e-02
4.096949845552444458e-02
4.615954309701919556e-02
4.096949845552444458e-02
2.257077954709529877e-02
4.096949845552444458e-02
4.125206917524337769e-02
4.999566078186035156e-02
4.734071344137191772e-02
4.999566078186035156e-02
4.656974226236343384e-02
4.999566078186035156e-02
5.316485464572906494e-02
4.959381371736526489e-02
6.785988807678222656e-02
4.959381371736526489e-02
5.047531425952911377e-02
4.959381371736526489e-02
5.282092094421386719e-02
5.103334784507751465e-02
8.321597427129745483e-02
5.103334784507751465e-02
4.923047870397567749e-02
5.103334784507751465e-02
5.236493051052093506e-02
5.341091006994247437e-02
6.104213744401931763e-02
5.341091006994247437e-02
4.415882378816604614e-02
5.341091006994247437e-02
4.927046597003936768e-02
5.274617671966552734e-02
4.838260263204574585e-02
5.274617671966552734e-02
4.179771244525909424e-02
5.274617671966552734e-02
4.745864123106002808e-02
5.114182829856872559e-02
3.890123218297958374e-02
5.114182829856872559e-02
4.713428765535354614e-02
5.114182829856872559e-02
8.249319344758987427e-02
5.114182829856872559e-02
5.701491236686706543e-02
4.908356815576553345e-02
3.704677522182464600e-02
4.908356815576553345e-02
7.489550858736038208e-02
4.908356815576553345e-02
9.187784045934677124e-02
4.854087531566619873e-02
4.443340003490447998e-02
4.854087531566619873e-02
4.419945925474166870e-02
4.854087531566619873e-02
2.839892916381359100e-02
4.854087531566619873e-02
2.646882645785808563e-02
4.372021555900573730e-02
8.664347976446151733e-02
4.372021555900573730e-02
7.510811835527420044e-02
4.372021555900573730e-02
7.196846604347229004e-02
3.832400590181350708e-02
5.050281435251235962e-02
3.832400590181350708e-02
5.630887299776077271e-02
3.832400590181350708e-02
9.950871765613555908e-02
3.938110917806625366e-02
2.810201607644557953e-02
3.938110917806625366e-02
5.847618728876113892e-02
3.938110917806625366e-02
4.628082364797592163e-02
5.279210209846496582e-02
1.600734293460845947e-01
5.279210209846496582e-02
9.645424038171768188e-02
5.279210209846496582e-02
7.149349898099899292e-02
5.487118661403656006e-02
6.768646836280822754e-02
5.487118661403656006e-02
6.920658051967620850e-02
5.487118661403656006e-02
9.145606309175491333e-02
5.203513801097869873e-02
3.283432126045227051e-02
5.203513801097869873e-02
5.097350478172302246e-02
5.203513801097869873e-02
7.942216843366622925e-02
5.576826632022857666e-02
4.681292921304702759e-02
5.576826632022857666e-02
6.739304959774017334e-02
5.576826632022857666e-02
2.913848869502544403e-02
5.032135546207427979e-02
7.031298428773880005e-02
5.032135546207427979e-02
4.331312328577041626e-02
5.032135546207427979e-02
7.048279792070388794e-02
5.009730905294418335e-02
6.718397140502929688e-02
5.009730905294418335e-02
3.261944651603698730e-02
5.009730905294418335e-02
7.625149935483932495e-02
5.372666567564010620e-02
4.403413087129592896e-02
5.372666567564010620e-02
3.682092577219009399e-02
5.372666567564010620e-02
6.236137449741363525e-02
5.372666567564010620e-02
9.299010783433914185e-02
5.372666567564010620e-02
6.519416719675064087e-02
5.372666567564010620e-02
5.457946658134460449e-02
5.717262625694274902e-02
6.519395112991333008e-02
5.717262625694274902e-02
3.633752465248107910e-02
5.717262625694274902e-02
9.568374603986740112e-02
6.482560187578201294e-02
9.605401009321212769e-02
6.482560187578201294e-02
1.030066609382629395e-01
6.482560187578201294e-02
5.895804613828659058e-02
6.615883111953735352e-02
1.613332144916057587e-02
6.615883111953735352e-02
5.052457004785537720e-02
6.615883111953735352e-02
3.032472543418407440e-02
6.820743530988693237e-02
4.581405967473983765e-02
6.820743530988693237e-02
1.988948695361614227e-02
6.820743530988693237e-02
5.076929181814193726e-02
6.802712380886077881e-02
4.341910034418106079e-02
6.802712380886077881e-02
2.088393457233905792e-02
6.802712380886077881e-02
-2.469165250658988953e-03
6.830962002277374268e-02
5.772440880537033081e-02
6.830962002277374268e-02
7.085449248552322388e-02
6.830962002277374268e-02
4.089667648077011108e-02
7.161137461662292480e-02
4.946733266115188599e-02
7.161137461662292480e-02
9.953126311302185059e-02
7.161137461662292480e-02
3.110295236110687256e-01
7.651221007108688354e-02
1.552059315145015717e-02
7.651221007108688354e-02
4.519317299127578735e-02
7.651221007108688354e-02
2.417599968612194061e-02
8.481449633836746216e-02
4.109065979719161987e-02
8.481449633836746216e-02
5.442964285612106323e-02
8.481449633836746216e-02
2.983627654612064362e-02
8.243783563375473022e-02
6.235435605049133301e-02
8.243783563375473022e-02
7.837195694446563721e-02
8.243783563375473022e-02
2.278096042573451996e-02
8.978606015443801880e-02
5.867294967174530029e-02
8.978606015443801880e-02
1.101401969790458679e-01
8.978606015443801880e-02
1.334037035703659058e-01
8.523810654878616333e-02
1.406079679727554321e-01
8.523810654878616333e-02
6.955066323280334473e-02
8.523810654878616333e-02
7.192704081535339355e-02
8.104670792818069458e-02
8.648361265659332275e-02
8.104670792818069458e-02
1.060933992266654968e-01
8.104670792818069458e-02
8.498450368642807007e-02
8.102279901504516602e-02
8.387694507837295532e-02
8.102279901504516602e-02
9.189843386411666870e-02
8.102279901504516602e-02
8.404458314180374146e-02
7.949969172477722168e-02
8.800389617681503296e-02
7.949969172477722168e-02
7.974062860012054443e-02
7.949969172477722168e-02
8.972179889678955078e-02
7.975351810455322266e-02
8.618594706058502197e-02
7.975351810455322266e-02
7.927004247903823853e-02
8.028133213520050049e-02
8.638273179531097412e-02
8.028133213520050049e-02
7.872262597084045410e-02
8.028133213520050049e-02
6.876332312822341919e-02
8.028133213520050049e-02
7.812172174453735352e-02
8.733875304460525513e-02
8.266765624284744263e-02
8.733875304460525513e-02
7.554250210523605347e-02
8.733875304460525513e-02
1.370304077863693237e-01
8.849646151065826416e-02
1.030181348323822021e-01
8.849646151065826416e-02
8.368587493896484375e-02
8.849646151065826416e-02
6.858555972576141357e-02
8.519530296325683594e-02
7.460605353116989136e-02
8.519530296325683594e-02
9.186735004186630249e-02
8.519530296325683594e-02
9.107121825218200684e-02
8.282718062400817871e-02
7.836619019508361816e-02
8.282718062400817871e-02
6.547754257917404175e-02
8.282718062400817871e-02
8.210112899541854858e-02
9.947509318590164185e-02
7.754891365766525269e-02
9.947509318590164185e-02
9.853417426347732544e-02
9.947509318590164185e-02
8.792067319154739380e-02
9.947509318590164185e-02
8.618698269128799438e-02
1.008871123194694519e-01
7.187085598707199097e-02
1.008871123194694519e-01
1.035941168665885925e-01
1.008871123194694519e-01
9.043883532285690308e-02
1.002612709999084473e-01
8.596988022327423096e-02
1.002612709999084473e-01
6.501405686140060425e-02
1.002612709999084473e-01
8.255208283662796021e-02
1.002612709999084473e-01
8.209311962127685547e-02
1.016992032527923584e-01
8.090537786483764648e-02
1.016992032527923584e-01
1.057380363345146179e-01
1.016992032527923584e-01
1.035170629620552063e-01
9.225545078516006470e-02
7.132630795240402222e-02
9.225545078516006470e-02
6.845853477716445923e-02
9.225545078516006470e-02
7.111052423715591431e-02
8.721747249364852905e-02
8.386337012052536011e-02
8.721747249364852905e-02
6.205864250659942627e-02
8.721747249364852905e-02
4.410471767187118530e-02
6.324802339076995850e-02
6.133949011564254761e-02
6.324802339076995850e-02
8.011521399021148682e-02
6.324802339076995850e-02
5.722802877426147461e-02
6.324802339076995850e-02
5.418489873409271240e-02
5.935865640640258789e-02
3.395572304725646973e-02
5.935865640640258789e-02
5.106440186500549316e-02
5.935865640640258789e-02
4.358899593353271484e-02
5.225139111280441284e-02
7.269682735204696655e-02
5.225139111280441284e-02
5.188285559415817261e-02
5.225139111280441284e-02
3.500059247016906738e-02
4.657166451215744019e-02
5.398045480251312256e-02
4.657166451215744019e-02
4.548136889934539795e-02
4.657166451215744019e-02
4.532290995121002197e-02
4.657166451215744019e-02
2.651866339147090912e-02
3.126719594001770020e-02
9.533545002341270447e-03
3.126719594001770020e-02
2.829738520085811615e-02
3.126719594001770020e-02
3.498270362615585327e-02
2.074091695249080658e-02
3.802738338708877563e-02
2.074091695249080658e-02
-2.396224066615104675e-03
2.074091695249080658e-02
8.446309715509414673e-03
2.074091695249080658e-02
-1.285875216126441956e-03
-3.431625664234161377e-04
-1.836302317678928375e-02
-3.431625664234161377e-04
-1.165636628866195679e-02
-3.431625664234161377e-04
-1.004775054752826691e-02
-2.771578729152679443e-03
3.416209667921066284e-02
-2.771578729152679443e-03
-2.475857734680175781e-03
-2.771578729152679443e-03
-3.655731678009033203e-03
-2.771578729152679443e-03
-9.065881371498107910e-03
-1.294306665658950806e-02
5.161549896001815796e-03
-1.294306665658950806e-02
-4.514075815677642822e-03
-1.294306665658950806e-02
2.213466912508010864e-03
-1.868006773293018341e-02
-1.158287003636360168e-02
-1.868006773293018341e-02
-2.143521793186664581e-02
-1.868006773293018341e-02
-3.339455276727676392e-02
-1.868006773293018341e-02
-1.246168836951255798e-02
-2.730345167219638824e-02
-2.755490131676197052e-02
-2.730345167219638824e-02
-1.363906450569629669e-02
-2.730345167219638824e-02
-2.512423135340213776e-02
-4.086467623710632324e-02
-4.518558084964752197e-02
-4.086467623710632324e-02
-7.569263875484466553e-02
-4.086467623710632324e-02
-7.120383530855178833e-02
-4.086467623710632324e-02
-4.310093820095062256e-02
-4.414723068475723267e-02
-5.525650829076766968e-02
-4.414723068475723267e-02
-7.453114539384841919e-02
-4.414723068475723267e-02
-6.921801716089248657e-02
-4.414492100477218628e-02
-3.957626223564147949e-02
-4.414492100477218628e-02
-5.079076439142227173e-02
-4.414492100477218628e-02
-4.813022166490554810e-02
-4.457677155733108521e-02
-5.914886295795440674e-02
-4.457677155733108521e-02
-5.415765196084976196e-02
-4.457677155733108521e-02
-4.978377372026443481e-02
-3.301256150007247925e-02
-4.307404160499572754e-02
-3.301256150007247925e-02
-3.837367147207260132e-02
-3.301256150007247925e-02
-4.667723178863525391e-02
-2.694767899811267853e-02
-2.674270235002040863e-02
-2.694767899811267853e-02
-2.005653455853462219e-03
-2.694767899811267853e-02
-1.716636307537555695e-02
-2.289000339806079865e-02
-2.696303464472293854e-02
-2.289000339806079865e-02
-2.945504523813724518e-02
-2.289000339806079865e-02
-2.228508330881595612e-02
-2.289094217121601105e-02
-2.342536859214305878e-02
-2.289094217121601105e-02
-3.275530040264129639e-02
-2.289094217121601105e-02
-3.797754645347595215e-02
-2.289094217121601105e-02
-7.685564458370208740e-03
-2.252101339399814606e-02
-3.739991784095764160e-02
-2.252101339399814606e-02
-1.234696246683597565e-02
-2.252101339399814606e-02
-2.891726233065128326e-02
-8.914217352867126465e-03
7.134540006518363953e-03
-8.914217352867126465e-03
-1.840418204665184021e-03
-8.914217352867126465e-03
-1.825314201414585114e-02
-8.914217352867126465e-03
6.552366539835929871e-03
-8.914217352867126465e-03
2.127957157790660858e-02
-8.914217352867126465e-03
1.146179251372814178e-02
-8.914217352867126465e-03
-3.991815447807312012e-02
-8.914217352867126465e-03
-2.561272121965885162e-02
-8.914217352867126465e-03
-5.091942846775054932e-02
-7.776491343975067139e-03
-3.394923359155654907e-02
-7.776491343975067139e-03
-1.527334377169609070e-02
-7.776491343975067139e-03
-2.957418747246265411e-02
-7.776491343975067139e-03
-3.468666970729827881e-02
-7.806675508618354797e-03
-1.362574100494384766e-02
-7.806675508618354797e-03
-1.107568852603435516e-02
-7.806675508618354797e-03
-1.321205310523509979e-02
-7.806675508618354797e-03
-3.316175937652587891e-02
-7.827933877706527710e-04
-4.158237949013710022e-03
-7.827933877706527710e-04
-1.124165765941143036e-02
-7.827933877706527710e-04
-3.952533006668090820e-06
1.425910741090774536e-03
1.735917292535305023e-02
1.425910741090774536e-03
-2.452790178358554840e-02
1.425910741090774536e-03
2.182815037667751312e-02
-6.936648860573768616e-03
-1.596751436591148376e-02
-6.936648860573768616e-03
-1.663017086684703827e-02
-6.936648860573768616e-03
6.858905777335166931e-03
-6.936648860573768616e-03
2.666227705776691437e-02
-6.936648860573768616e-03
1.637091860175132751e-03
-6.936648860573768616e-03
2.308570034801959991e-02
-6.936648860573768616e-03
-5.671354383230209351e-02
-6.936648860573768616e-03
-2.026773430407047272e-02
-6.936648860573768616e-03
-3.609319031238555908e-02
-6.936648860573768616e-03
2.470539882779121399e-03
-6.936648860573768616e-03
-3.881269693374633789e-02
-6.936648860573768616e-03
-1.212299801409244537e-02
-6.936648860573768616e-03
-1.001479476690292358e-02
-6.936648860573768616e-03
9.579749777913093567e-03
-1.175502315163612366e-03
-3.624650835990905762e-02
-1.175502315163612366e-03
-1.350095868110656738e-02
-1.175502315163612366e-03
1.520307175815105438e-02
-1.175502315163612366e-03
-2.885872684419155121e-02
-1.175502315163612366e-03
1.703053154051303864e-02
-1.175502315163612366e-03
-8.200896903872489929e-03
-1.175502315163612366e-03
2.513999119400978088e-03
-1.175502315163612366e-03
-6.480390205979347229e-03
-1.491749659180641174e-03
-7.927848026156425476e-03
-1.491749659180641174e-03
4.454284906387329102e-03
-1.491749659180641174e-03
5.913621187210083008e-02
-1.491749659180641174e-03
2.151990309357643127e-03
-1.342901960015296936e-03
1.240180619060993195e-02
-1.342901960015296936e-03
-2.993197925388813019e-02
-1.342901960015296936e-03
2.521998994052410126e-02
-1.342678442597389221e-03
-1.333975605666637421e-02
-1.342678442597389221e-03
-9.637529030442237854e-03
-1.342678442597389221e-03
-1.457618363201618195e-02
-1.342678442597389221e-03
-4.791945219039916992e-03
-1.342678442597389221e-03
-9.806834161281585693e-03
-1.342678442597389221e-03
-1.118172891438007355e-02
-1.342678442597389221e-03
-2.903094515204429626e-03
-1.895898953080177307e-03
3.957860171794891357e-02
-1.895898953080177307e-03
2.196667529642581940e-02
-1.895898953080177307e-03
3.253009170293807983e-03
7.492022588849067688e-03
1.127420552074909210e-02
7.492022588849067688e-03
3.270886093378067017e-02
7.492022588849067688e-03
2.607072703540325165e-02
6.905069574713706970e-03
-1.254624873399734497e-02
6.905069574713706970e-03
3.468108177185058594e-02
6.905069574713706970e-03
2.769342623651027679e-02
7.774991914629936218e-03
1.263810321688652039e-03
7.774991914629936218e-03
6.916815415024757385e-03
7.774991914629936218e-03
-8.593454957008361816e-03
7.774991914629936218e-03
-2.012941986322402954e-04
1.536144129931926727e-02
2.970544621348381042e-03
1.536144129931926727e-02
1.286475174129009247e-02
1.536144129931926727e-02
4.047455266118049622e-03
1.441718451678752899e-02
1.910990290343761444e-02
1.441718451678752899e-02
1.335012726485729218e-02
1.441718451678752899e-02
1.525167189538478851e-02
1.441718451678752899e-02
2.313187345862388611e-03
1.990250311791896820e-02
1.413943804800510406e-02
1.990250311791896820e-02
3.625528514385223389e-02
1.990250311791896820e-02
2.477362193167209625e-02
4.542061686515808105e-02
4.871096462011337280e-02
4.542061686515808105e-02
4.587917029857635498e-02
4.542061686515808105e-02
6.330225616693496704e-02
4.660103470087051392e-02
3.954099118709564209e-02
4.660103470087051392e-02
5.082675814628601074e-02
4.660103470087051392e-02
3.488779067993164062e-02
5.305832624435424805e-02
3.617504239082336426e-02
5.305832624435424805e-02
8.262560516595840454e-02
5.305832624435424805e-02
5.569376051425933838e-02
5.305832624435424805e-02
6.205341219902038574e-02
5.307923257350921631e-02
2.574936859309673309e-02
5.307923257350921631e-02
4.027345031499862671e-02
5.307923257350921631e-02
1.843143068253993988e-02
3.645902872085571289e-02
7.166907191276550293e-02
3.645902872085571289e-02
9.005540609359741211e-02
3.645902872085571289e-02
4.303090274333953857e-02
4.439482837915420532e-02
1.640489138662815094e-02
4.439482837915420532e-02
4.404184967279434204e-02
4.439482837915420532e-02
-3.666328266263008118e-03
5.041808634996414185e-02
-1.366316713392734528e-02
5.041808634996414185e-02
6.191516295075416565e-03
5.041808634996414185e-02
4.101863503456115723e-02
6.057605147361755371e-02
2.214205078780651093e-02
6.057605147361755371e-02
4.999246448278427124e-02
6.057605147361755371e-02
3.441397845745086670e-02
6.057605147361755371e-02
5.466160178184509277e-02
6.307608634233474731e-02
5.618803203105926514e-02
6.307608634233474731e-02
8.386749774217605591e-02
6.307608634233474731e-02
6.439523398876190186e-02
5.388195812702178955e-02
5.277769267559051514e-02
5.388195812702178955e-02
4.244084656238555908e-02
5.388195812702178955e-02
1.280112378299236298e-02
6.356841325759887695e-02
2.060797996819019318e-02
6.356841325759887695e-02
7.286770641803741455e-02
6.356841325759887695e-02
6.724996864795684814e-02
7.153186947107315063e-02
3.149651736021041870e-02
7.153186947107315063e-02
3.788364678621292114e-02
7.153186947107315063e-02
6.389137357473373413e-02
7.153186947107315063e-02
2.703251503407955170e-02
5.958872288465499878e-02
4.091568291187286377e-02
5.958872288465499878e-02
1.007880643010139465e-01
5.958872288465499878e-02
6.425834447145462036e-02
5.958872288465499878e-02
6.341436505317687988e-02
5.930189043283462524e-02
2.212701924145221710e-02
5.930189043283462524e-02
3.668361902236938477e-02
5.930189043283462524e-02
4.187322407960891724e-02
6.108675897121429443e-02
1.017289534211158752e-01
6.108675897121429443e-02
1.268014013767242432e-01
6.108675897121429443e-02
1.413408666849136353e-01
4.278680682182312012e-02
6.394407153129577637e-02
4.278680682182312012e-02
1.423503272235393524e-02
4.278680682182312012e-02
2.271084114909172058e-03
4.278680682182312012e-02
-2.487270161509513855e-03
3.182472288608551025e-02
3.386366367340087891e-02
3.182472288608551025e-02
2.281188778579235077e-02
3.182472288608551025e-02
-3.750814497470855713e-02
4.293303191661834717e-02
9.301161766052246094e-02
4.293303191661834717e-02
6.124835461378097534e-02
4.293303191661834717e-02
5.893902480602264404e-02
3.755708783864974976e-02
2.802837453782558441e-02
3.755708783864974976e-02
1.944110728800296783e-02
3.755708783864974976e-02
5.541300028562545776e-02
3.755708783864974976e-02
3.749483823776245117e-02
2.176678739488124847e-02
-3.080675937235355377e-02
2.176678739488124847e-02
2.481517009437084198e-02
2.176678739488124847e-02
3.076551482081413269e-03
2.714853920042514801e-02
3.834984451532363892e-02
2.714853920042514801e-02
2.591798081994056702e-03
2.714853920042514801e-02
1.253380440175533295e-02
2.714853920042514801e-02
6.028512492775917053e-03
3.210498392581939697e-02
6.586162373423576355e-03
3.210498392581939697e-02
7.112253457307815552e-03
3.210498392581939697e-02
-2.808364108204841614e-03
2.418961934745311737e-02
1.161357238888740540e-01
2.418961934745311737e-02
6.855209171772003174e-02
2.418961934745311737e-02
4.105627536773681641e-02
2.135023288428783417e-02
3.789635747671127319e-02
2.135023288428783417e-02
8.121251314878463745e-02
2.135023288428783417e-02
8.405785262584686279e-02
2.022022008895874023e-02
1.421261206269264221e-02
2.022022008895874023e-02
1.491172239184379578e-03
2.022022008895874023e-02
5.665723234415054321e-03
1.850359886884689331e-02
7.243920117616653442e-04
1.850359886884689331e-02
3.593854606151580811e-02
1.850359886884689331e-02
-3.719624131917953491e-03
2.226072922348976135e-02
-2.206826396286487579e-02
2.226072922348976135e-02
2.203252725303173065e-02
2.226072922348976135e-02
-3.514985740184783936e-02
2.226072922348976135e-02
4.984381049871444702e-02
1.693047955632209778e-02
-6.827799603343009949e-03
1.693047955632209778e-02
-3.324968740344047546e-03
1.693047955632209778e-02
-2.133209072053432465e-02
2.671544440090656281e-02
2.248393371701240540e-03
2.671544440090656281e-02
3.079205751419067383e-03
2.671544440090656281e-02
1.241285353899002075e-04
2.518632635474205017e-02
1.018340978771448135e-02
2.518632635474205017e-02
6.103330850601196289e-02
2.518632635474205017e-02
3.761165961623191833e-02
2.645054645836353302e-02
5.448238551616668701e-02
2.645054645836353302e-02
4.982964694499969482e-02
2.645054645836353302e-02
3.503559529781341553e-02
1.740351133048534393e-02
-1.280147954821586609e-02
1.740351133048534393e-02
4.091329872608184814e-02
1.740351133048534393e-02
1.880499906837940216e-02
3.879825584590435028e-03
5.732989870011806488e-03
3.879825584590435028e-03
-7.412103936076164246e-03
3.879825584590435028e-03
-3.706501796841621399e-03
4.408338107168674469e-03
1.752942986786365509e-02
4.408338107168674469e-03
-3.418298810720443726e-02
4.408338107168674469e-03
-2.351192757487297058e-03
4.408338107168674469e-03
-2.425793372094631195e-02
9.067896753549575806e-04
4.481162130832672119e-02
9.067896753549575806e-04
1.578592695295810699e-02
9.067896753549575806e-04
2.584466151893138885e-02
-2.052320167422294617e-03
9.758092463016510010e-03
-2.052320167422294617e-03
-1.456801965832710266e-02
-2.052320167422294617e-03
1.227051578462123871e-02
-1.779816113412380219e-02
1.426457241177558899e-02
-1.779816113412380219e-02
-7.854091003537178040e-03
-1.779816113412380219e-02
1.065792609006166458e-02
-1.920381747186183929e-02
-5.391405895352363586e-03
-1.920381747186183929e-02
-7.894815877079963684e-03
-1.920381747186183929e-02
-5.327044054865837097e-03
-2.003309316933155060e-02
1.065258122980594635e-02
-2.003309316933155060e-02
3.538157790899276733e-03
-2.003309316933155060e-02
5.129948258399963379e-03
-2.861660905182361603e-02
-1.048262603580951691e-02
-2.861660905182361603e-02
-2.933795191347599030e-02
-2.861660905182361603e-02
-9.043224155902862549e-03
-1.733827404677867889e-02
-9.542031213641166687e-03
-1.733827404677867889e-02
9.291749447584152222e-04
-1.733827404677867889e-02
-4.242794588208198547e-03
-1.359376683831214905e-02
-2.315292134881019592e-03
-1.359376683831214905e-02
2.609929069876670837e-04
-1.359376683831214905e-02
-1.824824139475822449e-03
4.520917311310768127e-03
-3.142314031720161438e-03
4.520917311310768127e-03
1.378851011395454407e-02
4.520917311310768127e-03
9.981774725019931793e-03
4.520917311310768127e-03
1.102549117058515549e-02
-6.250943988561630249e-04
-1.150660216808319092e-03
-6.250943988561630249e-04
-4.711108282208442688e-03
-6.250943988561630249e-04
-3.969546407461166382e-03
5.867920815944671631e-03
2.778935804963111877e-02
5.867920815944671631e-03
9.161695837974548340e-03
5.867920815944671631e-03
1.155350450426340103e-02
3.623060882091522217e-03
-1.714661717414855957e-03
3.623060882091522217e-03
-9.098008275032043457e-03
3.623060882091522217e-03
-2.228992059826850891e-03
-5.939416587352752686e-04
2.770764753222465515e-03
-5.939416587352752686e-04
1.115937344729900360e-02
-5.939416587352752686e-04
1.128556579351425171e-02
-3.041040152311325073e-03
1.267348509281873703e-02
-3.041040152311325073e-03
1.499840989708900452e-02
-3.041040152311325073e-03
1.462975144386291504e-02
-1.584876328706741333e-03
1.163851283490657806e-02
-1.584876328706741333e-03
-1.155133359134197235e-02
-1.584876328706741333e-03
-7.186364382505416870e-04
1.253299415111541748e-03
2.879763580858707428e-02
1.253299415111541748e-03
2.710256725549697876e-02
1.253299415111541748e-03
5.216684192419052124e-02
8.037604391574859619e-03
6.504538469016551971e-03
8.037604391574859619e-03
2.097123861312866211e-02
8.037604391574859619e-03
1.146967243403196335e-02
8.037604391574859619e-03
2.314932644367218018e-03
6.677940487861633301e-03
1.394869014620780945e-02
6.677940487861633301e-03
4.857704043388366699e-04
6.677940487861633301e-03
2.279223874211311340e-03
4.706574603915214539e-03
6.644202396273612976e-03
4.706574603915214539e-03
1.394231617450714111e-02
4.706574603915214539e-03
3.147339448332786560e-03
-3.433190286159515381e-03
-2.769002690911293030e-03
-3.433190286159515381e-03
-1.534540206193923950e-03
-3.537403419613838196e-03
-1.273642107844352722e-02
-3.537403419613838196e-03
-3.624087199568748474e-03
-3.537403419613838196e-03
1.339086610823869705e-02
-3.537403419613838196e-03
2.520560473203659058e-02
-2.260444685816764832e-03
-2.462821081280708313e-03
-2.260444685816764832e-03
-4.592373967170715332e-03
-2.260444685816764832e-03
-3.844110295176506042e-03
-1.087653823196887970e-02
-2.805046178400516510e-02
-1.087653823196887970e-02
-1.272421889007091522e-02
-1.087653823196887970e-02
-3.293067961931228638e-02
-1.087653823196887970e-02
-8.809676393866539001e-03
-1.087653823196887970e-02
-1.251655817031860352e-02
-1.087653823196887970e-02
-2.181825228035449982e-02
-1.284291595220565796e-02
7.657460868358612061e-03
-1.284291595220565796e-02
4.748169332742691040e-03
-1.284291595220565796e-02
-5.987213924527168274e-03
-2.220517583191394806e-02
-9.509194642305374146e-03
-2.220517583191394806e-02
4.245702922344207764e-02
-2.220517583191394806e-02
9.481577202677726746e-03
-2.220517583191394806e-02
2.915893867611885071e-02
-1.746026612818241119e-02
-1.973008550703525543e-02
-1.746026612818241119e-02
-2.329718880355358124e-02
-1.746026612818241119e-02
-2.543673105537891388e-02
-1.560169085860252380e-02
-1.252408884465694427e-02
-1.560169085860252380e-02
4.439036361873149872e-03
-1.023296266794204712e-02
-1.675215549767017365e-02
-1.023296266794204712e-02
-2.903515473008155823e-03
-1.023296266794204712e-02
-1.175949163734912872e-02
-1.258170604705810547e-02
-1.569035463035106659e-02
-1.258170604705810547e-02
-7.892793044447898865e-03
-1.258170604705810547e-02
-1.274672709405422211e-02
-1.258170604705810547e-02
-1.519734226167201996e-02
-4.048401489853858948e-03
-1.582739502191543579e-02
-4.048401489853858948e-03
-3.257457166910171509e-02
-4.048401489853858948e-03
-1.784569956362247467e-02
-1.762362010776996613e-02
-2.451389469206333160e-02
-1.762362010776996613e-02
-7.229687646031379700e-03
-1.762362010776996613e-02
-1.423957012593746185e-02
-1.691855676472187042e-02
-2.742967568337917328e-02
-1.691855676472187042e-02
1.351257227361202240e-02
-1.691855676472187042e-02
-1.947519369423389435e-02
-1.818386651575565338e-02
-1.710353977978229523e-02
-1.818386651575565338e-02
-2.647621370851993561e-02
-1.818386651575565338e-02
-2.430658228695392609e-02
-2.256256155669689178e-02
-2.354973368346691132e-02
-2.256256155669689178e-02
-3.054252825677394867e-02
-2.256256155669689178e-02
-2.763135172426700592e-02
-2.256256155669689178e-02
-2.625658921897411346e-02
-2.198182977735996246e-02
-2.867663092911243439e-02
-2.198182977735996246e-02
-2.349062077701091766e-02
-2.198182977735996246e-02
-3.015125729143619537e-02
-2.489997260272502899e-02
-2.228222228586673737e-02
-2.489997260272502899e-02
-1.013550348579883575e-02
-2.489997260272502899e-02
-9.933941066265106201e-03
-1.975336484611034393e-02
-2.854436449706554413e-02
-1.975336484611034393e-02
-1.896008290350437164e-02
-1.975336484611034393e-02
-1.628693751990795135e-02
-2.551295422017574310e-02
-2.455394156277179718e-02
-2.551295422017574310e-02
-7.127474993467330933e-03
-2.551295422017574310e-02
-3.340233117341995239e-03
-3.027959726750850677e-02
-2.699992991983890533e-02
-3.027959726750850677e-02
-3.811901062726974487e-02
-3.027959726750850677e-02
-2.514227665960788727e-02
-3.082738630473613739e-02
-3.711710125207901001e-02
-3.082738630473613739e-02
-2.535973303020000458e-02
-3.082738630473613739e-02
-2.070810832083225250e-02
-2.499752305448055267e-02
-2.337146736681461334e-02
-2.499752305448055267e-02
-2.914273180067539215e-02
-2.499752305448055267e-02
-2.313088066875934601e-02
-2.968126721680164337e-02
-2.480872534215450287e-02
-2.968126721680164337e-02
-9.516572579741477966e-03
-2.968126721680164337e-02
-1.676867343485355377e-02
-2.968126721680164337e-02
-1.640256680548191071e-02
-2.704693935811519623e-02
-2.794997580349445343e-02
-2.704693935811519623e-02
-3.157284110784530640e-03
-2.704693935811519623e-02
-1.994485966861248016e-02
-3.145562112331390381e-02
-3.103356249630451202e-02
-3.145562112331390381e-02
-4.887242615222930908e-02
-3.145562112331390381e-02
-2.858607657253742218e-02
-3.145562112331390381e-02
-4.890451580286026001e-02
-2.309051714837551117e-02
-5.274558812379837036e-02
-2.309051714837551117e-02
-4.206173121929168701e-02
-2.309051714837551117e-02
-3.166039288043975830e-02
-2.528260461986064911e-02
-2.503772638738155365e-02
-2.528260461986064911e-02
-1.368457451462745667e-03
-2.528260461986064911e-02
-3.614562749862670898e-02
-4.004245996475219727e-02
-6.013330072164535522e-02
-4.004245996475219727e-02
-4.885674268007278442e-02
-4.004245996475219727e-02
-5.628206580877304077e-02
-4.220644384622573853e-02
-7.503782957792282104e-02
-4.220644384622573853e-02
-4.470182210206985474e-02
-4.220644384622573853e-02
-3.070641122758388519e-02
-3.963041305541992188e-02
-4.888044297695159912e-02
-3.963041305541992188e-02
-5.864245444536209106e-02
-3.963041305541992188e-02
-3.418783098459243774e-02
-3.963041305541992188e-02
-2.913179434835910797e-02
-3.932419419288635254e-02
-2.686616219580173492e-02
-3.932419419288635254e-02
-3.229706734418869019e-02
-3.932419419288635254e-02
-4.184908419847488403e-02
-3.088439442217350006e-02
-3.475179523229598999e-02
-3.088439442217350006e-02
1.547005027532577515e-03
-3.088439442217350006e-02
-1.868153549730777740e-02
-2.816040255129337311e-02
-2.761908806860446930e-02
-2.816040255129337311e-02
1.748684979975223541e-02
-2.816040255129337311e-02
-5.937052890658378601e-03
-2.816040255129337311e-02
1.109804771840572357e-02
-2.591037936508655548e-02
-1.582773588597774506e-02
-2.591037936508655548e-02
-3.486477583646774292e-02
-2.591037936508655548e-02
-2.053749375045299530e-02
-1.957579888403415680e-02
-2.097146771848201752e-02
-1.957579888403415680e-02
-1.299022696912288666e-02
-1.957579888403415680e-02
-4.672046005725860596e-02
-2.097681351006031036e-02
-2.057310752570629120e-02
-2.097681351006031036e-02
-2.276965789496898651e-02
-2.097681351006031036e-02
-2.910683490335941315e-02
-2.110171131789684296e-02
-2.519294805824756622e-02
-2.110171131789684296e-02
-1.312601380050182343e-02
-2.110171131789684296e-02
-4.481074959039688110e-02
-2.433311380445957184e-02
-3.172446787357330322e-02
-2.433311380445957184e-02
-1.156289316713809967e-02
-2.433311380445957184e-02
-4.514083266258239746e-03
-3.665903955698013306e-02
-8.760435506701469421e-03
-3.665903955698013306e-02
-3.044291399419307709e-02
-3.665903955698013306e-02
-2.585593797266483307e-02
-3.665754944086074829e-02
-6.009971350431442261e-02
-3.665754944086074829e-02
-5.353940278291702271e-02
-3.665754944086074829e-02
-3.405948728322982788e-02
-3.665754944086074829e-02
-5.141086876392364502e-02
-3.327122330665588379e-02
-4.444733262062072754e-02
-3.327122330665588379e-02
-1.299368031322956085e-02
-3.327122330665588379e-02
-5.845630913972854614e-02
-4.257536679506301880e-02
-9.323600679636001587e-04
-4.257536679506301880e-02
-1.373411156237125397e-02
-4.257536679506301880e-02
-3.065123967826366425e-02
-6.027071923017501831e-02
-2.151794917881488800e-02
-6.027071923017501831e-02
-1.278778351843357086e-02
-6.027071923017501831e-02
-4.898409545421600342e-02
-6.207586079835891724e-02
-6.304607540369033813e-02
-6.207586079835891724e-02
-5.580741167068481445e-02
-6.207586079835891724e-02
-4.820012301206588745e-02
-6.166671961545944214e-02
-2.957863546907901764e-02
-6.166671961545944214e-02
-8.089186996221542358e-02
-6.166671961545944214e-02
-7.546997815370559692e-02
-6.166671961545944214e-02
-5.258313566446304321e-02
-6.365701556205749512e-02
-1.150305382907390594e-02
-6.365701556205749512e-02
-3.618751466274261475e-02
-6.365701556205749512e-02
-6.832101196050643921e-02
-4.769239574670791626e-02
-6.487477570772171021e-02
-4.769239574670791626e-02
-4.168380051851272583e-02
-4.769239574670791626e-02
-2.385418303310871124e-02
-4.753718525171279907e-02
-3.064273484051227570e-02
-4.753718525171279907e-02
-5.693310499191284180e-02
-4.753718525171279907e-02
-6.986565142869949341e-02
-4.753718525171279907e-02
-8.374530822038650513e-02
-3.608229011297225952e-02
-6.463889777660369873e-02
-3.608229011297225952e-02
-4.167542606592178345e-02
-3.608229011297225952e-02
-3.913278132677078247e-02
-3.671854734420776367e-02
-4.818373173475265503e-02
-3.671854734420776367e-02
-1.466624252498149872e-02
-3.671854734420776367e-02
-2.634808979928493500e-02
-3.671854734420776367e-02
-2.787146158516407013e-02
-3.671854734420776367e-02
-5.162047594785690308e-02
-3.671854734420776367e-02
-5.806251615285873413e-02
-3.461539745330810547e-02
-4.547750949859619141e-02
-3.461539745330810547e-02
-6.393399089574813843e-02
-3.461539745330810547e-02
-3.832579404115676880e-02
-2.432012744247913361e-02
-1.317593455314636230e-02
-2.432012744247913361e-02
-8.187837898731231689e-03
-2.432012744247913361e-02
7.148263975977897644e-03
-2.196373976767063141e-02
-1.685020513832569122e-02
-2.196373976767063141e-02
-1.864297315478324890e-03
-2.196373976767063141e-02
-1.460828445851802826e-02
-2.196373976767063141e-02
-5.529442802071571350e-03
-9.652424603700637817e-03
2.274974249303340912e-02
-9.652424603700637817e-03
2.707731537520885468e-02
-9.652424603700637817e-03
2.883254922926425934e-02
-9.652424603700637817e-03
4.899466037750244141e-02
-8.936859667301177979e-03
-1.929443329572677612e-03
-8.936859667301177979e-03
1.852202974259853363e-02
-8.936859667301177979e-03
-1.020011305809020996e-02
