3.754733502864837646e-01
3.848415315151214600e-01
3.768036663532257080e-01
3.775610029697418213e-01
3.809599280357360840e-01
3.780877888202667236e-01
3.780360221862792969e-01
3.781104683876037598e-01
3.786271512508392334e-01
3.770623803138732910e-01
3.769984245300292969e-01
3.858211040496826172e-01
3.770190477371215820e-01
3.755072951316833496e-01
3.771570026874542236e-01
3.774674236774444580e-01
3.763023614883422852e-01
3.767912983894348145e-01
3.756633698940277100e-01
3.766843080520629883e-01
3.758507370948791504e-01
3.775152266025543213e-01
3.769026100635528564e-01
3.773339092731475830e-01
3.846878409385681152e-01
3.768201768398284912e-01
3.754387497901916504e-01
3.778057694435119629e-01
3.773365616798400879e-01
3.759486079216003418e-01
3.780317604541778564e-01
3.847401440143585205e-01
3.843978047370910645e-01
3.764483928680419922e-01
3.787100911140441895e-01
3.770046234130859375e-01
3.762806057929992676e-01
3.756936788558959961e-01
3.770481944084167480e-01
3.771062195301055908e-01
3.761543929576873779e-01
3.748617172241210938e-01
3.768304288387298584e-01
3.768588900566101074e-01
3.773539364337921143e-01
3.769248127937316895e-01
3.754645586013793945e-01
3.769871592521667480e-01
3.771196603775024414e-01
3.773067593574523926e-01
3.799948096275329590e-01
3.758209347724914551e-01
3.761985599994659424e-01
3.767948746681213379e-01
3.775362074375152588e-01
3.850027322769165039e-01
3.774942159652709961e-01
3.768052458763122559e-01
3.777206838130950928e-01
3.846810162067413330e-01
3.770213425159454346e-01
3.756427168846130371e-01
3.854103982448577881e-01
3.800747096538543701e-01
3.766642510890960693e-01
3.771823346614837646e-01
3.791019916534423828e-01
3.850064575672149658e-01
3.790994882583618164e-01
3.810281753540039062e-01
3.758836388587951660e-01
3.781432807445526123e-01
3.770593702793121338e-01
3.767504394054412842e-01
3.781587779521942139e-01
3.787055611610412598e-01
3.767746090888977051e-01
3.797420859336853027e-01
3.758521676063537598e-01
3.758479058742523193e-01
3.787334859371185303e-01
3.757031857967376709e-01
3.770798742771148682e-01
3.761181533336639404e-01
3.759763538837432861e-01
3.770751953125000000e-01
3.846937119960784912e-01
3.768602609634399414e-01
3.789177536964416504e-01
3.757100105285644531e-01
3.765577077865600586e-01
3.768235743045806885e-01
3.790129125118255615e-01
3.769193291664123535e-01
3.767268359661102295e-01
3.773234486579895020e-01
3.757500052452087402e-01
3.793804049491882324e-01
3.782664537429809570e-01
3.768260180950164795e-01
3.781494200229644775e-01
3.780290782451629639e-01
3.765635490417480469e-01
3.783570230007171631e-01
3.775762319564819336e-01
3.778501451015472412e-01
3.776839077472686768e-01
3.768871426582336426e-01
3.769941031932830811e-01
3.773138523101806641e-01
3.770999610424041748e-01
3.786803185939788818e-01
3.761925697326660156e-01
3.766380548477172852e-01
3.762175142765045166e-01
3.764156401157379150e-01
3.796735405921936035e-01
3.768548071384429932e-01
3.772818744182586670e-01
3.768376111984252930e-01
3.747236728668212891e-01
3.754679858684539795e-01
3.770541548728942871e-01
3.769270777702331543e-01
3.759980499744415283e-01
3.764961659908294678e-01
3.759791851043701172e-01
3.772705495357513428e-01
