1091
205
20
1582
44
920
451
127
1346
49
62
509
6198
844
473
103
1076
1756
393
41
466
96
55
81
117
345
2944
129
680
1690
120
231
45
106
184
124
85
387
432
618
162
63
527
359
57
1098
472
69
692
143
157
48
133
498
71
54
699
326
277
129
233
95
141
771
542
35
90
650
128
717
502
66
171
185
26
146
60
1180
329
75
293
63
73
729
815
190
63
1047
125
942
703
1439
85
2481
266
36
27
95
105
61
127
72
246
308
245
5248
119
231
61
72
393
101
254
88
71
405
156
32
116
1711
160
56
163
578
355
35
127
34
1143
105
173
91
350
325
384
105
61
155
480
276
432
163
293
380
124
60
40
161
173
74
2077
174
205
186
366
1122
69
104
99
66
360
176
89
94
100
16
141
205
102
20
287
213
753
90
127
145
285
188
384
5383
157
421
1142
649
211
60
185
300
352
2317
383
63
184
1928
56
280
463
1524
536
6667
37
206
74
99
199
93
33
447
291
452
140
180
15
456
139
1079
78
366
245
65
27
1053
160
131
197
135
150
4870
186
203
120
137
1761
187
130
234
70
18
167
76
2413
124
48
910
770
1602
518
137
127
530
1553
1184
1212
48
21
714
360
41
76
356
473
681
644
169
200
72
528
612
359
102
28
42
72
47
16
326
80
333
181
33
2450
180
93
306
133
320
179
1133
143
195
905
283
163
317
115
202
143
1505
52
111
64
28
175
377
5018
82
80
189
310
165
109
1090
100
200
195
74
1880
136
169
1310
1554
606
258
602
159
515
218
934
26
25
396
373
194
1964
307
429
176
2931
299
945
140
359
216
30
662
130
143
116
1915
148
191
238
77
93
52
117
533
180
162
98
226
88
236
156
197
66
299
1053
34
1122
2058
185
62
76
863
4515
61
122
3454
82
167
54
869
38
2490
289
293
191
444
211
303
137
218
659
33
181
190
1197
735
232
310
88
81
66
284
71
1347
78
1274
4278
127
172
241
112
721
205
89
135
28
133
123
1372
34
254
377
1866
3076
1447
14
73
734
220
513
94
114
269
25
67
224
217
91
31
277
606
723
222
602
605
2736
125
283
319
492
48
323
1122
222
1669
88
151
110
213
1174
160
175
302
206
200
831
61
1752
25
1016
860
706
210
114
421
169
3324
119
331
103
394
264
65
126
54
71
190
163
398
852
48
59
83
83
1359
6116
157
126
1091
131
96
35
72
319
268
172
311
30
241
