2070
272
31
655
88
662
257
143
1111
62
40
375
3800
1015
202
35
1289
1341
473
91
398
474
76
77
80
272
2859
55
470
1168
108
132
68
83
150
106
69
367
494
198
112
53
242
818
80
1154
328
36
986
437
59
48
62
543
135
54
598
373
478
163
273
72
139
641
545
47
57
715
109
574
353
54
49
152
30
74
42
994
452
108
357
44
179
707
1209
120
82
1025
87
854
402
1052
139
2303
283
34
21
43
84
133
110
193
106
276
278
4516
87
98
236
97
632
50
169
113
39
331
178
62
56
996
317
108
386
461
469
54
59
183
420
91
98
167
172
333
434
20
63
90
365
203
277
212
406
562
146
90
24
51
106
88
2254
80
168
244
388
458
177
21
137
39
330
230
165
126
93
20
89
226
323
76
233
58
579
181
66
65
374
195
570
4514
143
330
948
376
260
25
103
218
161
1406
403
83
204
2250
37
278
371
1123
236
3425
65
221
193
90
193
177
59
459
241
222
52
206
18
478
187
1071
81
194
556
72
62
779
28
68
50
199
158
3623
244
145
72
40
3459
191
228
232
118
32
180
96
1345
56
61
918
845
1620
373
174
64
344
1539
1322
1594
55
29
535
394
52
121
503
369
427
777
79
103
175
367
469
125
106
20
13
28
65
23
67
68
213
75
54
1530
369
140
248
120
333
94
986
201
123
425
252
43
402
113
290
180
823
50
40
117
52
98
542
2743
40
109
93
354
213
45
999
95
92
167
192
1708
166
214
852
1460
901
151
342
128
643
493
917
49
12
568
420
80
1547
192
671
390
1653
436
1080
85
580
127
28
790
336
42
36
1705
119
236
124
59
57
30
536
568
69
497
59
339
38
254
132
230
153
139
869
59
751
1809
148
53
64
470
3188
114
314
2928
151
100
86
765
32
2531
227
234
641
140
367
150
57
303
401
120
281
63
848
736
194
119
346
122
61
429
184
1086
119
1265
6919
36
43
136
159
923
128
138
118
45
206
52
792
65
287
223
1777
2973
1081
28
45
564
34
406
164
80
160
84
108
268
76
49
67
323
1281
408
236
554
575
2062
41
300
357
532
120
405
845
123
1776
161
117
46
210
387
105
59
227
159
408
669
83
1209
71
667
611
280
115
97
596
68
1901
167
467
26
158
295
303
94
42
99
87
200
507
1061
63
76
48
137
1271
6584
201
87
1117
113
198
51
144
311
360
240
395
49
249
