2.188029885292053223e-01 7.681137323379516602e-01
3.515079617500305176e-01 6.379370093345642090e-01
2.188029885292053223e-01 7.681137323379516602e-01
4.636424779891967773e-02 9.476269483566284180e-01
2.188029885292053223e-01 7.681137323379516602e-01
1.645142436027526855e-01 8.221348524093627930e-01
2.189933061599731445e-01 7.679311633110046387e-01
2.219654321670532227e-01 7.665926218032836914e-01
2.189933061599731445e-01 7.679311633110046387e-01
1.492751240730285645e-01 8.414058685302734375e-01
2.189933061599731445e-01 7.679311633110046387e-01
1.079874932765960693e-01 8.832552433013916016e-01
1.884760558605194092e-01 8.003793954849243164e-01
2.289894819259643555e-01 7.602871656417846680e-01
1.884760558605194092e-01 8.003793954849243164e-01
2.810989022254943848e-01 7.087727785110473633e-01
1.884760558605194092e-01 8.003793954849243164e-01
9.959653019905090332e-02 8.926762342453002930e-01
1.884760558605194092e-01 8.003793954849243164e-01
1.376688182353973389e-01 8.540176153182983398e-01
1.825975477695465088e-01 8.064988851547241211e-01
2.522404789924621582e-01 7.389732599258422852e-01
1.825975477695465088e-01 8.064988851547241211e-01
3.992056846618652344e-01 5.931273698806762695e-01
1.825975477695465088e-01 8.064988851547241211e-01
1.297961473464965820e-01 8.610249757766723633e-01
1.771525144577026367e-01 8.118759989738464355e-01
1.737371683120727539e-01 8.154735565185546875e-01
1.771525144577026367e-01 8.118759989738464355e-01
4.386886954307556152e-01 5.504536628723144531e-01
1.771525144577026367e-01 8.118759989738464355e-01
1.308069229125976562e-01 8.590345978736877441e-01
1.508515179157257080e-01 8.375306725502014160e-01
3.381196260452270508e-01 6.523554325103759766e-01
1.508515179157257080e-01 8.375306725502014160e-01
2.012553513050079346e-01 7.868410348892211914e-01
1.508515179157257080e-01 8.375306725502014160e-01
1.428425312042236328e-01 8.452632427215576172e-01
1.497764885425567627e-01 8.387203216552734375e-01
1.422654688358306885e-01 8.471720814704895020e-01
1.497764885425567627e-01 8.387203216552734375e-01
1.230540275573730469e-01 8.665163516998291016e-01
1.497764885425567627e-01 8.387203216552734375e-01
1.466563642024993896e-01 8.422752618789672852e-01
1.466706097126007080e-01 8.420345783233642578e-01
1.375958621501922607e-01 8.511488437652587891e-01
1.466706097126007080e-01 8.420345783233642578e-01
6.041810512542724609e-01 3.934635221958160400e-01
1.466706097126007080e-01 8.420345783233642578e-01
3.043174743652343750e-01 6.841049790382385254e-01
1.371955275535583496e-01 8.517024517059326172e-01
1.333515048027038574e-01 8.564227223396301270e-01
1.371955275535583496e-01 8.517024517059326172e-01
1.014657318592071533e-01 8.894182443618774414e-01
1.371955275535583496e-01 8.517024517059326172e-01
1.188610196113586426e-01 8.715319633483886719e-01
1.172968447208404541e-01 8.729349374771118164e-01
6.465804576873779297e-02 9.277908802032470703e-01
1.172968447208404541e-01 8.729349374771118164e-01
1.251295804977416992e-01 8.646218180656433105e-01
1.172968447208404541e-01 8.729349374771118164e-01
1.499693095684051514e-01 8.387179970741271973e-01
9.188526868820190430e-02 8.991324901580810547e-01
8.102804422378540039e-02 9.105856418609619141e-01
9.188526868820190430e-02 8.991324901580810547e-01
3.618068993091583252e-01 6.282819509506225586e-01
9.188526868820190430e-02 8.991324901580810547e-01
6.368207931518554688e-02 9.293140769004821777e-01
7.766893506050109863e-02 9.141422510147094727e-01
1.289497017860412598e-01 8.600088953971862793e-01
7.766893506050109863e-02 9.141422510147094727e-01
1.149908006191253662e-01 8.743462562561035156e-01
7.766893506050109863e-02 9.141422510147094727e-01
9.881106019020080566e-02 8.915492892265319824e-01
7.449808716773986816e-02 9.175723791122436523e-01
7.025447487831115723e-02 9.217632412910461426e-01
7.449808716773986816e-02 9.175723791122436523e-01
8.018460869789123535e-02 9.114756584167480469e-01
7.449808716773986816e-02 9.175723791122436523e-01
5.521947145462036133e-02 9.383028745651245117e-01
7.449808716773986816e-02 9.175723791122436523e-01
1.150988936424255371e-01 8.750903010368347168e-01
6.863629817962646484e-02 9.237512350082397461e-01
6.370031833648681641e-02 9.285125136375427246e-01
6.863629817962646484e-02 9.237512350082397461e-01
2.881661057472229004e-02 9.668793082237243652e-01
6.863629817962646484e-02 9.237512350082397461e-01
5.779233574867248535e-02 9.352989196777343750e-01
6.648755073547363281e-02 9.260580539703369141e-01
7.529166340827941895e-02 9.165722131729125977e-01
6.648755073547363281e-02 9.260580539703369141e-01
8.565738797187805176e-02 9.053392410278320312e-01
6.648755073547363281e-02 9.260580539703369141e-01
8.479273319244384766e-02 9.064018726348876953e-01
6.256535649299621582e-02 9.304940700531005859e-01
7.674828171730041504e-02 9.151425361633300781e-01
6.256535649299621582e-02 9.304940700531005859e-01
2.585504055023193359e-01 7.273653745651245117e-01
6.256535649299621582e-02 9.304940700531005859e-01
1.598317623138427734e-01 8.303087949752807617e-01
5.767524242401123047e-02 9.357524514198303223e-01
1.184925734996795654e-01 8.714325428009033203e-01
5.767524242401123047e-02 9.357524514198303223e-01
4.761824011802673340e-02 9.459259510040283203e-01
5.767524242401123047e-02 9.357524514198303223e-01
6.160986423492431641e-02 9.309388399124145508e-01
5.238425731658935547e-02 9.414839148521423340e-01
3.239962458610534668e-02 9.629967212677001953e-01
5.238425731658935547e-02 9.414839148521423340e-01
5.355697870254516602e-02 9.401556849479675293e-01
5.238425731658935547e-02 9.414839148521423340e-01
4.351937770843505859e-02 9.513226151466369629e-01
5.539062619209289551e-02 9.382767677307128906e-01
9.430983662605285645e-02 8.970100879669189453e-01
5.539062619209289551e-02 9.382767677307128906e-01
8.611413836479187012e-02 9.057800173759460449e-01
5.539062619209289551e-02 9.382767677307128906e-01
8.053752779960632324e-02 9.117392897605895996e-01
5.463355779647827148e-02 9.390611648559570312e-01
8.160588145256042480e-02 9.100192785263061523e-01
5.463355779647827148e-02 9.390611648559570312e-01
8.932539820671081543e-02 9.017758369445800781e-01
5.463355779647827148e-02 9.390611648559570312e-01
7.965099811553955078e-02 9.121991395950317383e-01
5.959635972976684570e-02 9.336645007133483887e-01
3.180220723152160645e-02 9.635856747627258301e-01
5.959635972976684570e-02 9.336644411087036133e-01
1.051024198532104492e-01 8.857116699218750000e-01
5.959635972976684570e-02 9.336645007133483887e-01
7.755404710769653320e-02 9.144239425659179688e-01
5.984601378440856934e-02 9.333806633949279785e-01
8.176848292350769043e-02 9.102665781974792480e-01
5.984601378440856934e-02 9.333806633949279785e-01
7.649078965187072754e-02 9.155865907669067383e-01
5.984601378440856934e-02 9.333806633949279785e-01
5.852714180946350098e-02 9.348319768905639648e-01
6.188747286796569824e-02 9.312214851379394531e-01
6.390234827995300293e-02 9.295875430107116699e-01
6.188747286796569824e-02 9.312214851379394531e-01
6.141838431358337402e-02 9.315502643585205078e-01
6.188747286796569824e-02 9.312214851379394531e-01
4.523831605911254883e-02 9.491037726402282715e-01
6.188747286796569824e-02 9.312214851379394531e-01
6.142410635948181152e-02 9.318048357963562012e-01
6.307527422904968262e-02 9.303627014160156250e-01
7.295832037925720215e-02 9.200828671455383301e-01
6.307527422904968262e-02 9.303627014160156250e-01
1.636576354503631592e-01 8.260021209716796875e-01
6.307527422904968262e-02 9.303627014160156250e-01
7.358917593955993652e-02 9.194874763488769531e-01
5.703547596931457520e-02 9.365167021751403809e-01
4.813230037689208984e-02 9.458440542221069336e-01
5.703547596931457520e-02 9.365167021751403809e-01
4.336655139923095703e-02 9.507900476455688477e-01
5.703547596931457520e-02 9.365167021751403809e-01
3.176909685134887695e-02 9.636604189872741699e-01
6.028309464454650879e-02 9.329407215118408203e-01
5.390170216560363770e-02 9.397558569908142090e-01
6.028309464454650879e-02 9.329407215118408203e-01
5.183446407318115234e-02 9.419687986373901367e-01
6.028309464454650879e-02 9.329407215118408203e-01
6.437411904335021973e-02 9.285594224929809570e-01
6.208992004394531250e-02 9.307813644409179688e-01
1.318973898887634277e-01 8.573115468025207520e-01
6.208992004394531250e-02 9.307813644409179688e-01
1.902792453765869141e-01 7.984775900840759277e-01
6.208992004394531250e-02 9.307813644409179688e-01
6.772834062576293945e-02 9.248471260070800781e-01
6.149968504905700684e-02 9.315254688262939453e-01
7.451334595680236816e-02 9.174757003784179688e-01
6.149968504905700684e-02 9.315254688262939453e-01
7.935601472854614258e-02 9.128363728523254395e-01
6.149968504905700684e-02 9.315254688262939453e-01
6.941622495651245117e-02 9.232323169708251953e-01
6.061160564422607422e-02 9.325128793716430664e-01
4.557117819786071777e-02 9.487206339836120605e-01
6.061160564422607422e-02 9.325128793716430664e-01
4.843926429748535156e-02 9.454480409622192383e-01
6.061160564422607422e-02 9.325128793716430664e-01
4.208791255950927734e-02 9.527742266654968262e-01
5.921721458435058594e-02 9.339641332626342773e-01
6.517103314399719238e-02 9.275873899459838867e-01
5.921721458435058594e-02 9.339641332626342773e-01
6.548774242401123047e-02 9.274573326110839844e-01
5.921721458435058594e-02 9.339641332626342773e-01
6.582170724868774414e-02 9.269226193428039551e-01
5.921721458435058594e-02 9.339641332626342773e-01
6.708055734634399414e-02 9.258367419242858887e-01
5.811989307403564453e-02 9.351066350936889648e-01
7.175809144973754883e-02 9.205936193466186523e-01
5.811980366706848145e-02 9.351066350936889648e-01
7.053712010383605957e-02 9.222218990325927734e-01
5.811989307403564453e-02 9.351066350936889648e-01
8.895042538642883301e-02 9.017708301544189453e-01
5.665832757949829102e-02 9.367200732231140137e-01
4.759800434112548828e-02 9.467502832412719727e-01
5.665832757949829102e-02 9.367200732231140137e-01
6.349545717239379883e-02 9.294784069061279297e-01
5.665832757949829102e-02 9.367200732231140137e-01
5.787715315818786621e-02 9.354684352874755859e-01
5.751153826713562012e-02 9.355512857437133789e-01
5.941718816757202148e-02 9.335819482803344727e-01
5.751153826713562012e-02 9.355512857437133789e-01
1.310722529888153076e-01 8.589725494384765625e-01
5.751153826713562012e-02 9.355512857437133789e-01
5.925208330154418945e-02 9.337550401687622070e-01
5.403143167495727539e-02 9.394476413726806641e-01
5.695667862892150879e-02 9.362825155258178711e-01
5.403143167495727539e-02 9.394476413726806641e-01
5.670309066772460938e-02 9.364932775497436523e-01
5.403143167495727539e-02 9.394476413726806641e-01
5.589580535888671875e-02 9.374858140945434570e-01
4.818800091743469238e-02 9.455667734146118164e-01
3.888213634490966797e-02 9.556715488433837891e-01
4.818800091743469238e-02 9.455667734146118164e-01
3.516247868537902832e-02 9.598890542984008789e-01
4.818800091743469238e-02 9.455667734146118164e-01
5.680277943611145020e-02 9.365658760070800781e-01
5.018281936645507812e-02 9.435276389122009277e-01
9.353962540626525879e-02 8.972870707511901855e-01
5.018281936645507812e-02 9.435276389122009277e-01
5.791559815406799316e-02 9.350882768630981445e-01
5.018275976181030273e-02 9.435276389122009277e-01
5.588495731353759766e-02 9.373807311058044434e-01
5.250793695449829102e-02 9.408182501792907715e-01
4.854202270507812500e-02 9.451397061347961426e-01
5.250793695449829102e-02 9.408182501792907715e-01
8.736544847488403320e-02 9.040511846542358398e-01
5.250793695449829102e-02 9.408182501792907715e-01
7.509061694145202637e-02 9.169030785560607910e-01
5.337831377983093262e-02 9.399747252464294434e-01
5.402943491935729980e-02 9.394420385360717773e-01
5.337831377983093262e-02 9.399747252464294434e-01
4.864990711212158203e-02 9.455358386039733887e-01
5.337831377983093262e-02 9.399747252464294434e-01
5.239513516426086426e-02 9.414529800415039062e-01
5.337831377983093262e-02 9.399747252464294434e-01
4.276040196418762207e-02 9.515690207481384277e-01
5.389168858528137207e-02 9.394865036010742188e-01
4.711207747459411621e-02 9.468140602111816406e-01
5.389168858528137207e-02 9.394865036010742188e-01
2.323698401451110840e-01 7.557023763656616211e-01
5.389168858528137207e-02 9.394865036010742188e-01
5.470988154411315918e-02 9.388134479522705078e-01
5.270808935165405273e-02 9.408430457115173340e-01
7.444423437118530273e-02 9.181542396545410156e-01
5.270808935165405273e-02 9.408430457115173340e-01
8.269423246383666992e-02 9.089734554290771484e-01
5.270808935165405273e-02 9.408430457115173340e-01
5.638179183006286621e-02 9.371673464775085449e-01
5.002161860466003418e-02 9.434955716133117676e-01
4.791057109832763672e-02 9.457080364227294922e-01
5.002161860466003418e-02 9.434955716133117676e-01
4.942822456359863281e-02 9.442387819290161133e-01
5.002161860466003418e-02 9.434955716133117676e-01
4.994010925292968750e-02 9.435657262802124023e-01
5.000624060630798340e-02 9.435122013092041016e-01
3.502461314201354980e-02 9.597843885421752930e-01
5.000624060630798340e-02 9.435122013092041016e-01
4.108783602714538574e-02 9.532524943351745605e-01
5.000624060630798340e-02 9.435122013092041016e-01
8.180317282676696777e-02 9.094797372817993164e-01
4.843482375144958496e-02 9.452450275421142578e-01
2.497160434722900391e-02 9.712724685668945312e-01
4.843482375144958496e-02 9.452450275421142578e-01
3.548231720924377441e-02 9.591535329818725586e-01
4.843482375144958496e-02 9.452450275421142578e-01
3.636410832405090332e-02 9.585237503051757812e-01
4.361912608146667480e-02 9.504095315933227539e-01
3.119623661041259766e-02 9.640269875526428223e-01
4.361912608146667480e-02 9.504095315933227539e-01
5.774140357971191406e-02 9.358527660369873047e-01
4.361912608146667480e-02 9.504095315933227539e-01
3.359237313270568848e-02 9.612936973571777344e-01
4.254120588302612305e-02 9.516220092773437500e-01
6.297379732131958008e-02 9.294670224189758301e-01
4.254120588302612305e-02 9.516220092773437500e-01
3.808143734931945801e-02 9.565400481224060059e-01
4.254120588302612305e-02 9.516220092773437500e-01
2.613908052444458008e-02 9.696678519248962402e-01
4.254120588302612305e-02 9.516220092773437500e-01
3.219285607337951660e-02 9.630048274993896484e-01
4.254120588302612305e-02 9.516220092773437500e-01
3.940165042877197266e-02 9.551419615745544434e-01
4.254120588302612305e-02 9.516220092773437500e-01
4.095929861068725586e-02 9.534782171249389648e-01
4.093652963638305664e-02 9.533931612968444824e-01
4.204919934272766113e-02 9.519339799880981445e-01
4.093652963638305664e-02 9.533931612968444824e-01
1.646501123905181885e-01 8.217465877532958984e-01
4.093652963638305664e-02 9.533931612968444824e-01
4.312422871589660645e-02 9.507195949554443359e-01
3.548574447631835938e-02 9.595825672149658203e-01
3.391835093498229980e-02 9.610741138458251953e-01
3.548574447631835938e-02 9.595825672149658203e-01
2.554774284362792969e-02 9.705783128738403320e-01
3.548574447631835938e-02 9.595825672149658203e-01
1.153492331504821777e-01 8.758505582809448242e-01
3.112956881523132324e-02 9.645595550537109375e-01
1.896587014198303223e-02 9.780322313308715820e-01
3.112956881523132324e-02 9.645595550537109375e-01
2.170392870903015137e-02 9.748346805572509766e-01
3.112956881523132324e-02 9.645595550537109375e-01
2.045381069183349609e-02 9.763526916503906250e-01
2.869531512260437012e-02 9.672143459320068359e-01
2.384799718856811523e-02 9.724456667900085449e-01
2.869531512260437012e-02 9.672143459320068359e-01
2.487617731094360352e-02 9.713068008422851562e-01
2.869531512260437012e-02 9.672143459320068359e-01
2.007076144218444824e-02 9.765580892562866211e-01
2.399173378944396973e-02 9.722538590431213379e-01
4.754969477653503418e-02 9.463083744049072266e-01
2.399173378944396973e-02 9.722538590431213379e-01
2.621519565582275391e-02 9.695780873298645020e-01
2.399173378944396973e-02 9.722538590431213379e-01
2.012801170349121094e-02 9.762912988662719727e-01
2.564820647239685059e-02 9.703540802001953125e-01
3.444582223892211914e-02 9.605553150177001953e-01
2.564820647239685059e-02 9.703541994094848633e-01
4.705658555030822754e-02 9.469828605651855469e-01
2.564820647239685059e-02 9.703540802001953125e-01
7.732027769088745117e-02 9.147726297378540039e-01
2.712172269821166992e-02 9.687993526458740234e-01
2.248516678810119629e-02 9.735798835754394531e-01
2.712172269821166992e-02 9.687993526458740234e-01
3.325650095939636230e-02 9.618418216705322266e-01
2.712172269821166992e-02 9.687993526458740234e-01
2.273347973823547363e-02 9.734799861907958984e-01
2.712172269821166992e-02 9.687993526458740234e-01
2.427414059638977051e-02 9.717493057250976562e-01
2.711081504821777344e-02 9.688131809234619141e-01
2.619302272796630859e-02 9.695667028427124023e-01
2.711081504821777344e-02 9.688131809234619141e-01
6.870836019515991211e-02 9.232864379882812500e-01
2.711081504821777344e-02 9.688131809234619141e-01
3.021615743637084961e-02 9.651550054550170898e-01
2.716705203056335449e-02 9.688805341720581055e-01
2.927589416503906250e-02 9.666934013366699219e-01
2.716705203056335449e-02 9.688805341720581055e-01
5.979827046394348145e-02 9.341155290603637695e-01
2.716705203056335449e-02 9.688805341720581055e-01
2.003711462020874023e-02 9.766880869865417480e-01
2.448320388793945312e-02 9.719223976135253906e-01
2.895599603652954102e-02 9.669417142868041992e-01
2.448320388793945312e-02 9.719223976135253906e-01
2.078965306282043457e-02 9.759364128112792969e-01
2.448320388793945312e-02 9.719223976135253906e-01
1.760393381118774414e-02 9.795098304748535156e-01
2.448320388793945312e-02 9.719223976135253906e-01
2.021315693855285645e-02 9.765841960906982422e-01
2.221247553825378418e-02 9.744079113006591797e-01
2.585750818252563477e-02 9.702486395835876465e-01
2.221247553825378418e-02 9.744077920913696289e-01
1.696971058845520020e-02 9.803067445755004883e-01
2.221247553825378418e-02 9.744077920913696289e-01
2.263253927230834961e-02 9.739521741867065430e-01
1.893737912178039551e-02 9.779877662658691406e-01
2.129274606704711914e-02 9.752908945083618164e-01
1.893737912178039551e-02 9.779877662658691406e-01
2.154797315597534180e-02 9.750996828079223633e-01
1.893737912178039551e-02 9.779877662658691406e-01
1.638409495353698730e-02 9.807759523391723633e-01
1.966208219528198242e-02 9.771553874015808105e-01
1.566216349601745605e-02 9.816433787345886230e-01
1.966208219528198242e-02 9.771553874015808105e-01
3.639420866966247559e-02 9.585300683975219727e-01
1.966208219528198242e-02 9.771553874015808105e-01
4.811832308769226074e-02 9.455789327621459961e-01
1.665222644805908203e-02 9.804916977882385254e-01
2.067196369171142578e-02 9.758797287940979004e-01
1.665222644805908203e-02 9.804916977882385254e-01
1.455655694007873535e-02 9.827337265014648438e-01
1.665222644805908203e-02 9.804916977882385254e-01
1.952126622200012207e-02 9.771564006805419922e-01
1.647239923477172852e-02 9.807026386260986328e-01
1.294204592704772949e-02 9.845353364944458008e-01
1.647239923477172852e-02 9.807026386260986328e-01
1.335486769676208496e-02 9.842451810836791992e-01
1.647239923477172852e-02 9.807026386260986328e-01
1.406073570251464844e-02 9.833991527557373047e-01
1.647239923477172852e-02 9.807026386260986328e-01
2.768915891647338867e-02 9.683698415756225586e-01
1.651638746261596680e-02 9.806917905807495117e-01
1.107046902179718018e-01 8.810148835182189941e-01
1.651638746261596680e-02 9.806918501853942871e-01
1.201570034027099609e-02 9.857688546180725098e-01
1.651638746261596680e-02 9.806918501853942871e-01
1.959899067878723145e-02 9.771344661712646484e-01
1.608958840370178223e-02 9.812127351760864258e-01
1.085329055786132812e-02 9.870114326477050781e-01
1.608958840370178223e-02 9.812127351760864258e-01
1.548603177070617676e-02 9.818376302719116211e-01
1.608958840370178223e-02 9.812127351760864258e-01
1.990672945976257324e-02 9.767878055572509766e-01
1.444426178932189941e-02 9.830349683761596680e-01
9.055703878402709961e-03 9.890431165695190430e-01
1.444426178932189941e-02 9.830349683761596680e-01
1.598161458969116211e-02 9.812417626380920410e-01
1.444426178932189941e-02 9.830349683761596680e-01
1.376476883888244629e-02 9.837392568588256836e-01
1.384708285331726074e-02 9.836952686309814453e-01
1.150584220886230469e-02 9.863623380661010742e-01
1.384708285331726074e-02 9.836952686309814453e-01
3.351399302482604980e-02 9.619179368019104004e-01
1.384708285331726074e-02 9.836952686309814453e-01
1.023578643798828125e-02 9.878780841827392578e-01
1.367339491844177246e-02 9.838920831680297852e-01
1.482906937599182129e-02 9.825960993766784668e-01
1.367339491844177246e-02 9.838920831680297852e-01
1.020136475563049316e-02 9.878042936325073242e-01
1.367339491844177246e-02 9.838920831680297852e-01
9.884625673294067383e-03 9.882686138153076172e-01
1.389616727828979492e-02 9.836273193359375000e-01
1.194760203361511230e-02 9.858003854751586914e-01
1.389616727828979492e-02 9.836273193359375000e-01
1.343044638633728027e-02 9.840646386146545410e-01
1.389616727828979492e-02 9.836273193359375000e-01
1.375791430473327637e-02 9.837292432785034180e-01
1.436400413513183594e-02 9.831053018569946289e-01
3.676566481590270996e-02 9.582633972167968750e-01
1.436400413513183594e-02 9.831053018569946289e-01
1.853695511817932129e-02 9.784073829650878906e-01
1.436400413513183594e-02 9.831053018569946289e-01
1.673185825347900391e-02 9.804463982582092285e-01
1.401516795158386230e-02 9.834944009780883789e-01
2.143067121505737305e-02 9.750969409942626953e-01
1.401516795158386230e-02 9.834944009780883789e-01
1.206412911415100098e-02 9.857537746429443359e-01
1.401516795158386230e-02 9.834944009780883789e-01
2.250364422798156738e-02 9.742422103881835938e-01
1.419326663017272949e-02 9.832657575607299805e-01
2.607995271682739258e-02 9.701139926910400391e-01
1.419326663017272949e-02 9.832657575607299805e-01
2.201449871063232422e-02 9.746916294097900391e-01
1.419326663017272949e-02 9.832657575607299805e-01
2.510055899620056152e-02 9.711886644363403320e-01
1.495349407196044922e-02 9.824273586273193359e-01
3.214979171752929688e-02 9.630019068717956543e-01
1.495349407196044922e-02 9.824273586273193359e-01
5.763059854507446289e-02 9.358476996421813965e-01
1.495349407196044922e-02 9.824273586273193359e-01
1.621717214584350586e-02 9.810366630554199219e-01
1.411294937133789062e-02 9.833373427391052246e-01
4.480281472206115723e-02 9.493008255958557129e-01
1.411294937133789062e-02 9.833373427391052246e-01
3.352224826812744141e-02 9.618265628814697266e-01
1.411294937133789062e-02 9.833373427391052246e-01
1.515504717826843262e-02 9.822278022766113281e-01
1.405537128448486328e-02 9.833754301071166992e-01
7.534164190292358398e-02 9.168521165847778320e-01
1.405537128448486328e-02 9.833754301071166992e-01
7.211667299270629883e-02 9.191104173660278320e-01
1.405537128448486328e-02 9.833754301071166992e-01
2.950447797775268555e-02 9.665971398353576660e-01
1.405537128448486328e-02 9.833754301071166992e-01
1.450084745883941650e-01 8.432347774505615234e-01
1.439800858497619629e-02 9.829096794128417969e-01
1.087756156921386719e-01 8.808333873748779297e-01
1.439800858497619629e-02 9.829096794128417969e-01
6.331443786621093750e-02 9.283515214920043945e-01
1.439800858497619629e-02 9.829096794128417969e-01
4.497507214546203613e-02 9.482731223106384277e-01
1.484021544456481934e-02 9.824308753013610840e-01
7.033127546310424805e-02 9.216439723968505859e-01
1.484021544456481934e-02 9.824308753013610840e-01
6.037944555282592773e-02 9.317833781242370605e-01
1.484021544456481934e-02 9.824308753013610840e-01
5.149927735328674316e-02 9.414834976196289062e-01
1.484021544456481934e-02 9.824308753013610840e-01
3.141903877258300781e-02 9.635956883430480957e-01
1.466718316078186035e-02 9.826550483703613281e-01
4.911154508590698242e-02 9.438914060592651367e-01
1.466718316078186035e-02 9.826550483703613281e-01
1.648080348968505859e-01 8.228403329849243164e-01
1.466718316078186035e-02 9.826550483703613281e-01
4.857894778251647949e-02 9.447285532951354980e-01
1.421192288398742676e-02 9.831520318984985352e-01
2.147561311721801758e-02 9.748817682266235352e-01
1.421195268630981445e-02 9.831520318984985352e-01
9.214004874229431152e-02 8.983061313629150391e-01
1.421192288398742676e-02 9.831520318984985352e-01
3.050228953361511230e-02 9.650366306304931641e-01
1.387879252433776855e-02 9.835314750671386719e-01
3.108355402946472168e-02 9.638456106185913086e-01
1.387879252433776855e-02 9.835314750671386719e-01
1.173773407936096191e-02 9.858444929122924805e-01
1.387879252433776855e-02 9.835314750671386719e-01
1.243084669113159180e-02 9.849269986152648926e-01
1.385155320167541504e-02 9.835578203201293945e-01
1.791471242904663086e-02 9.789861440658569336e-01
1.385155320167541504e-02 9.835578203201293945e-01
2.517709136009216309e-02 9.704220294952392578e-01
1.385155320167541504e-02 9.835578203201293945e-01
1.305553317070007324e-02 9.845112562179565430e-01
1.385155320167541504e-02 9.835578203201293945e-01
1.611569523811340332e-02 9.810728430747985840e-01
1.375406980514526367e-02 9.837021827697753906e-01
3.363168239593505859e-02 9.610832929611206055e-01
1.375406980514526367e-02 9.837021827697753906e-01
9.373992681503295898e-03 9.886664152145385742e-01
1.375406980514526367e-02 9.837021827697753906e-01
2.303394675254821777e-02 9.729504585266113281e-01
1.571029424667358398e-02 9.814547300338745117e-01
2.775689959526062012e-02 9.679917097091674805e-01
1.571029424667358398e-02 9.814547300338745117e-01
1.121470332145690918e-02 9.864938259124755859e-01
1.571029424667358398e-02 9.814547300338745117e-01
1.788753271102905273e-02 9.789305925369262695e-01
1.531612873077392578e-02 9.819349646568298340e-01
2.856221795082092285e-02 9.669163227081298828e-01
1.531612873077392578e-02 9.819349050521850586e-01
2.560111880302429199e-02 9.700773954391479492e-01
1.531612873077392578e-02 9.819349646568298340e-01
2.960801124572753906e-02 9.656673073768615723e-01
1.429757475852966309e-02 9.830886721611022949e-01
2.684834599494934082e-02 9.695870280265808105e-01
1.429757475852966309e-02 9.830886721611022949e-01
3.882327675819396973e-02 9.559702873229980469e-01
1.429757475852966309e-02 9.830886721611022949e-01
1.336920261383056641e-02 9.843065142631530762e-01
1.405999064445495605e-02 9.833908081054687500e-01
2.017804980278015137e-02 9.764689207077026367e-01
1.405999064445495605e-02 9.833908081054687500e-01
2.419048547744750977e-02 9.720632433891296387e-01
1.405999064445495605e-02 9.833908081054687500e-01
3.017461299896240234e-02 9.651719331741333008e-01
1.239231228828430176e-02 9.852695465087890625e-01
1.092353463172912598e-02 9.870959520339965820e-01
1.239231228828430176e-02 9.852695465087890625e-01
1.041528582572937012e-02 9.875026345252990723e-01
1.239231228828430176e-02 9.852695465087890625e-01
1.473250985145568848e-02 9.826527237892150879e-01
1.046568155288696289e-02 9.875148534774780273e-01
1.299765706062316895e-02 9.846866130828857422e-01
1.046568155288696289e-02 9.875148534774780273e-01
1.482036709785461426e-02 9.826034307479858398e-01
1.046568155288696289e-02 9.875148534774780273e-01
1.425328850746154785e-02 9.832354784011840820e-01
8.082479238510131836e-03 9.903217554092407227e-01
1.085317134857177734e-02 9.871250391006469727e-01
8.082479238510131836e-03 9.903217554092407227e-01
9.552359580993652344e-03 9.885078668594360352e-01
8.082449436187744141e-03 9.903217554092407227e-01
1.861500740051269531e-02 9.785267114639282227e-01
6.435722112655639648e-03 9.922200441360473633e-01
8.590489625930786133e-03 9.897520542144775391e-01
6.435722112655639648e-03 9.922200441360473633e-01
9.522408246994018555e-03 9.886896014213562012e-01
6.435722112655639648e-03 9.922200441360473633e-01
9.784698486328125000e-03 9.884328246116638184e-01
5.161911249160766602e-03 9.937084317207336426e-01
8.049249649047851562e-03 9.903925657272338867e-01
5.161911249160766602e-03 9.937084317207336426e-01
3.261953592300415039e-03 9.959682226181030273e-01
5.161911249160766602e-03 9.937084317207336426e-01
1.733577251434326172e-02 9.797476530075073242e-01
5.161911249160766602e-03 9.937084317207336426e-01
6.926566362380981445e-03 9.916753768920898438e-01
3.363519906997680664e-03 9.958398342132568359e-01
3.178030252456665039e-03 9.960670471191406250e-01
3.363519906997680664e-03 9.958398342132568359e-01
1.675218343734741211e-03 9.978478550910949707e-01
3.363519906997680664e-03 9.958398342132568359e-01
7.024854421615600586e-03 9.914420843124389648e-01
1.383751630783081055e-03 9.982410669326782227e-01
8.312165737152099609e-04 9.989138841629028320e-01
1.383751630783081055e-03 9.982410669326782227e-01
1.278460025787353516e-03 9.983581304550170898e-01
1.383751630783081055e-03 9.982410669326782227e-01
1.546084880828857422e-03 9.980299472808837891e-01
7.573962211608886719e-04 9.990231990814208984e-01
7.176101207733154297e-04 9.990788698196411133e-01
7.573962211608886719e-04 9.990231990814208984e-01
6.864666938781738281e-04 9.991095066070556641e-01
7.574558258056640625e-04 9.990231394767761230e-01
3.258883953094482422e-04 9.995711445808410645e-01
3.264546394348144531e-04 9.995657801628112793e-01
4.131495952606201172e-04 9.994577169418334961e-01
3.264546394348144531e-04 9.995657801628112793e-01
4.112720489501953125e-04 9.994616508483886719e-01
3.264546394348144531e-04 9.995657801628112793e-01
4.926621913909912109e-04 9.993567466735839844e-01
2.262294292449951172e-04 9.996980428695678711e-01
2.640783786773681641e-04 9.996476173400878906e-01
2.262294292449951172e-04 9.996980428695678711e-01
8.018612861633300781e-04 9.989765882492065430e-01
2.262294292449951172e-04 9.996980428695678711e-01
2.480149269104003906e-04 9.996681809425354004e-01
1.648962497711181641e-04 9.997788667678833008e-01
2.142488956451416016e-04 9.997147321701049805e-01
1.648962497711181641e-04 9.997788667678833008e-01
2.436041831970214844e-04 9.996753931045532227e-01
1.648962497711181641e-04 9.997788667678833008e-01
2.812147140502929688e-04 9.996291399002075195e-01
1.435577869415283203e-04 9.998065233230590820e-01
1.877248287200927734e-04 9.997488260269165039e-01
1.435577869415283203e-04 9.998065233230590820e-01
1.786053180694580078e-04 9.997602701187133789e-01
1.435577869415283203e-04 9.998065233230590820e-01
1.428127288818359375e-04 9.998075962066650391e-01
1.435577869415283203e-04 9.998065233230590820e-01
1.751482486724853516e-04 9.997650384902954102e-01
1.367330551147460938e-04 9.998160600662231445e-01
1.575350761413574219e-04 9.997882246971130371e-01
1.367330551147460938e-04 9.998160600662231445e-01
2.679824829101562500e-04 9.996447563171386719e-01
1.367330551147460938e-04 9.998160600662231445e-01
1.822710037231445312e-04 9.997565150260925293e-01
1.294016838073730469e-04 9.998258948326110840e-01
1.263916492462158203e-04 9.998283386230468750e-01
1.294016838073730469e-04 9.998258948326110840e-01
1.218002362293191254e-04 9.998346567153930664e-01
1.294016838073730469e-04 9.998258948326110840e-01
8.484363934257999063e-05 9.998838901519775391e-01
1.292824745178222656e-04 9.998264312744140625e-01
1.396834850311279297e-04 9.998124241828918457e-01
1.292824745178222656e-04 9.998264312744140625e-01
1.147604853031225502e-04 9.998452663421630859e-01
1.292824745178222656e-04 9.998264312744140625e-01
2.646446228027343750e-04 9.996534585952758789e-01
1.260340213775634766e-04 9.998302459716796875e-01
6.371140480041503906e-04 9.991681575775146484e-01
1.260340213775634766e-04 9.998302459716796875e-01
4.439055919647216797e-04 9.994175434112548828e-01
1.260340213775634766e-04 9.998302459716796875e-01
1.243650913238525391e-04 9.998312592506408691e-01
1.103478789445944130e-04 9.998514056205749512e-01
1.785755157470703125e-04 9.997624158859252930e-01
1.103478789445944130e-04 9.998514056205749512e-01
1.208565299748443067e-04 9.998364448547363281e-01
1.103478789445944130e-04 9.998514056205749512e-01
1.723766326904296875e-04 9.997708797454833984e-01
1.102882233681157231e-04 9.998518228530883789e-01
4.982128302799537778e-05 9.999317526817321777e-01
1.102882233681157231e-04 9.998518228530883789e-01
1.515150070190429688e-04 9.997994899749755859e-01
1.102882233681157231e-04 9.998518228530883789e-01
1.214233052451163530e-04 9.998371601104736328e-01
1.160380852525122464e-04 9.998442530632019043e-01
1.206181768793612719e-04 9.998388290405273438e-01
1.160380852525122464e-04 9.998442530632019043e-01
1.609623432159423828e-04 9.997869133949279785e-01
1.160380852525122464e-04 9.998442530632019043e-01
2.055764198303222656e-04 9.997270107269287109e-01
1.160380852525122464e-04 9.998442530632019043e-01
1.662671566009521484e-04 9.997794628143310547e-01
1.278817653656005859e-04 9.998288750648498535e-01
1.718103885650634766e-04 9.997704029083251953e-01
1.278817653656005859e-04 9.998288750648498535e-01
1.451969146728515625e-04 9.998047351837158203e-01
1.278817653656005859e-04 9.998288750648498535e-01
1.765787601470947266e-04 9.997638463973999023e-01
1.346766948699951172e-04 9.998201131820678711e-01
1.641213893890380859e-04 9.997824430465698242e-01
1.346766948699951172e-04 9.998201131820678711e-01
1.436769962310791016e-04 9.998095631599426270e-01
1.346766948699951172e-04 9.998201131820678711e-01
3.629326820373535156e-04 9.995336532592773438e-01
1.302957534790039062e-04 9.998254776000976562e-01
3.488659858703613281e-04 9.995460510253906250e-01
1.302957534790039062e-04 9.998254776000976562e-01
2.850890159606933594e-04 9.996322989463806152e-01
1.302957534790039062e-04 9.998254776000976562e-01
1.261830329895019531e-04 9.998307228088378906e-01
1.224209263455122709e-04 9.998353123664855957e-01
1.548230648040771484e-04 9.997925162315368652e-01
1.224209263455122709e-04 9.998353123664855957e-01
2.123117446899414062e-04 9.997192621231079102e-01
1.224209263455122709e-04 9.998353123664855957e-01
8.311569690704345703e-04 9.989572167396545410e-01
1.326203346252441406e-04 9.998226165771484375e-01
9.261099330615252256e-05 9.998737573623657227e-01
1.325607299804687500e-04 9.998226165771484375e-01
1.088477147277444601e-04 9.998532533645629883e-01
1.325607299804687500e-04 9.998226165771484375e-01
3.558993339538574219e-04 9.995390772819519043e-01
1.322031021118164062e-04 9.998241066932678223e-01
3.681480884552001953e-04 9.995216727256774902e-01
1.322031021118164062e-04 9.998241066932678223e-01
1.250505447387695312e-04 9.998338818550109863e-01
1.322031021118164062e-04 9.998241066932678223e-01
1.950562000274658203e-04 9.997440576553344727e-01
1.455545425415039062e-04 9.998067021369934082e-01
4.070103168487548828e-04 9.994765520095825195e-01
1.455545425415039062e-04 9.998067021369934082e-01
8.028149604797363281e-04 9.989823102951049805e-01
1.455545425415039062e-04 9.998067021369934082e-01
6.569027900695800781e-04 9.991592168807983398e-01
1.621842384338378906e-04 9.997847080230712891e-01
1.614689826965332031e-04 9.997837543487548828e-01
1.621842384338378906e-04 9.997847080230712891e-01
2.028048038482666016e-04 9.997320175170898438e-01
1.621842384338378906e-04 9.997847080230712891e-01
1.898109912872314453e-04 9.997479915618896484e-01
1.621842384338378906e-04 9.997847080230712891e-01
2.039968967437744141e-04 9.997283816337585449e-01
1.976191997528076172e-04 9.997396469116210938e-01
1.688897609710693359e-04 9.997742176055908203e-01
1.976191997528076172e-04 9.997396469116210938e-01
2.701878547668457031e-04 9.996460676193237305e-01
1.976191997528076172e-04 9.997396469116210938e-01
8.727062959223985672e-05 9.998806715011596680e-01
1.763105392456054688e-04 9.997679591178894043e-01
1.218738980242051184e-04 9.998365044593811035e-01
1.763105392456054688e-04 9.997679591178894043e-01
3.401637077331542969e-04 9.995602965354919434e-01
1.763105392456054688e-04 9.997679591178894043e-01
2.102553844451904297e-04 9.997233152389526367e-01
1.718401908874511719e-04 9.997745752334594727e-01
4.840195178985595703e-04 9.993928670883178711e-01
1.718401908874511719e-04 9.997745752334594727e-01
2.259016036987304688e-04 9.997072815895080566e-01
1.718401908874511719e-04 9.997745752334594727e-01
2.399384975433349609e-04 9.996883869171142578e-01
1.688599586486816406e-04 9.997783899307250977e-01
3.630986611824482679e-05 9.999493360519409180e-01
1.688599586486816406e-04 9.997783899307250977e-01
2.314301309525035322e-05 9.999668598175048828e-01
1.688599586486816406e-04 9.997783899307250977e-01
4.774908666149713099e-05 9.999338388442993164e-01
1.695454120635986328e-04 9.997770786285400391e-01
5.513188443728722632e-05 9.999234676361083984e-01
1.695454120635986328e-04 9.997770786285400391e-01
5.402121314546093345e-05 9.999255537986755371e-01
1.695454120635986328e-04 9.997770786285400391e-01
6.278725777519866824e-05 9.999132156372070312e-01
1.695454120635986328e-04 9.997770786285400391e-01
6.790650513721629977e-05 9.999072551727294922e-01
2.000033855438232422e-04 9.997395277023315430e-01
2.727508544921875000e-04 9.996421337127685547e-01
2.000033855438232422e-04 9.997395277023315430e-01
1.264810562133789062e-04 9.998334646224975586e-01
2.000033855438232422e-04 9.997395277023315430e-01
1.328885555267333984e-04 9.998240470886230469e-01
2.000331878662109375e-04 9.997395277023315430e-01
2.504289150238037109e-04 9.996772408485412598e-01
1.873373985290527344e-04 9.997564554214477539e-01
3.851950168609619141e-04 9.995051622390747070e-01
1.873373985290527344e-04 9.997564554214477539e-01
1.866817474365234375e-04 9.997559785842895508e-01
1.873373985290527344e-04 9.997564554214477539e-01
2.368152141571044922e-03 9.971939921379089355e-01
1.947581768035888672e-04 9.997467994689941406e-01
1.595914363861083984e-04 9.997878074645996094e-01
1.947581768035888672e-04 9.997467994689941406e-01
1.413524150848388672e-04 9.998131990432739258e-01
1.947581768035888672e-04 9.997467994689941406e-01
1.657903194427490234e-04 9.997826814651489258e-01
1.948475837707519531e-04 9.997470378875732422e-01
2.529919147491455078e-04 9.996762871742248535e-01
1.948475837707519531e-04 9.997470378875732422e-01
2.638101577758789062e-04 9.996616244316101074e-01
1.948475837707519531e-04 9.997470378875732422e-01
1.390278339385986328e-04 9.998180866241455078e-01
1.947283744812011719e-04 9.997471570968627930e-01
5.976557731628417969e-04 9.992430210113525391e-01
1.947283744812011719e-04 9.997471570968627930e-01
3.425478935241699219e-04 9.995636343955993652e-01
1.947283744812011719e-04 9.997471570968627930e-01
3.104805946350097656e-04 9.995997548103332520e-01
1.901984214782714844e-04 9.997527599334716797e-01
5.085170269012451172e-04 9.993563890457153320e-01
1.901984214782714844e-04 9.997527599334716797e-01
8.017718791961669922e-04 9.990066289901733398e-01
1.901984214782714844e-04 9.997527599334716797e-01
1.571774482727050781e-04 9.997954368591308594e-01
1.762211322784423828e-04 9.997708797454833984e-01
1.687705516815185547e-04 9.997797012329101562e-01
1.762211322784423828e-04 9.997708797454833984e-01
2.661943435668945312e-04 9.996582269668579102e-01
1.762211322784423828e-04 9.997708797454833984e-01
4.221498966217041016e-04 9.994677305221557617e-01
1.766979694366455078e-04 9.997702836990356445e-01
5.619823932647705078e-04 9.992898702621459961e-01
1.766979694366455078e-04 9.997702836990356445e-01
3.844499588012695312e-04 9.995179176330566406e-01
1.766979694366455078e-04 9.997702836990356445e-01
2.326071262359619141e-04 9.997011423110961914e-01
1.789629459381103516e-04 9.997674226760864258e-01
2.190470695495605469e-04 9.997174739837646484e-01
1.789629459381103516e-04 9.997674226760864258e-01
1.594722270965576172e-04 9.997929334640502930e-01
1.789629459381103516e-04 9.997674226760864258e-01
6.486773490905761719e-04 9.991987943649291992e-01
1.789629459381103516e-04 9.997674226760864258e-01
2.222061157226562500e-04 9.997147321701049805e-01
1.837909221649169922e-04 9.997612237930297852e-01
1.596510410308837891e-04 9.997916817665100098e-01
1.837909221649169922e-04 9.997612237930297852e-01
8.791652362560853362e-05 9.998831748962402344e-01
1.837909221649169922e-04 9.997612237930297852e-01
1.638531684875488281e-04 9.997857809066772461e-01
1.788139343261718750e-04 9.997677803039550781e-01
1.334547996520996094e-04 9.998257160186767578e-01
1.788139343261718750e-04 9.997677803039550781e-01
2.501308917999267578e-04 9.996829032897949219e-01
1.788139343261718750e-04 9.997677803039550781e-01
2.750158309936523438e-04 9.996493458747863770e-01
1.771748065948486328e-04 9.997697472572326660e-01
2.610981464385986328e-04 9.996637105941772461e-01
1.771748065948486328e-04 9.997697472572326660e-01
2.147853374481201172e-04 9.997209310531616211e-01
1.771748065948486328e-04 9.997697472572326660e-01
2.426505088806152344e-04 9.996866583824157715e-01
1.550316810607910156e-04 9.997978210449218750e-01
1.776814460754394531e-04 9.997687339782714844e-01
1.550316810607910156e-04 9.997978210449218750e-01
1.932680606842041016e-04 9.997492432594299316e-01
1.550316810607910156e-04 9.997978210449218750e-01
6.698715878883376718e-05 9.999121427536010742e-01
1.550316810607910156e-04 9.997978210449218750e-01
1.599788665771484375e-04 9.997915029525756836e-01
1.158987361122854054e-04 9.998468160629272461e-01
1.308917999267578125e-04 9.998278617858886719e-01
1.158987361122854054e-04 9.998468160629272461e-01
1.006515522021800280e-04 9.998658895492553711e-01
1.158987361122854054e-04 9.998468160629272461e-01
1.589953899383544922e-04 9.997921586036682129e-01
8.721621998120099306e-05 9.998841285705566406e-01
1.059215283021330833e-04 9.998601675033569336e-01
8.721621998120099306e-05 9.998841285705566406e-01
7.778387225698679686e-05 9.998969435691833496e-01
8.721621998120099306e-05 9.998841285705566406e-01
8.951767085818573833e-05 9.998805522918701172e-01
7.131303573260083795e-05 9.999043941497802734e-01
7.509915303671732545e-05 9.999001026153564453e-01
7.131303573260083795e-05 9.999043941497802734e-01
7.166018622228875756e-05 9.999041557312011719e-01
7.131303573260083795e-05 9.999043941497802734e-01
8.837247150950133801e-05 9.998825788497924805e-01
7.131303573260083795e-05 9.999042749404907227e-01
8.261183393187820911e-05 9.998902082443237305e-01
6.380266131600365043e-05 9.999140501022338867e-01
9.278930519940331578e-05 9.998761415481567383e-01
6.380266131600365043e-05 9.999140501022338867e-01
6.969323294470086694e-05 9.999063014984130859e-01
6.380266131600365043e-05 9.999140501022338867e-01
8.869144949130713940e-05 9.998821020126342773e-01
5.921639967709779739e-05 9.999195337295532227e-01
6.017485429765656590e-05 9.999186992645263672e-01
5.921639967709779739e-05 9.999195337295532227e-01
6.493546970887109637e-05 9.999122619628906250e-01
5.921639967709779739e-05 9.999195337295532227e-01
7.174497295636683702e-05 9.999032020568847656e-01
5.778725244454108179e-05 9.999213218688964844e-01
6.763537385268136859e-05 9.999079704284667969e-01
5.778725244454108179e-05 9.999213218688964844e-01
6.138487515272572637e-05 9.999165534973144531e-01
5.778725244454108179e-05 9.999213218688964844e-01
6.145258521428331733e-05 9.999164342880249023e-01
5.778725244454108179e-05 9.999213218688964844e-01
6.648310227319598198e-05 9.999097585678100586e-01
5.125979078002274036e-05 9.999300241470336914e-01
5.731650162488222122e-05 9.999221563339233398e-01
5.125979078002274036e-05 9.999300241470336914e-01
5.542805956793017685e-05 9.999245405197143555e-01
5.125979078002274036e-05 9.999300241470336914e-01
5.160583532415330410e-05 9.999294281005859375e-01
4.935170727549120784e-05 9.999325275421142578e-01
3.808682959061115980e-05 9.999470710754394531e-01
4.935170727549120784e-05 9.999325275421142578e-01
4.818250454263761640e-05 9.999338388442993164e-01
4.935170727549120784e-05 9.999325275421142578e-01
5.636926289298571646e-05 9.999229907989501953e-01
4.775441630044952035e-05 9.999347329139709473e-01
7.538797945016995072e-05 9.998979568481445312e-01
4.775441630044952035e-05 9.999347329139709473e-01
4.890688433079048991e-05 9.999333620071411133e-01
4.775441630044952035e-05 9.999347329139709473e-01
5.238872472546063364e-05 9.999285936355590820e-01
4.775441630044952035e-05 9.999347329139709473e-01
5.356974725145846605e-05 9.999274015426635742e-01
4.533191895461641252e-05 9.999380707740783691e-01
5.998623237246647477e-05 9.999184608459472656e-01
4.533191895461641252e-05 9.999380707740783691e-01
4.699836063082329929e-05 9.999358057975769043e-01
4.533191895461641252e-05 9.999380707740783691e-01
5.544053783523850143e-05 9.999248981475830078e-01
3.702922549564391375e-05 9.999489784240722656e-01
2.930068694695364684e-05 9.999594688415527344e-01
3.702922549564391375e-05 9.999489784240722656e-01
1.204333530040457845e-04 9.998403787612915039e-01
3.702922549564391375e-05 9.999489784240722656e-01
4.978390643373131752e-05 9.999327659606933594e-01
3.542513877619057894e-05 9.999512434005737305e-01
3.740020838449709117e-05 9.999487400054931641e-01
3.542513877619057894e-05 9.999512434005737305e-01
3.224087049602530897e-05 9.999556541442871094e-01
3.542513877619057894e-05 9.999512434005737305e-01
3.775758159463293850e-05 9.999483227729797363e-01
3.007473242178093642e-05 9.999583959579467773e-01
3.288535663159564137e-05 9.999544620513916016e-01
3.007473242178093642e-05 9.999583959579467773e-01
2.629566733958199620e-05 9.999634027481079102e-01
3.007470331795047969e-05 9.999583959579467773e-01
3.828333137789741158e-05 9.999474287033081055e-01
2.921778468589764088e-05 9.999593496322631836e-01
2.732888242462649941e-05 9.999620914459228516e-01
2.921778468589764088e-05 9.999593496322631836e-01
2.357463381486013532e-05 9.999670982360839844e-01
2.921778468589764088e-05 9.999593496322631836e-01
1.692982004897203296e-05 9.999765157699584961e-01
2.921778468589764088e-05 9.999593496322631836e-01
2.392734495515469462e-05 9.999668598175048828e-01
2.845377093763090670e-05 9.999603033065795898e-01
3.665804251795634627e-05 9.999489188194274902e-01
2.845377093763090670e-05 9.999603033065795898e-01
1.724362373352050781e-04 9.997712373733520508e-01
2.845377093763090670e-05 9.999603033065795898e-01
4.412187263369560242e-05 9.999394416809082031e-01
2.635778218973428011e-05 9.999632835388183594e-01
1.622930176381487399e-05 9.999772310256958008e-01
2.635778218973428011e-05 9.999632835388183594e-01
5.150224387762136757e-05 9.999300241470336914e-01
2.635778218973428011e-05 9.999632835388183594e-01
2.366753506066743284e-05 9.999670982360839844e-01
2.340730861760675907e-05 9.999672174453735352e-01
3.814629963017068803e-05 9.999477863311767578e-01
2.340730861760675907e-05 9.999672174453735352e-01
3.493644180707633495e-05 9.999516010284423828e-01
2.340730861760675907e-05 9.999672174453735352e-01
4.225584780215285718e-05 9.999420642852783203e-01
2.057626625173725188e-05 9.999709129333496094e-01
1.444566987629514188e-05 9.999793171882629395e-01
2.057626625173725188e-05 9.999709129333496094e-01
3.714335980475880206e-05 9.999488592147827148e-01
2.057626625173725188e-05 9.999709129333496094e-01
4.895994061371311545e-05 9.999327659606933594e-01
1.404178055963711813e-05 9.999798536300659180e-01
3.315580033813603222e-05 9.999541044235229492e-01
1.404178055963711813e-05 9.999798536300659180e-01
1.194972082885215059e-05 9.999829530715942383e-01
1.404178055963711813e-05 9.999798536300659180e-01
1.558268377266358584e-05 9.999775886535644531e-01
1.260828321392182261e-05 9.999817609786987305e-01
1.556451934447977692e-05 9.999775886535644531e-01
1.260828321392182261e-05 9.999817609786987305e-01
2.469646460667718202e-05 9.999653697013854980e-01
1.260828321392182261e-05 9.999817609786987305e-01
2.285836308146826923e-05 9.999677538871765137e-01
1.260828321392182261e-05 9.999817609786987305e-01
2.749548730207607150e-05 9.999613761901855469e-01
1.212740698974812403e-05 9.999824762344360352e-01
1.526937194284982979e-05 9.999781847000122070e-01
1.212740698974812403e-05 9.999824762344360352e-01
7.906648534117266536e-06 9.999884963035583496e-01
1.212740698974812403e-05 9.999824762344360352e-01
1.119617263611871749e-05 9.999837875366210938e-01
1.111332403525011614e-05 9.999840259552001953e-01
1.480267383158206940e-05 9.999788999557495117e-01
1.111332403525011614e-05 9.999840259552001953e-01
5.396493361331522465e-05 9.999258518218994141e-01
1.111332403525011614e-05 9.999840259552001953e-01
2.408464752079453319e-05 9.999659061431884766e-01
1.203614101541461423e-05 9.999827742576599121e-01
4.628889655577950180e-06 9.999932050704956055e-01
1.203614101541461423e-05 9.999827742576599121e-01
6.322855188045650721e-05 9.999139904975891113e-01
1.203614101541461423e-05 9.999827742576599121e-01
9.750008757691830397e-06 9.999859333038330078e-01
1.343153780908323824e-05 9.999806880950927734e-01
1.460052862967131659e-05 9.999790191650390625e-01
1.343153780908323824e-05 9.999806880950927734e-01
1.673550286795943975e-05 9.999761581420898438e-01
1.343153780908323824e-05 9.999806880950927734e-01
1.238733784703072160e-05 9.999821782112121582e-01
1.343153780908323824e-05 9.999806880950927734e-01
7.258012374222744256e-06 9.999893903732299805e-01
1.335299111815402284e-05 9.999808669090270996e-01
3.838942939182743430e-05 9.999473690986633301e-01
1.335299111815402284e-05 9.999808669090270996e-01
7.869412002037279308e-06 9.999884366989135742e-01
1.335299111815402284e-05 9.999808669090270996e-01
8.398303180001676083e-06 9.999877214431762695e-01
1.319145940215094015e-05 9.999810457229614258e-01
3.139487307635135949e-05 9.999564886093139648e-01
1.319145940215094015e-05 9.999810457229614258e-01
1.893362968985456973e-05 9.999730587005615234e-01
1.319145940215094015e-05 9.999810457229614258e-01
1.350147886114427820e-05 9.999804496765136719e-01
1.404186059517087415e-05 9.999798536300659180e-01
1.693187005002982914e-05 9.999758005142211914e-01
1.404186059517087415e-05 9.999798536300659180e-01
1.013179462461266667e-05 9.999853372573852539e-01
1.404186059517087415e-05 9.999798536300659180e-01
6.599241169169545174e-05 9.999082088470458984e-01
1.418736974301282316e-05 9.999796152114868164e-01
2.857658000721130520e-05 9.999600052833557129e-01
1.418736974301282316e-05 9.999796152114868164e-01
1.943619645317085087e-05 9.999724030494689941e-01
1.418736974301282316e-05 9.999796748161315918e-01
1.790915302990470082e-05 9.999744892120361328e-01
1.413710015185642987e-05 9.999796748161315918e-01
1.761453859216999263e-05 9.999748468399047852e-01
1.413710015185642987e-05 9.999796748161315918e-01
1.003964007395552471e-05 9.999854564666748047e-01
1.413710015185642987e-05 9.999796748161315918e-01
4.029498086310923100e-05 9.999432563781738281e-01
1.564882040838710964e-05 9.999775886535644531e-01
3.368977922946214676e-05 9.999532699584960938e-01
1.564882040838710964e-05 9.999775886535644531e-01
1.526615415059495717e-05 9.999783039093017578e-01
1.564882040838710964e-05 9.999775886535644531e-01
1.370149402646347880e-05 9.999803900718688965e-01
1.668880395300220698e-05 9.999761581420898438e-01
2.308809962414670736e-05 9.999675750732421875e-01
1.668880395300220698e-05 9.999761581420898438e-01
2.256813240819610655e-05 9.999679923057556152e-01
1.668880395300220698e-05 9.999761581420898438e-01
1.922020237543620169e-05 9.999723434448242188e-01
1.639760375837795436e-05 9.999765157699584961e-01
1.367867207591189072e-05 9.999803304672241211e-01
1.639760375837795436e-05 9.999765157699584961e-01
4.446402454050257802e-05 9.999386072158813477e-01
1.639760375837795436e-05 9.999765157699584961e-01
1.188260466733481735e-05 9.999827146530151367e-01
1.787049222912173718e-05 9.999743700027465820e-01
2.343529558856971562e-05 9.999668598175048828e-01
1.787049222912173718e-05 9.999743700027465820e-01
2.125568062183447182e-05 9.999697804450988770e-01
1.787049222912173718e-05 9.999743700027465820e-01
1.861857708718162030e-05 9.999733567237854004e-01
2.019647763518150896e-05 9.999710917472839355e-01
1.906186662381514907e-05 9.999725818634033203e-01
2.019647763518150896e-05 9.999710917472839355e-01
2.058623613265808672e-05 9.999706745147705078e-01
2.019647763518150896e-05 9.999710917472839355e-01
2.077157296298537403e-05 9.999705553054809570e-01
2.019647763518150896e-05 9.999710917472839355e-01
4.487301339395344257e-05 9.999375343322753906e-01
2.571528057160321623e-05 9.999634027481079102e-01
2.966700412798672915e-05 9.999577403068542480e-01
2.571528057160321623e-05 9.999634027481079102e-01
7.335172267630696297e-05 9.998968839645385742e-01
2.571528057160321623e-05 9.999634027481079102e-01
2.518699329812079668e-05 9.999641180038452148e-01
3.194637247361242771e-05 9.999546408653259277e-01
4.282609370420686901e-05 9.999400377273559570e-01
3.194637247361242771e-05 9.999546408653259277e-01
1.566850369272287935e-05 9.999771118164062500e-01
3.194637247361242771e-05 9.999546408653259277e-01
2.017616861849091947e-05 9.999707937240600586e-01
3.548566382960416377e-05 9.999498128890991211e-01
3.995822407887317240e-05 9.999436736106872559e-01
3.548566382960416377e-05 9.999498128890991211e-01
3.530665344442240894e-05 9.999501109123229980e-01
3.548566382960416377e-05 9.999498128890991211e-01
3.281730823800899088e-05 9.999533891677856445e-01
6.520647002616897225e-05 9.999108314514160156e-01
5.081346898805350065e-05 9.999294281005859375e-01
6.520647002616897225e-05 9.999108314514160156e-01
1.055108004948124290e-04 9.998570084571838379e-01
6.520647002616897225e-05 9.999108314514160156e-01
6.751705222995951772e-05 9.999072551727294922e-01
6.520647002616897225e-05 9.999108314514160156e-01
6.151661364128813148e-05 9.999157190322875977e-01
9.866731852525845170e-05 9.998673200607299805e-01
9.948499791789799929e-05 9.998656511306762695e-01
9.866731852525845170e-05 9.998673200607299805e-01
3.096461296081542969e-04 9.995961189270019531e-01
9.866731852525845170e-05 9.998673200607299805e-01
9.206264803651720285e-05 9.998753666877746582e-01
1.673400402069091797e-04 9.997773170471191406e-01
1.664459705352783203e-04 9.997776746749877930e-01
1.673400402069091797e-04 9.997773170471191406e-01
5.499124526977539062e-04 9.992891550064086914e-01
1.673400402069091797e-04 9.997773170471191406e-01
1.938045024871826172e-04 9.997429847717285156e-01
2.610683441162109375e-04 9.996607303619384766e-01
1.831352710723876953e-04 9.997550249099731445e-01
2.610683441162109375e-04 9.996607303619384766e-01
2.709031105041503906e-04 9.996483325958251953e-01
2.610683441162109375e-04 9.996607303619384766e-01
5.687773227691650391e-04 9.992768764495849609e-01
2.610683441162109375e-04 9.996607303619384766e-01
3.663003444671630859e-04 9.995301961898803711e-01
3.120303153991699219e-04 9.995937347412109375e-01
1.479893922805786133e-03 9.981261491775512695e-01
3.120303153991699219e-04 9.995937347412109375e-01
1.944601535797119141e-04 9.997422099113464355e-01
3.120303153991699219e-04 9.995937347412109375e-01
3.688931465148925781e-04 9.995225071907043457e-01
5.102753639221191406e-04 9.993377923965454102e-01
6.063282489776611328e-04 9.992141723632812500e-01
5.102753639221191406e-04 9.993377923965454102e-01
6.216168403625488281e-04 9.991991519927978516e-01
5.102157592773437500e-04 9.993377923965454102e-01
8.226037025451660156e-04 9.989447593688964844e-01
8.646547794342041016e-04 9.988889098167419434e-01
1.062572002410888672e-03 9.986386299133300781e-01
8.646547794342041016e-04 9.988889098167419434e-01
1.204192638397216797e-03 9.984762668609619141e-01
8.646547794342041016e-04 9.988889098167419434e-01
1.012325286865234375e-03 9.987063407897949219e-01
1.092165708541870117e-03 9.986109137535095215e-01
1.196146011352539062e-03 9.984815120697021484e-01
1.092165708541870117e-03 9.986109137535095215e-01
9.369254112243652344e-04 9.987958669662475586e-01
1.092165708541870117e-03 9.986109137535095215e-01
1.723557710647583008e-03 9.978412389755249023e-01
1.092165708541870117e-03 9.986109137535095215e-01
1.288920640945434570e-03 9.983607530593872070e-01
1.557946205139160156e-03 9.980556368827819824e-01
1.647949218750000000e-03 9.979366064071655273e-01
1.557946205139160156e-03 9.980556368827819824e-01
1.580148935317993164e-03 9.980231523513793945e-01
1.557946205139160156e-03 9.980556368827819824e-01
1.805096864700317383e-03 9.977445602416992188e-01
2.001851797103881836e-03 9.975323081016540527e-01
4.126429557800292969e-03 9.949660301208496094e-01
2.001851797103881836e-03 9.975323081016540527e-01
2.025157213211059570e-03 9.974859952926635742e-01
2.001851797103881836e-03 9.975323081016540527e-01
2.522170543670654297e-03 9.968985319137573242e-01
2.001851797103881836e-03 9.975323081016540527e-01
2.270013093948364258e-03 9.972076416015625000e-01
3.561466932296752930e-03 9.956920146942138672e-01
2.853989601135253906e-03 9.965084791183471680e-01
3.561496734619140625e-03 9.956920146942138672e-01
4.629880189895629883e-03 9.944175481796264648e-01
3.561466932296752930e-03 9.956920146942138672e-01
5.112200975418090820e-03 9.939244389533996582e-01
4.560112953186035156e-03 9.945259094238281250e-01
4.583716392517089844e-03 9.944595098495483398e-01
4.560112953186035156e-03 9.945259094238281250e-01
8.879572153091430664e-03 9.895725250244140625e-01
4.560112953186035156e-03 9.945259094238281250e-01
4.131823778152465820e-03 9.949694871902465820e-01
5.070388317108154297e-03 9.939493536949157715e-01
5.012631416320800781e-03 9.939637780189514160e-01
5.070388317108154297e-03 9.939493536949157715e-01
4.124850034713745117e-03 9.950224161148071289e-01
5.070388317108154297e-03 9.939493536949157715e-01
3.039002418518066406e-03 9.962993264198303223e-01
5.070388317108154297e-03 9.939493536949157715e-01
5.255818367004394531e-03 9.937674999237060547e-01
5.341142416000366211e-03 9.936440587043762207e-01
7.640212774276733398e-03 9.911116361618041992e-01
5.341142416000366211e-03 9.936440587043762207e-01
1.258233189582824707e-02 9.855643510818481445e-01
5.341142416000366211e-03 9.936440587043762207e-01
6.268382072448730469e-03 9.925717115402221680e-01
5.341142416000366211e-03 9.936440587043762207e-01
5.306422710418701172e-03 9.936679005622863770e-01
5.341142416000366211e-03 9.936440587043762207e-01
5.284041166305541992e-03 9.936759471893310547e-01
5.341142416000366211e-03 9.936440587043762207e-01
2.433547377586364746e-02 9.724537134170532227e-01
5.341142416000366211e-03 9.936440587043762207e-01
5.494117736816406250e-03 9.934353232383728027e-01
6.181389093399047852e-03 9.927288889884948730e-01
5.558669567108154297e-03 9.934084415435791016e-01
6.181389093399047852e-03 9.927288889884948730e-01
7.029622793197631836e-03 9.917531609535217285e-01
6.181389093399047852e-03 9.927288889884948730e-01
7.450908422470092773e-03 9.912578463554382324e-01
6.277740001678466797e-03 9.926246404647827148e-01
1.053306460380554199e-02 9.878125786781311035e-01
6.277740001678466797e-03 9.926246404647827148e-01
7.354527711868286133e-03 9.913542270660400391e-01
6.277740001678466797e-03 9.926246404647827148e-01
9.080380201339721680e-03 9.894373416900634766e-01
6.277740001678466797e-03 9.926246404647827148e-01
9.410530328750610352e-03 9.890563488006591797e-01
6.078809499740600586e-03 9.928513765335083008e-01
9.539514780044555664e-03 9.889621734619140625e-01
6.078809499740600586e-03 9.928513765335083008e-01
1.121535897254943848e-02 9.870862960815429688e-01
6.078809499740600586e-03 9.928513765335083008e-01
1.044327020645141602e-02 9.879865050315856934e-01
6.279617547988891602e-03 9.926309585571289062e-01
7.277160882949829102e-03 9.914610385894775391e-01
6.279617547988891602e-03 9.926309585571289062e-01
6.657034158706665039e-03 9.921848773956298828e-01
6.279617547988891602e-03 9.926309585571289062e-01
7.385730743408203125e-03 9.913498163223266602e-01
6.562650203704833984e-03 9.923251271247863770e-01
4.469543695449829102e-03 9.946674704551696777e-01
6.562650203704833984e-03 9.923251271247863770e-01
5.454033613204956055e-03 9.935586452484130859e-01
6.562650203704833984e-03 9.923251271247863770e-01
5.192816257476806641e-03 9.938520789146423340e-01
6.234914064407348633e-03 9.926894903182983398e-01
1.082104444503784180e-02 9.874576926231384277e-01
6.234914064407348633e-03 9.926894903182983398e-01
6.292432546615600586e-03 9.926326870918273926e-01
6.234914064407348633e-03 9.926894903182983398e-01
4.741936922073364258e-03 9.943526983261108398e-01
6.038606166839599609e-03 9.928930401802062988e-01
4.944294691085815430e-03 9.941327571868896484e-01
6.038606166839599609e-03 9.928930401802062988e-01
5.291938781738281250e-03 9.937409162521362305e-01
6.038606166839599609e-03 9.928930401802062988e-01
5.849093198776245117e-03 9.930961728096008301e-01
6.080538034439086914e-03 9.928431510925292969e-01
6.699919700622558594e-03 9.921298623085021973e-01
6.080538034439086914e-03 9.928431510925292969e-01
6.190806627273559570e-03 9.927061796188354492e-01
6.080538034439086914e-03 9.928431510925292969e-01
6.362557411193847656e-03 9.925127029418945312e-01
6.041675806045532227e-03 9.928899407386779785e-01
4.749745130538940430e-03 9.943507909774780273e-01
6.041675806045532227e-03 9.928899407386779785e-01
5.755662918090820312e-03 9.931274056434631348e-01
6.041675806045532227e-03 9.928899407386779785e-01
5.255401134490966797e-03 9.937906265258789062e-01
6.041675806045532227e-03 9.928899407386779785e-01
5.050003528594970703e-03 9.939934015274047852e-01
6.757497787475585938e-03 9.920377731323242188e-01
5.660295486450195312e-03 9.932789802551269531e-01
6.757497787475585938e-03 9.920377731323242188e-01
3.138065338134765625e-02 9.648069739341735840e-01
6.757497787475585938e-03 9.920377731323242188e-01
7.606595754623413086e-03 9.910554885864257812e-01
7.025927305221557617e-03 9.917378425598144531e-01
5.508750677108764648e-03 9.934545755386352539e-01
7.025927305221557617e-03 9.917378425598144531e-01
5.986005067825317383e-03 9.929068088531494141e-01
7.025927305221557617e-03 9.917378425598144531e-01
2.213299274444580078e-02 9.751079082489013672e-01
7.025927305221557617e-03 9.917378425598144531e-01
8.834213018417358398e-03 9.896784424781799316e-01
6.224006414413452148e-03 9.926491975784301758e-01
5.079597234725952148e-03 9.939806461334228516e-01
6.224006414413452148e-03 9.926491975784301758e-01
4.745841026306152344e-03 9.943606853485107422e-01
6.224006414413452148e-03 9.926491975784301758e-01
1.089501380920410156e-02 9.873600602149963379e-01
5.525529384613037109e-03 9.934459924697875977e-01
3.503528237342834473e-02 9.605821967124938965e-01
5.525529384613037109e-03 9.934459924697875977e-01
4.832059144973754883e-03 9.942541122436523438e-01
5.525529384613037109e-03 9.934459924697875977e-01
7.355034351348876953e-03 9.913080930709838867e-01
5.525320768356323242e-03 9.934310317039489746e-01
4.900962114334106445e-03 9.941385984420776367e-01
5.525320768356323242e-03 9.934310317039489746e-01
6.843417882919311523e-03 9.919094443321228027e-01
5.525320768356323242e-03 9.934310317039489746e-01
7.528573274612426758e-03 9.911708831787109375e-01
5.279839038848876953e-03 9.937131404876708984e-01
4.326343536376953125e-03 9.947959184646606445e-01
5.279839038848876953e-03 9.937131404876708984e-01
4.221320152282714844e-03 9.949434399604797363e-01
5.279839038848876953e-03 9.937131404876708984e-01
3.685086965560913086e-03 9.955339431762695312e-01
5.370169878005981445e-03 9.936028718948364258e-01
3.281325101852416992e-03 9.960203766822814941e-01
5.370229482650756836e-03 9.936028718948364258e-01
4.435390233993530273e-03 9.946572780609130859e-01
5.370229482650756836e-03 9.936028718948364258e-01
3.176003694534301758e-03 9.961451292037963867e-01
5.370229482650756836e-03 9.936028718948364258e-01
4.381835460662841797e-03 9.947491884231567383e-01
5.783796310424804688e-03 9.931269884109497070e-01
3.496408462524414062e-03 9.957434535026550293e-01
5.783796310424804688e-03 9.931269884109497070e-01
5.734682083129882812e-03 9.931696653366088867e-01
5.783796310424804688e-03 9.931269884109497070e-01
3.216475248336791992e-03 9.960722923278808594e-01
7.115602493286132812e-03 9.916310310363769531e-01
4.076749086380004883e-03 9.951016902923583984e-01
7.115602493286132812e-03 9.916310310363769531e-01
1.849752664566040039e-02 9.791145324707031250e-01
7.115602493286132812e-03 9.916310310363769531e-01
5.462378263473510742e-03 9.934993982315063477e-01
9.142875671386718750e-03 9.892570972442626953e-01
6.751239299774169922e-03 9.919453263282775879e-01
9.142875671386718750e-03 9.892570972442626953e-01
4.422360658645629883e-02 9.508340358734130859e-01
9.142875671386718750e-03 9.892570972442626953e-01
7.672429084777832031e-03 9.909343719482421875e-01
8.716672658920288086e-03 9.897254705429077148e-01
6.749689579010009766e-03 9.919137954711914062e-01
8.716672658920288086e-03 9.897254705429077148e-01
5.677968263626098633e-03 9.931628704071044922e-01
8.716672658920288086e-03 9.897254705429077148e-01
5.166918039321899414e-03 9.937304258346557617e-01
8.716672658920288086e-03 9.897255897521972656e-01
4.062414169311523438e-03 9.950388073921203613e-01
9.034186601638793945e-03 9.893554449081420898e-01
2.031651139259338379e-02 9.769589900970458984e-01
9.034186601638793945e-03 9.893554449081420898e-01
7.524389028549194336e-02 9.173895716667175293e-01
9.034186601638793945e-03 9.893554449081420898e-01
7.285237312316894531e-03 9.913791418075561523e-01
1.051187515258789062e-02 9.876674413681030273e-01
1.395508646965026855e-02 9.836168885231018066e-01
1.051187515258789062e-02 9.876674413681030273e-01
6.851881742477416992e-03 9.917250871658325195e-01
1.051187515258789062e-02 9.876674413681030273e-01
1.320901513099670410e-02 9.843829870223999023e-01
1.132950186729431152e-02 9.867388010025024414e-01
2.093967795372009277e-02 9.758419990539550781e-01
1.132950186729431152e-02 9.867388010025024414e-01
2.713587880134582520e-02 9.693809747695922852e-01
1.132950186729431152e-02 9.867388010025024414e-01
1.031073927879333496e-02 9.877341985702514648e-01
1.140594482421875000e-02 9.866282939910888672e-01
1.015472412109375000e-02 9.879065752029418945e-01
1.140594482421875000e-02 9.866282939910888672e-01
7.670849561691284180e-03 9.908124208450317383e-01
1.140594482421875000e-02 9.866282939910888672e-01
2.739122509956359863e-02 9.686009883880615234e-01
1.140594482421875000e-02 9.866282939910888672e-01
1.004940271377563477e-02 9.881334304809570312e-01
1.140594482421875000e-02 9.866282939910888672e-01
8.745074272155761719e-03 9.895893335342407227e-01
1.140594482421875000e-02 9.866282939910888672e-01
2.156031131744384766e-02 9.749260544776916504e-01
1.140597462654113770e-02 9.866282939910888672e-01
1.150020956993103027e-02 9.863444566726684570e-01
1.171278953552246094e-02 9.862524271011352539e-01
7.098764181137084961e-03 9.913954138755798340e-01
1.171278953552246094e-02 9.862524271011352539e-01
1.366648077964782715e-02 9.839112758636474609e-01
1.171278953552246094e-02 9.862524271011352539e-01
2.031728625297546387e-02 9.764094352722167969e-01
1.044541597366333008e-02 9.876759052276611328e-01
3.902548551559448242e-02 9.554179310798645020e-01
1.044541597366333008e-02 9.876759052276611328e-01
1.593476533889770508e-02 9.815001487731933594e-01
1.044541597366333008e-02 9.876759052276611328e-01
1.714980602264404297e-02 9.799984693527221680e-01
1.063689589500427246e-02 9.874380826950073242e-01
8.354961872100830078e-03 9.899969100952148438e-01
1.063689589500427246e-02 9.874380826950073242e-01
1.373583078384399414e-02 9.837955832481384277e-01
1.063689589500427246e-02 9.874380826950073242e-01
2.472430467605590820e-02 9.715047478675842285e-01
1.155740022659301758e-02 9.863980412483215332e-01
4.227995872497558594e-03 9.947790503501892090e-01
1.155740022659301758e-02 9.863980412483215332e-01
4.194676876068115234e-03 9.949535727500915527e-01
1.155740022659301758e-02 9.863980412483215332e-01
8.710026741027832031e-03 9.894943833351135254e-01
1.108902692794799805e-02 9.869086742401123047e-01
5.667686462402343750e-03 9.932337999343872070e-01
1.108902692794799805e-02 9.869086742401123047e-01
1.948833465576171875e-02 9.776864051818847656e-01
1.108902692794799805e-02 9.869086742401123047e-01
5.249649286270141602e-03 9.935677051544189453e-01
1.229023933410644531e-02 9.854634404182434082e-01
1.376143097877502441e-02 9.836369752883911133e-01
1.229020953178405762e-02 9.854633808135986328e-01
2.668914198875427246e-02 9.692815542221069336e-01
1.229020953178405762e-02 9.854633808135986328e-01
7.838541269302368164e-02 9.134944677352905273e-01
1.229020953178405762e-02 9.854633808135986328e-01
1.533913612365722656e-02 9.818092584609985352e-01
1.446181535720825195e-02 9.829568862915039062e-01
1.453262567520141602e-02 9.827778339385986328e-01
1.446181535720825195e-02 9.829568862915039062e-01
1.377722620964050293e-02 9.835903644561767578e-01
1.446181535720825195e-02 9.829568862915039062e-01
1.787951588630676270e-02 9.787867069244384766e-01
1.548746228218078613e-02 9.817904233932495117e-01
1.670500636100769043e-02 9.804660081863403320e-01
1.548746228218078613e-02 9.817904233932495117e-01
9.785711765289306641e-03 9.883270263671875000e-01
1.548746228218078613e-02 9.817904233932495117e-01
1.535630226135253906e-02 9.819676280021667480e-01
1.534605026245117188e-02 9.819311499595642090e-01
9.846776723861694336e-03 9.882773160934448242e-01
1.534605026245117188e-02 9.819311499595642090e-01
7.050365209579467773e-03 9.915350675582885742e-01
1.534605026245117188e-02 9.819311499595642090e-01
1.865085959434509277e-02 9.780936241149902344e-01
1.584491133689880371e-02 9.813941717147827148e-01
1.273870468139648438e-02 9.850327968597412109e-01
1.584491133689880371e-02 9.813941717147827148e-01
3.473559021949768066e-02 9.606049060821533203e-01
1.584491133689880371e-02 9.813941717147827148e-01
7.062494754791259766e-03 9.914990663528442383e-01
1.569697260856628418e-02 9.815641045570373535e-01
1.474210619926452637e-02 9.825155138969421387e-01
1.569697260856628418e-02 9.815641045570373535e-01
1.699209213256835938e-02 9.801181554794311523e-01
1.569697260856628418e-02 9.815641045570373535e-01
1.630082726478576660e-02 9.809144735336303711e-01
1.569697260856628418e-02 9.815641045570373535e-01
2.121612429618835449e-02 9.752019643783569336e-01
1.690292358398437500e-02 9.802211523056030273e-01
1.802510023117065430e-02 9.788607358932495117e-01
1.690292358398437500e-02 9.802211523056030273e-01
1.680797338485717773e-02 9.802348613739013672e-01
1.690292358398437500e-02 9.802211523056030273e-01
9.673953056335449219e-03 9.882305264472961426e-01
1.690292358398437500e-02 9.802211523056030273e-01
1.694110035896301270e-02 9.801294803619384766e-01
1.713585853576660156e-02 9.799420237541198730e-01
2.020320296287536621e-02 9.764906167984008789e-01
1.713585853576660156e-02 9.799420237541198730e-01
2.161145210266113281e-02 9.749872684478759766e-01
1.713585853576660156e-02 9.799420237541198730e-01
1.226010918617248535e-02 9.855518937110900879e-01
1.789206266403198242e-02 9.790919423103332520e-01
2.795237302780151367e-02 9.677473902702331543e-01
1.789206266403198242e-02 9.790919423103332520e-01
2.247598767280578613e-02 9.736093282699584961e-01
1.789206266403198242e-02 9.790919423103332520e-01
1.793819665908813477e-02 9.790188670158386230e-01
1.854282617568969727e-02 9.783887863159179688e-01
2.821308374404907227e-02 9.675987958908081055e-01
1.854282617568969727e-02 9.783887863159179688e-01
5.419957637786865234e-02 9.392876625061035156e-01
1.854282617568969727e-02 9.783886671066284180e-01
3.028506040573120117e-02 9.654872417449951172e-01
1.854282617568969727e-02 9.783887863159179688e-01
4.512864351272583008e-02 9.492803812026977539e-01
1.935517787933349609e-02 9.774302244186401367e-01
3.075271844863891602e-02 9.646062254905700684e-01
1.935517787933349609e-02 9.774302244186401367e-01
5.780544877052307129e-02 9.363159537315368652e-01
1.935517787933349609e-02 9.774302244186401367e-01
6.612342596054077148e-02 9.274941086769104004e-01
1.935517787933349609e-02 9.774302244186401367e-01
3.905284404754638672e-02 9.562190771102905273e-01
1.935517787933349609e-02 9.774302244186401367e-01
2.125173807144165039e-02 9.752402305603027344e-01
1.935517787933349609e-02 9.774302244186401367e-01
3.971150517463684082e-02 9.551796317100524902e-01
1.935517787933349609e-02 9.774302244186401367e-01
3.163897991180419922e-02 9.639818668365478516e-01
1.935517787933349609e-02 9.774302244186401367e-01
1.616352796554565430e-02 9.809144735336303711e-01
1.956999301910400391e-02 9.771822690963745117e-01
2.221047878265380859e-02 9.742524623870849609e-01
1.956999301910400391e-02 9.771822690963745117e-01
4.672643542289733887e-02 9.475390315055847168e-01
1.956999301910400391e-02 9.771822690963745117e-01
7.466763257980346680e-02 9.184907674789428711e-01
1.956999301910400391e-02 9.771822690963745117e-01
2.782547473907470703e-02 9.682755470275878906e-01
2.006879448890686035e-02 9.766378402709960938e-01
1.918381452560424805e-02 9.774924516677856445e-01
2.006879448890686035e-02 9.766378402709960938e-01
2.716818451881408691e-02 9.689446687698364258e-01
2.006879448890686035e-02 9.766378402709960938e-01
3.921574354171752930e-02 9.558037519454956055e-01
2.006879448890686035e-02 9.766378402709960938e-01
3.822496533393859863e-02 9.569423198699951172e-01
2.006998658180236816e-02 9.766364097595214844e-01
9.762820601463317871e-02 8.931903839111328125e-01
2.006998658180236816e-02 9.766364097595214844e-01
1.729891896247863770e-01 8.145054578781127930e-01
2.006998658180236816e-02 9.766364097595214844e-01
3.358817100524902344e-02 9.617784023284912109e-01
2.006998658180236816e-02 9.766364097595214844e-01
3.806868195533752441e-02 9.567019939422607422e-01
2.018705010414123535e-02 9.764975905418395996e-01
4.480132460594177246e-02 9.495689868927001953e-01
2.018705010414123535e-02 9.764975905418395996e-01
3.832584619522094727e-02 9.567716121673583984e-01
2.018705010414123535e-02 9.764975905418395996e-01
6.295946240425109863e-02 9.301645755767822266e-01
2.018705010414123535e-02 9.764975905418395996e-01
5.928555130958557129e-02 9.341330528259277344e-01
2.018705010414123535e-02 9.764975905418395996e-01
2.915602922439575195e-02 9.664566516876220703e-01
2.018705010414123535e-02 9.764975905418395996e-01
2.210232615470886230e-02 9.743570089340209961e-01
2.018705010414123535e-02 9.764975905418395996e-01
2.271738648414611816e-02 9.735721349716186523e-01
2.018705010414123535e-02 9.764975905418395996e-01
4.841393232345581055e-02 9.452962875366210938e-01
2.060413360595703125e-02 9.760346412658691406e-01
3.086951375007629395e-02 9.644715785980224609e-01
2.060413360595703125e-02 9.760346412658691406e-01
5.887755751609802246e-02 9.333667755126953125e-01
2.060413360595703125e-02 9.760346412658691406e-01
3.345352411270141602e-02 9.614388942718505859e-01
2.060413360595703125e-02 9.760346412658691406e-01
4.633957147598266602e-02 9.473502635955810547e-01
2.187594771385192871e-02 9.745563268661499023e-01
3.202560544013977051e-02 9.632266759872436523e-01
2.187594771385192871e-02 9.745563268661499023e-01
1.882058382034301758e-02 9.779443740844726562e-01
2.187594771385192871e-02 9.745563268661499023e-01
2.832508087158203125e-02 9.672365188598632812e-01
2.187594771385192871e-02 9.745563268661499023e-01
2.829167246818542480e-02 9.671748876571655273e-01
2.254042029380798340e-02 9.738088846206665039e-01
2.203682065010070801e-02 9.744585752487182617e-01
2.254042029380798340e-02 9.738088846206665039e-01
1.226362586021423340e-02 9.855984449386596680e-01
2.254042029380798340e-02 9.738088846206665039e-01
1.654586195945739746e-02 9.806567430496215820e-01
2.254042029380798340e-02 9.738088846206665039e-01
1.308986544609069824e-02 9.844506978988647461e-01
2.238062024116516113e-02 9.739898443222045898e-01
4.547402262687683105e-02 9.479212760925292969e-01
2.238062024116516113e-02 9.739898443222045898e-01
2.873593568801879883e-02 9.664993286132812500e-01
2.238062024116516113e-02 9.739898443222045898e-01
2.880156040191650391e-02 9.666068553924560547e-01
2.238062024116516113e-02 9.739898443222045898e-01
3.413322567939758301e-02 9.605445861816406250e-01
2.320253849029541016e-02 9.730641841888427734e-01
4.475790262222290039e-02 9.487383961677551270e-01
2.320253849029541016e-02 9.730641841888427734e-01
3.870204091072082520e-02 9.556855559349060059e-01
2.320247888565063477e-02 9.730643033981323242e-01
2.803811430931091309e-02 9.675161838531494141e-01
2.320253849029541016e-02 9.730641841888427734e-01
4.559376835823059082e-02 9.479481577873229980e-01
2.320253849029541016e-02 9.730641841888427734e-01
4.592838883399963379e-02 9.474238157272338867e-01
2.320253849029541016e-02 9.730641841888427734e-01
2.120223641395568848e-02 9.752848148345947266e-01
2.320253849029541016e-02 9.730641841888427734e-01
2.315986156463623047e-02 9.730217456817626953e-01
2.320253849029541016e-02 9.730641841888427734e-01
2.343535423278808594e-02 9.726492762565612793e-01
2.327787876129150391e-02 9.729862809181213379e-01
2.604082226753234863e-02 9.696695208549499512e-01
2.327787876129150391e-02 9.729862809181213379e-01
1.978075504302978516e-02 9.769945144653320312e-01
2.327787876129150391e-02 9.729862809181213379e-01
1.459348201751708984e-02 9.828238487243652344e-01
2.327787876129150391e-02 9.729862809181213379e-01
2.029862999916076660e-02 9.764577150344848633e-01
2.308917045593261719e-02 9.731819629669189453e-01
1.770564913749694824e-02 9.792358875274658203e-01
2.308917045593261719e-02 9.731819629669189453e-01
2.198842167854309082e-02 9.742540121078491211e-01
2.308917045593261719e-02 9.731819629669189453e-01
2.315384149551391602e-02 9.730369448661804199e-01
2.324065566062927246e-02 9.730250835418701172e-01
1.344025135040283203e-02 9.841932058334350586e-01
2.324065566062927246e-02 9.730250835418701172e-01
2.508717775344848633e-02 9.708633422851562500e-01
2.324065566062927246e-02 9.730250835418701172e-01
3.568264842033386230e-02 9.588926434516906738e-01
2.324071526527404785e-02 9.730250835418701172e-01
6.216245889663696289e-02 9.306469559669494629e-01
2.324065566062927246e-02 9.730250835418701172e-01
6.245887279510498047e-02 9.298899769783020020e-01
2.324065566062927246e-02 9.730250835418701172e-01
4.866924881935119629e-02 9.452846050262451172e-01
2.508774399757385254e-02 9.710833430290222168e-01
5.702736973762512207e-02 9.363433718681335449e-01
2.508774399757385254e-02 9.710833430290222168e-01
5.685117840766906738e-02 9.365043640136718750e-01
2.508774399757385254e-02 9.710833430290222168e-01
5.440774559974670410e-02 9.392319917678833008e-01
2.402713894844055176e-02 9.722576737403869629e-01
6.810703873634338379e-02 9.238998889923095703e-01
2.402713894844055176e-02 9.722576737403869629e-01
8.617541193962097168e-02 9.055709838867187500e-01
2.402713894844055176e-02 9.722576737403869629e-01
6.177946925163269043e-02 9.308186173439025879e-01
2.538919448852539062e-02 9.707548618316650391e-01
4.210957884788513184e-02 9.529233574867248535e-01
2.538919448852539062e-02 9.707548618316650391e-01
2.140873670578002930e-02 9.752779006958007812e-01
2.538919448852539062e-02 9.707548618316650391e-01
4.832670092582702637e-02 9.452382326126098633e-01
2.526664733886718750e-02 9.709103107452392578e-01
5.392917990684509277e-02 9.396998882293701172e-01
2.526664733886718750e-02 9.709103107452392578e-01
2.523767948150634766e-02 9.708535671234130859e-01
2.526664733886718750e-02 9.709103107452392578e-01
6.013506650924682617e-02 9.330227375030517578e-01
2.559298276901245117e-02 9.705144762992858887e-01
2.647978067398071289e-02 9.694842100143432617e-01
2.559295296669006348e-02 9.705144762992858887e-01
8.643743395805358887e-02 9.047539234161376953e-01
2.559298276901245117e-02 9.705144762992858887e-01
3.589937090873718262e-02 9.592704772949218750e-01
2.870348095893859863e-02 9.670119881629943848e-01
9.405529499053955078e-02 8.971830606460571289e-01
2.870348095893859863e-02 9.670119881629943848e-01
8.661696314811706543e-02 9.049707651138305664e-01
2.870348095893859863e-02 9.670119881629943848e-01
6.111159920692443848e-02 9.314281940460205078e-01
3.035435080528259277e-02 9.652106761932373047e-01
6.419131159782409668e-02 9.283169507980346680e-01
3.035435080528259277e-02 9.652106761932373047e-01
5.084988474845886230e-02 9.427886009216308594e-01
3.035435080528259277e-02 9.652106761932373047e-01
6.113377213478088379e-02 9.316455125808715820e-01
3.216448426246643066e-02 9.633610248565673828e-01
3.594371676445007324e-02 9.588274359703063965e-01
3.216448426246643066e-02 9.633610248565673828e-01
4.242455959320068359e-02 9.518852233886718750e-01
3.216448426246643066e-02 9.633610248565673828e-01
8.959025144577026367e-03 9.892680644989013672e-01
3.216448426246643066e-02 9.633610248565673828e-01
7.069385051727294922e-02 9.215308427810668945e-01
3.216448426246643066e-02 9.633610248565673828e-01
5.426126718521118164e-02 9.398008584976196289e-01
3.216448426246643066e-02 9.633610248565673828e-01
6.026414036750793457e-02 9.323157668113708496e-01
3.216448426246643066e-02 9.633610248565673828e-01
5.281192064285278320e-02 9.405342340469360352e-01
3.322735428810119629e-02 9.621098041534423828e-01
4.749000072479248047e-02 9.468904733657836914e-01
3.322741389274597168e-02 9.621098041534423828e-01
1.236000657081604004e-02 9.855567812919616699e-01
3.322735428810119629e-02 9.621098041534423828e-01
1.733577251434326172e-02 9.800549745559692383e-01
3.235325217247009277e-02 9.630024433135986328e-01
3.281533718109130859e-02 9.626483917236328125e-01
3.235325217247009277e-02 9.630024433135986328e-01
1.797905564308166504e-02 9.791837930679321289e-01
3.235325217247009277e-02 9.630024433135986328e-01
2.336347103118896484e-02 9.729468226432800293e-01
3.395304083824157715e-02 9.612556695938110352e-01
2.431809902191162109e-02 9.719521999359130859e-01
3.395304083824157715e-02 9.612556695938110352e-01
1.781424880027770996e-02 9.792355895042419434e-01
3.395304083824157715e-02 9.612556695938110352e-01
1.758563518524169922e-02 9.796547889709472656e-01
3.493124246597290039e-02 9.602283239364624023e-01
2.640905976295471191e-02 9.697059392929077148e-01
3.493124246597290039e-02 9.602283239364624023e-01
2.893567085266113281e-02 9.670266509056091309e-01
3.493124246597290039e-02 9.602283239364624023e-01
4.005005955696105957e-02 9.546909332275390625e-01
3.493124246597290039e-02 9.602283239364624023e-01
3.555452823638916016e-02 9.595576524734497070e-01
4.121109843254089355e-02 9.533852338790893555e-01
3.109598159790039062e-02 9.643219709396362305e-01
4.121109843254089355e-02 9.533852338790893555e-01
5.741384625434875488e-02 9.353227615356445312e-01
4.121109843254089355e-02 9.533852338790893555e-01
6.113415956497192383e-02 9.314286112785339355e-01
4.121109843254089355e-02 9.533852338790893555e-01
2.507936358451843262e-01 7.334942817687988281e-01
4.496869444847106934e-02 9.494528770446777344e-01
9.441176056861877441e-02 8.960413932800292969e-01
4.496869444847106934e-02 9.494529366493225098e-01
6.111606955528259277e-02 9.318592548370361328e-01
4.496869444847106934e-02 9.494529366493225098e-01
1.025420129299163818e-01 8.875335454940795898e-01
5.037960410118103027e-02 9.436039924621582031e-01
5.371746420860290527e-02 9.400008916854858398e-01
5.037960410118103027e-02 9.436039924621582031e-01
2.444529533386230469e-01 7.427699565887451172e-01
5.037960410118103027e-02 9.436039924621582031e-01
6.422388553619384766e-02 9.292690157890319824e-01
5.194711685180664062e-02 9.419493675231933594e-01
3.585731983184814453e-02 9.591522216796875000e-01
5.194711685180664062e-02 9.419493675231933594e-01
3.590199351310729980e-02 9.592573046684265137e-01
5.194711685180664062e-02 9.419493675231933594e-01
1.509986817836761475e-01 8.359916210174560547e-01
5.194711685180664062e-02 9.419493675231933594e-01
3.731796145439147949e-02 9.576476216316223145e-01
5.004790425300598145e-02 9.440227746963500977e-01
4.035112261772155762e-02 9.542077183723449707e-01
5.004790425300598145e-02 9.440227746963500977e-01
2.493938803672790527e-02 9.713981151580810547e-01
5.004790425300598145e-02 9.440227746963500977e-01
2.933290600776672363e-02 9.665085077285766602e-01
5.373367667198181152e-02 9.401807785034179688e-01
3.334197402000427246e-02 9.621166586875915527e-01
5.373367667198181152e-02 9.401807785034179688e-01
3.062000870704650879e-02 9.652482867240905762e-01
5.373367667198181152e-02 9.401807785034179688e-01
3.467234969139099121e-02 9.606068134307861328e-01
5.024141073226928711e-02 9.438084363937377930e-01
3.855150938034057617e-02 9.564682245254516602e-01
5.024141073226928711e-02 9.438084363937377930e-01
3.014832735061645508e-02 9.657759666442871094e-01
5.024141073226928711e-02 9.438084363937377930e-01
2.669477462768554688e-02 9.696288108825683594e-01
4.701939225196838379e-02 9.473363757133483887e-01
3.518667817115783691e-02 9.604121446609497070e-01
4.701939225196838379e-02 9.473363757133483887e-01
4.461708664894104004e-02 9.502412080764770508e-01
4.701939225196838379e-02 9.473363757133483887e-01
7.057273387908935547e-02 9.223414659500122070e-01
4.967483878135681152e-02 9.444530606269836426e-01
9.459823369979858398e-02 8.980582952499389648e-01
4.967483878135681152e-02 9.444530606269836426e-01
1.062821447849273682e-01 8.848525881767272949e-01
4.967483878135681152e-02 9.444530606269836426e-01
3.221170306205749512e-01 6.664900779724121094e-01
4.967483878135681152e-02 9.444530606269836426e-01
6.969568133354187012e-02 9.237512350082397461e-01
4.918837547302246094e-02 9.449671506881713867e-01
1.101022362709045410e-01 8.803465366363525391e-01
4.918837547302246094e-02 9.449671506881713867e-01
5.336895585060119629e-02 9.399112462997436523e-01
4.918837547302246094e-02 9.449671506881713867e-01
5.819606781005859375e-02 9.354696273803710938e-01
4.802656173706054688e-02 9.462255835533142090e-01
3.026762604713439941e-02 9.655508995056152344e-01
4.802656173706054688e-02 9.462255835533142090e-01
2.987805008888244629e-02 9.662575721740722656e-01
4.802656173706054688e-02 9.462255835533142090e-01
4.249626398086547852e-02 9.527577161788940430e-01
4.499617218971252441e-02 9.496551752090454102e-01
2.424108982086181641e-02 9.723321199417114258e-01
4.499611258506774902e-02 9.496552348136901855e-01
3.457069396972656250e-02 9.608484506607055664e-01
4.499611258506774902e-02 9.496552348136901855e-01
2.698605656623840332e-01 7.149261832237243652e-01
4.510259628295898438e-02 9.495375156402587891e-01
1.243083178997039795e-01 8.694663047790527344e-01
4.510259628295898438e-02 9.495375156402587891e-01
6.451326608657836914e-02 9.286306500434875488e-01
4.510259628295898438e-02 9.495375156402587891e-01
7.073557376861572266e-02 9.229238033294677734e-01
4.510259628295898438e-02 9.495375156402587891e-01
1.232265830039978027e-01 8.694785833358764648e-01
4.364863038063049316e-02 9.510900974273681641e-01
3.857401013374328613e-02 9.564919471740722656e-01
4.364863038063049316e-02 9.510900974273681641e-01
5.584415793418884277e-02 9.377889633178710938e-01
4.364863038063049316e-02 9.510900974273681641e-01
6.614378094673156738e-02 9.275456070899963379e-01
4.700976610183715820e-02 9.473999738693237305e-01
3.706067800521850586e-02 9.586597681045532227e-01
4.700976610183715820e-02 9.473999738693237305e-01
3.779116272926330566e-02 9.579851627349853516e-01
4.700976610183715820e-02 9.473999738693237305e-01
1.684549450874328613e-02 9.806873798370361328e-01
4.709252715110778809e-02 9.472361803054809570e-01
5.774766206741333008e-03 9.930713176727294922e-01
4.709252715110778809e-02 9.472361803054809570e-01
5.997925996780395508e-03 9.927682876586914062e-01
4.709252715110778809e-02 9.472361803054809570e-01
6.377071142196655273e-03 9.923912286758422852e-01
5.343481898307800293e-02 9.405550360679626465e-01
6.152063608169555664e-03 9.926280975341796875e-01
5.343481898307800293e-02 9.405550956726074219e-01
5.554556846618652344e-03 9.932538866996765137e-01
5.343481898307800293e-02 9.405550956726074219e-01
9.029120206832885742e-03 9.894065856933593750e-01
5.540668964385986328e-02 9.383963346481323242e-01
1.563799381256103516e-02 9.821161031723022461e-01
5.540668964385986328e-02 9.383963346481323242e-01
2.515462040901184082e-02 9.712786674499511719e-01
5.540668964385986328e-02 9.383963346481323242e-01
2.794474363327026367e-02 9.683657884597778320e-01
5.853080749511718750e-02 9.348677992820739746e-01
9.808230400085449219e-02 8.931636810302734375e-01
5.853080749511718750e-02 9.348677992820739746e-01
2.736809849739074707e-02 9.680578708648681641e-01
5.853080749511718750e-02 9.348677992820739746e-01
2.958598732948303223e-02 9.660708904266357422e-01
5.853080749511718750e-02 9.348677992820739746e-01
8.517140150070190430e-02 9.062339663505554199e-01
5.850705504417419434e-02 9.348926544189453125e-01
9.655439853668212891e-02 8.944518566131591797e-01
5.850705504417419434e-02 9.348926544189453125e-01
3.618231415748596191e-02 9.588857889175415039e-01
5.850705504417419434e-02 9.348926544189453125e-01
1.209487617015838623e-01 8.688626289367675781e-01
5.850705504417419434e-02 9.348926544189453125e-01
2.979263663291931152e-02 9.660862684249877930e-01
5.850705504417419434e-02 9.348926544189453125e-01
1.685033440589904785e-01 8.202694654464721680e-01
5.850705504417419434e-02 9.348926544189453125e-01
9.707742929458618164e-02 8.937619924545288086e-01
5.850702524185180664e-02 9.348926544189453125e-01
5.708748102188110352e-02 9.364049434661865234e-01
5.850705504417419434e-02 9.348926544189453125e-01
6.279818415641784668e-01 3.674066364765167236e-01
6.106868386268615723e-02 9.321075081825256348e-01
6.483292579650878906e-02 9.277807474136352539e-01
6.106868386268615723e-02 9.321075081825256348e-01
2.562466263771057129e-02 9.707494378089904785e-01
6.106868386268615723e-02 9.321075081825256348e-01
4.049968719482421875e-02 9.542872309684753418e-01
6.896311044692993164e-02 9.235211610794067383e-01
7.232236862182617188e-02 9.208831787109375000e-01
6.896311044692993164e-02 9.235211610794067383e-01
4.490062594413757324e-02 9.489818811416625977e-01
6.896311044692993164e-02 9.235211610794067383e-01
3.591588139533996582e-02 9.589402079582214355e-01
6.896311044692993164e-02 9.235211610794067383e-01
2.674999833106994629e-02 9.690221548080444336e-01
7.406476140022277832e-02 9.178048372268676758e-01
1.237590909004211426e-01 8.666887283325195312e-01
7.406476140022277832e-02 9.178048372268676758e-01
6.770458817481994629e-02 9.244431853294372559e-01
7.406476140022277832e-02 9.178048372268676758e-01
5.756154656410217285e-02 9.352228641510009766e-01
7.406476140022277832e-02 9.178048372268676758e-01
6.957969069480895996e-02 9.230201244354248047e-01
7.219845056533813477e-02 9.198441505432128906e-01
9.476748108863830566e-02 8.957202434539794922e-01
7.219845056533813477e-02 9.198441505432128906e-01
1.565458178520202637e-01 8.314725756645202637e-01
7.219845056533813477e-02 9.198441505432128906e-01
7.809862494468688965e-02 9.131736755371093750e-01
7.219851016998291016e-02 9.198440909385681152e-01
1.365326941013336182e-01 8.533237576484680176e-01
7.219845056533813477e-02 9.198441505432128906e-01
1.442718803882598877e-01 8.449348211288452148e-01
7.219845056533813477e-02 9.198441505432128906e-01
6.665438413619995117e-02 9.260221719741821289e-01
7.457172870635986328e-02 9.172542095184326172e-01
8.584132790565490723e-02 9.055359959602355957e-01
7.457172870635986328e-02 9.172542095184326172e-01
7.445567846298217773e-02 9.174576997756958008e-01
7.457172870635986328e-02 9.172542095184326172e-01
7.130110263824462891e-02 9.207374453544616699e-01
7.457172870635986328e-02 9.172542095184326172e-01
6.832748651504516602e-02 9.238321781158447266e-01
7.095327973365783691e-02 9.211832284927368164e-01
8.255967497825622559e-02 9.091298580169677734e-01
7.095327973365783691e-02 9.211832284927368164e-01
8.290621638298034668e-02 9.085227251052856445e-01
7.095327973365783691e-02 9.211832284927368164e-01
8.593976497650146484e-02 9.054840803146362305e-01
7.095327973365783691e-02 9.211832284927368164e-01
1.384209990501403809e-01 8.508688807487487793e-01
6.886333227157592773e-02 9.234803318977355957e-01
1.047896742820739746e-01 8.859814405441284180e-01
6.886333227157592773e-02 9.234803318977355957e-01
6.283724308013916016e-02 9.299335479736328125e-01
6.886333227157592773e-02 9.234803318977355957e-01
7.625272870063781738e-02 9.155762195587158203e-01
6.625333428382873535e-02 9.263682365417480469e-01
7.574948668479919434e-02 9.162981510162353516e-01
6.625333428382873535e-02 9.263682365417480469e-01
4.002290964126586914e-02 9.545641541481018066e-01
6.625333428382873535e-02 9.263681769371032715e-01
7.645478844642639160e-02 9.153697490692138672e-01
6.346520781517028809e-02 9.294100999832153320e-01
7.445794343948364258e-02 9.179037213325500488e-01
6.346520781517028809e-02 9.294100999832153320e-01
7.429549098014831543e-02 9.177621603012084961e-01
6.346520781517028809e-02 9.294100999832153320e-01
7.105851173400878906e-02 9.211809635162353516e-01
6.421497464179992676e-02 9.285727739334106445e-01
7.508769631385803223e-02 9.170058965682983398e-01
6.421497464179992676e-02 9.285727739334106445e-01
8.088192343711853027e-02 9.110517501831054688e-01
6.421497464179992676e-02 9.285727739334106445e-01
3.869745135307312012e-02 9.558990597724914551e-01
6.464487314224243164e-02 9.281046390533447266e-01
5.551221966743469238e-02 9.378046989440917969e-01
6.464487314224243164e-02 9.281046390533447266e-01
3.106850385665893555e-02 9.641070961952209473e-01
6.464487314224243164e-02 9.281046390533447266e-01
6.283253431320190430e-02 9.295561313629150391e-01
6.479349732398986816e-02 9.278848171234130859e-01
4.204893112182617188e-02 9.523816108703613281e-01
6.479349732398986816e-02 9.278848171234130859e-01
5.452415347099304199e-02 9.391733407974243164e-01
6.479349732398986816e-02 9.278848171234130859e-01
2.219794392585754395e-01 7.674322724342346191e-01
6.479349732398986816e-02 9.278848171234130859e-01
7.463029026985168457e-02 9.179095029830932617e-01
6.493392586708068848e-02 9.277318716049194336e-01
5.166503787040710449e-02 9.418712854385375977e-01
6.493392586708068848e-02 9.277318716049194336e-01
5.269172787666320801e-02 9.409470558166503906e-01
6.493392586708068848e-02 9.277319312095642090e-01
4.811090230941772461e-02 9.456536769866943359e-01
6.364601850509643555e-02 9.289442896842956543e-01
5.905103683471679688e-02 9.336636066436767578e-01
6.364601850509643555e-02 9.289442896842956543e-01
6.569302082061767578e-02 9.267938137054443359e-01
6.364601850509643555e-02 9.289442896842956543e-01
5.817285180091857910e-02 9.346290230751037598e-01
6.123593449592590332e-02 9.315730333328247070e-01
9.336644411087036133e-02 8.976949453353881836e-01
6.123593449592590332e-02 9.315730333328247070e-01
6.663885712623596191e-02 9.257790446281433105e-01
6.123593449592590332e-02 9.315730333328247070e-01
5.806863307952880859e-02 9.348347187042236328e-01
6.123593449592590332e-02 9.315730333328247070e-01
5.874663591384887695e-02 9.340451955795288086e-01
6.123593449592590332e-02 9.315730333328247070e-01
1.111539304256439209e-01 8.797572255134582520e-01
6.123593449592590332e-02 9.315730333328247070e-01
1.236762106418609619e-01 8.659657239913940430e-01
5.853906273841857910e-02 9.343801736831665039e-01
7.689943909645080566e-02 9.151061177253723145e-01
5.853906273841857910e-02 9.343801736831665039e-01
5.554047226905822754e-02 9.375126361846923828e-01
5.853906273841857910e-02 9.343801736831665039e-01
5.993267893791198730e-02 9.328356981277465820e-01
5.363181233406066895e-02 9.394408464431762695e-01
5.464079976081848145e-02 9.386242628097534180e-01
5.363181233406066895e-02 9.394408464431762695e-01
6.646603345870971680e-02 9.257344007492065430e-01
5.363181233406066895e-02 9.394408464431762695e-01
6.512349843978881836e-02 9.272507429122924805e-01
5.363184213638305664e-02 9.394408464431762695e-01
6.172168254852294922e-02 9.306638240814208984e-01
4.894533753395080566e-02 9.446643590927124023e-01
3.526780009269714355e-02 9.595192074775695801e-01
4.894533753395080566e-02 9.446643590927124023e-01
3.679782152175903320e-02 9.576824903488159180e-01
4.894533753395080566e-02 9.446643590927124023e-01
6.540733575820922852e-02 9.267377257347106934e-01
4.725539684295654297e-02 9.464927911758422852e-01
6.951433420181274414e-02 9.227059483528137207e-01
4.725539684295654297e-02 9.464927911758422852e-01
2.740067243576049805e-02 9.683405160903930664e-01
4.725539684295654297e-02 9.464927911758422852e-01
3.779697418212890625e-02 9.567149877548217773e-01
4.748514294624328613e-02 9.462619423866271973e-01
7.446759939193725586e-02 9.178110361099243164e-01
4.748514294624328613e-02 9.462619423866271973e-01
5.615800619125366211e-02 9.370383620262145996e-01
4.748514294624328613e-02 9.462619423866271973e-01
6.056672334671020508e-02 9.326661825180053711e-01
4.748514294624328613e-02 9.462619423866271973e-01
6.337830424308776855e-02 9.297769069671630859e-01
4.108145833015441895e-02 9.532559514045715332e-01
5.390658974647521973e-02 9.396824836730957031e-01
4.108145833015441895e-02 9.532559514045715332e-01
3.555741906166076660e-02 9.594175219535827637e-01
4.108145833015441895e-02 9.532559514045715332e-01
3.787398338317871094e-02 9.568920731544494629e-01
4.108145833015441895e-02 9.532559514045715332e-01
4.264914989471435547e-02 9.517062902450561523e-01
4.510843753814697266e-02 9.489415287971496582e-01
5.375671386718750000e-02 9.398442506790161133e-01
4.510849714279174805e-02 9.489415287971496582e-01
5.034622550010681152e-02 9.433733224868774414e-01
4.510843753814697266e-02 9.489415287971496582e-01
1.024763286113739014e-01 8.888292312622070312e-01
4.510843753814697266e-02 9.489415287971496582e-01
4.830139875411987305e-02 9.454047679901123047e-01
4.778516292572021484e-02 9.459426999092102051e-01
4.454344511032104492e-02 9.496090412139892578e-01
4.778516292572021484e-02 9.459426999092102051e-01
3.672134876251220703e-02 9.578559994697570801e-01
4.778516292572021484e-02 9.459426999092102051e-01
5.655941367149353027e-02 9.367376565933227539e-01
4.671382904052734375e-02 9.472206830978393555e-01
1.550782918930053711e-01 8.326394557952880859e-01
4.671382904052734375e-02 9.472206830978393555e-01
6.453514099121093750e-02 9.279960393905639648e-01
4.671382904052734375e-02 9.472206830978393555e-01
4.491955041885375977e-02 9.491378068923950195e-01
4.760542511940002441e-02 9.462169408798217773e-01
3.840693831443786621e-02 9.563497900962829590e-01
4.760542511940002441e-02 9.462169408798217773e-01
3.697416186332702637e-02 9.577580690383911133e-01
4.760542511940002441e-02 9.462169408798217773e-01
1.101568639278411865e-01 8.799267411231994629e-01
4.760542511940002441e-02 9.462169408798217773e-01
4.653981328010559082e-02 9.472591876983642578e-01
4.050308465957641602e-02 9.538117647171020508e-01
3.230836987495422363e-02 9.629100561141967773e-01
4.050308465957641602e-02 9.538117647171020508e-01
3.452482819557189941e-02 9.603158235549926758e-01
4.050308465957641602e-02 9.538117647171020508e-01
3.185167908668518066e-02 9.633605480194091797e-01
4.032576084136962891e-02 9.537107944488525391e-01
4.046031832695007324e-02 9.536378383636474609e-01
4.032576084136962891e-02 9.537108540534973145e-01
4.657101631164550781e-02 9.471424221992492676e-01
4.032576084136962891e-02 9.537108540534973145e-01
3.075587749481201172e-02 9.642227888107299805e-01
4.032576084136962891e-02 9.537108540534973145e-01
5.277451872825622559e-02 9.401954412460327148e-01
4.713043570518493652e-02 9.460713267326354980e-01
4.093915224075317383e-02 9.528554677963256836e-01
4.713043570518493652e-02 9.460713267326354980e-01
2.805909514427185059e-02 9.671633839607238770e-01
4.322895407676696777e-02 9.500957131385803223e-01
1.758378744125366211e-02 9.791903495788574219e-01
4.322895407676696777e-02 9.500957131385803223e-01
2.168107032775878906e-02 9.743435382843017578e-01
4.322895407676696777e-02 9.500957131385803223e-01
2.835568785667419434e-02 9.666633605957031250e-01
