4.276273250579833984e-01
4.275666475296020508e-01
4.270486533641815186e-01
4.273041486740112305e-01
4.345004260540008545e-01
4.260154962539672852e-01
4.269922971725463867e-01
4.276249706745147705e-01
4.263523221015930176e-01
4.270159900188446045e-01
4.266558289527893066e-01
4.276565313339233398e-01
4.273413419723510742e-01
4.271288514137268066e-01
4.274572730064392090e-01
4.263279736042022705e-01
4.347005486488342285e-01
4.271086752414703369e-01
4.272833764553070068e-01
4.259064197540283203e-01
4.280157387256622314e-01
4.272315800189971924e-01
4.269228577613830566e-01
4.255973398685455322e-01
4.270486831665039062e-01
4.272542893886566162e-01
4.284639954566955566e-01
4.274291098117828369e-01
4.273473620414733887e-01
4.261745512485504150e-01
4.313250482082366943e-01
4.263741075992584229e-01
4.270938932895660400e-01
4.274001419544219971e-01
4.320203959941864014e-01
4.270949065685272217e-01
4.272097647190093994e-01
4.280800223350524902e-01
4.259260594844818115e-01
4.273432493209838867e-01
4.283468723297119141e-01
4.272776544094085693e-01
4.260751903057098389e-01
4.291324317455291748e-01
4.283300936222076416e-01
4.275687336921691895e-01
4.273564517498016357e-01
4.318391382694244385e-01
4.261235594749450684e-01
4.271364212036132812e-01
4.274562001228332520e-01
4.262798130512237549e-01
4.280911982059478760e-01
4.273709654808044434e-01
4.270882606506347656e-01
4.288893342018127441e-01
4.267424345016479492e-01
4.260888695716857910e-01
4.272095263004302979e-01
4.276033937931060791e-01
4.287328422069549561e-01
4.262982606887817383e-01
4.271674156188964844e-01
4.269177317619323730e-01
4.261519312858581543e-01
4.344409108161926270e-01
4.271209836006164551e-01
4.345223307609558105e-01
4.273504614830017090e-01
4.261072874069213867e-01
4.270892739295959473e-01
4.275417029857635498e-01
4.346645772457122803e-01
4.285151660442352295e-01
4.276303946971893311e-01
4.276537299156188965e-01
4.271878600120544434e-01
4.271813929080963135e-01
4.281001985073089600e-01
4.269347786903381348e-01
4.271415472030639648e-01
4.275530874729156494e-01
4.271034598350524902e-01
4.349699020385742188e-01
4.279457330703735352e-01
4.284279942512512207e-01
4.279256165027618408e-01
4.275333285331726074e-01
4.272249639034271240e-01
4.274162054061889648e-01
4.277826547622680664e-01
4.289377331733703613e-01
4.272879958152770996e-01
4.276203811168670654e-01
4.269730150699615479e-01
4.270408451557159424e-01
4.271653294563293457e-01
4.259999692440032959e-01
4.273468852043151855e-01
4.271413087844848633e-01
4.269747436046600342e-01
4.270969033241271973e-01
4.268492758274078369e-01
4.274210333824157715e-01
4.251438081264495850e-01
4.257468581199645996e-01
4.270752668380737305e-01
4.272878468036651611e-01
4.270813167095184326e-01
4.270922839641571045e-01
4.263951182365417480e-01
4.277603626251220703e-01
4.268864691257476807e-01
4.272764623165130615e-01
4.264602065086364746e-01
4.273318648338317871e-01
4.277645051479339600e-01
4.261502027511596680e-01
4.272586703300476074e-01
4.273371398448944092e-01
4.273665845394134521e-01
4.271334111690521240e-01
4.251453280448913574e-01
4.281359612941741943e-01
4.292084872722625732e-01
4.276355803012847900e-01
4.271101653575897217e-01
4.266020357608795166e-01
