7.250958085060119629e-01 1.582984775304794312e-01 7.372353971004486084e-02 4.288217797875404358e-02
1.184797110909130424e-05 9.999287128448486328e-01 8.969150258053559810e-06 5.050057006883434951e-05
4.688425008225749480e-07 5.042569682700559497e-06 2.538087428547441959e-04 9.997406601905822754e-01
8.502776622772216797e-01 3.326216712594032288e-03 1.416275650262832642e-01 4.768528975546360016e-03
8.046466064115520567e-06 3.181285574100911617e-04 1.231466376339085400e-05 9.996615648269653320e-01
5.581735240411944687e-05 9.995678663253784180e-01 2.774892782326787710e-04 9.873163071461021900e-05
8.311532735824584961e-01 1.894922170322388411e-04 1.163144335150718689e-01 5.234281346201896667e-02
9.027958512306213379e-01 1.491808798164129257e-04 1.629171019885689020e-04 9.689205884933471680e-02
4.432690143585205078e-02 9.508495330810546875e-01 1.274962094612419605e-03 3.548573004081845284e-03
1.568664051592350006e-02 7.212330698966979980e-01 1.306692212820053101e-01 1.324110031127929688e-01
9.984095692634582520e-01 2.042357227765023708e-04 1.381727401167154312e-03 4.432686182553879917e-06
2.317903097718954086e-03 9.803800582885742188e-01 4.382865881780162454e-06 1.729770191013813019e-02
