2.600864274427294731e-03 3.636761009693145752e-02 5.217693373560905457e-02 9.088546037673950195e-01
3.720809399965219200e-05 6.129110988695174456e-05 2.133680754923261702e-05 9.998801946640014648e-01
6.739336640748661011e-06 9.997847080230712891e-01 1.862176577560603619e-04 2.242223126813769341e-05
1.389042154187336564e-06 1.106434481812357262e-07 1.973902544705197215e-04 9.998010993003845215e-01
7.870169728994369507e-02 1.361371483653783798e-03 9.581532212905585766e-04 9.189788103103637695e-01
2.055687829852104187e-02 1.069125980138778687e-01 8.719114065170288086e-01 6.190391140989959240e-04
9.972622990608215332e-01 2.141207223758101463e-03 1.030849398375721648e-05 5.860809469595551491e-04
1.732140808599069715e-04 9.984153509140014648e-01 9.868682827800512314e-04 4.245376330800354481e-04
2.460551410913467407e-01 7.530021071434020996e-01 9.241227526217699051e-04 1.858470750448759645e-05
6.691906601190567017e-04 4.740876555442810059e-01 5.064470767974853516e-01 1.879606954753398895e-02
9.981383681297302246e-01 1.623235992155969143e-03 8.328509284183382988e-05 1.550305751152336597e-04
9.985446929931640625e-01 9.409326594322919846e-05 1.273291767574846745e-03 8.793491724645718932e-05
