7.480380645574769005e-06 9.981111884117126465e-01 1.745877554640173912e-03 1.354976848233491182e-04
2.082230290398001671e-03 7.400475442409515381e-03 4.164196070632897317e-06 9.905131459236145020e-01
2.021479886025190353e-03 2.679222961887717247e-04 2.262134803459048271e-04 9.974843859672546387e-01
4.243982402840629220e-05 9.999349117279052734e-01 2.150475120288319886e-05 1.140748281613923609e-06
7.002028869464993477e-04 9.992257356643676758e-01 7.181731052696704865e-05 2.270142431370913982e-06
9.996694922447204590e-01 8.982938197732437402e-07 3.167061950080096722e-04 1.284659811062738299e-05
1.507074981927871704e-01 8.490449786186218262e-01 2.037365629803389311e-04 4.382155384519137442e-05
1.441481872461736202e-03 1.176624819636344910e-01 8.808861374855041504e-01 9.842666258919052780e-06
1.127069554058834910e-04 8.051894903182983398e-01 1.946876496076583862e-01 1.006499223876744509e-05
6.115168798714876175e-03 1.570465564727783203e-01 4.288017749786376953e-03 8.325502872467041016e-01
1.969320178031921387e-01 7.771072983741760254e-01 2.560899034142494202e-02 3.516824508551508188e-04
9.997833371162414551e-01 1.662337308516725898e-05 1.861718774307519197e-04 1.387575139233376831e-05
