5.999492714181542397e-05 3.056956047657877207e-04 5.706924712285399437e-04 9.990636110305786133e-01
9.998902678489685059e-01 6.893771205795928836e-05 3.972629565396346152e-05 1.113599637392326258e-06
3.080845317526836880e-06 3.750242512978729792e-06 9.999930262565612793e-01 1.264003941514602047e-07
1.431486307410523295e-04 1.006316051643807441e-05 1.995027269003912807e-04 9.996473193168640137e-01
3.034968115389347076e-02 4.871835990343242884e-04 7.350964588113129139e-04 9.684280753135681152e-01
9.880721336230635643e-06 5.684010830009356141e-06 8.868041913956403732e-05 9.998956918716430664e-01
1.439078245311975479e-02 1.043519750237464905e-01 9.476116858422756195e-03 8.717811107635498047e-01
1.060027443600120023e-05 5.346773832570761442e-06 1.330147142653004266e-06 9.999827742576599121e-01
7.162404060363769531e-01 4.367984831333160400e-03 4.451015032827854156e-03 2.749406397342681885e-01
8.515462279319763184e-02 1.362990438938140869e-01 6.112036108970642090e-01 1.673427075147628784e-01
9.977915883064270020e-01 7.573872426291927695e-05 2.062297658994793892e-03 7.042862125672399998e-05
9.999292492866516113e-01 6.865168984404590447e-07 9.763548405317123979e-07 6.917727296240627766e-05
