9.817124605178833008e-01 1.523442006146069616e-05 1.810416579246520996e-02 1.681532157817855477e-04
9.377169013023376465e-01 4.677625373005867004e-02 1.111898478120565414e-02 4.387898836284875870e-03
1.888544559478759766e-01 8.203973621129989624e-02 6.939428448677062988e-01 3.516296297311782837e-02
1.256854011444374919e-04 3.874990852636983618e-06 9.996760487556457520e-01 1.943762763403356075e-04
7.003460777923464775e-04 1.739267557859420776e-01 3.312629705760627985e-04 8.250416517257690430e-01
8.192074346879962832e-06 9.304304122924804688e-01 6.955818831920623779e-02 3.172337073920061812e-06
7.424090504646301270e-01 3.898712748195976019e-06 5.971955601125955582e-03 2.516151070594787598e-01
5.982353741273982450e-06 2.644474804401397705e-01 1.787364817573688924e-05 7.355286478996276855e-01
2.408349391771480441e-04 1.210342859849333763e-03 8.471822738647460938e-01 1.513665914535522461e-01
1.388851815136149526e-04 2.767520025372505188e-02 1.195039227604866028e-01 8.526819944381713867e-01
2.660129393916577101e-04 9.994768500328063965e-01 2.613592641864670441e-06 2.545899769756942987e-04
1.278202762478031218e-05 9.999819993972778320e-01 2.563834186730673537e-06 2.688772156034247018e-06
