6.474521476775407791e-03 9.930082559585571289e-01 4.443277139216661453e-04 7.293461385415866971e-05
1.158227329142391682e-03 1.498221457004547119e-01 2.708666957914829254e-02 8.219329118728637695e-01
1.074400148354470730e-03 9.862933158874511719e-01 8.554534724680706859e-05 1.254677027463912964e-02
1.635691965930163860e-03 2.264983959321398288e-05 9.983410239219665527e-01 6.298147354755201377e-07
9.997442960739135742e-01 1.821318874135613441e-04 1.871153654064983130e-05 5.492124182637780905e-05
9.996266961097717285e-01 2.589527866803109646e-05 2.799571957439184189e-04 6.756958464393392205e-05
9.706411361694335938e-01 8.402353152632713318e-03 2.666781889274716377e-03 1.828968711197376251e-02
4.312105011194944382e-05 3.513337345793843269e-03 9.961444139480590820e-01 2.991170622408390045e-04
9.481533765792846680e-01 7.286179345101118088e-03 1.933903149620164186e-05 4.454118385910987854e-02
9.951928853988647461e-01 1.897971378639340401e-03 2.898573409765958786e-03 1.055815300787799060e-05
1.612361893057823181e-02 9.834648370742797852e-01 4.025884263683110476e-04 8.974412594398017973e-06
2.754410388661199249e-06 4.328108389017870650e-06 4.922215794067597017e-06 9.999880194664001465e-01
