9.649328421801328659e-04 7.140133064240217209e-03 9.915348887443542480e-01 3.600128111429512501e-04
5.466882884502410889e-02 9.439402818679809570e-01 3.280551709394785576e-06 1.387534197419881821e-03
4.145200364291667938e-06 9.376773959957063198e-06 6.151961861178278923e-04 9.993712902069091797e-01
5.495880544185638428e-02 9.148405194282531738e-01 3.018402680754661560e-02 1.670605342951603234e-05
1.140182212111540139e-05 9.065293937737806118e-08 9.999862313270568848e-01 2.231690586995682679e-06
9.828168153762817383e-01 2.639371132318046875e-06 8.292267011711373925e-06 1.717225462198257446e-02
7.902667675807606429e-06 1.653686922509223223e-04 1.028703482006676495e-04 9.997239112854003906e-01
7.908855332061648369e-05 5.355470348149538040e-04 9.988386034965515137e-01 5.467556184157729149e-04
3.794953045144211501e-07 6.624701200053095818e-04 5.315999151207506657e-04 9.988055229187011719e-01
9.755157828330993652e-01 2.369366958737373352e-02 7.694960222579538822e-04 2.105546445818617940e-05
5.096006589155877009e-06 9.996905326843261719e-01 1.459177001379430294e-04 1.584598649060353637e-04
1.976637286134064198e-04 2.371611446142196655e-02 5.060719326138496399e-02 9.254790544509887695e-01
