8.283591270446777344e-01 2.407092324574477971e-05 1.564396734465844929e-05 1.716011315584182739e-01
9.999722242355346680e-01 2.147930536011699587e-05 1.176073169517621864e-06 5.118279659654945135e-06
2.009697510629848693e-07 7.867239219194743782e-06 9.999788403511047363e-01 1.314652672590455040e-05
8.046998828649520874e-02 2.891654614359140396e-03 9.165017008781433105e-01 1.367187651339918375e-04
7.650983206985983998e-06 2.256565541028976440e-02 9.725433588027954102e-01 4.883324261754751205e-03
3.258801102638244629e-01 2.194395055994391441e-03 6.718518733978271484e-01 7.363817712757736444e-05
9.998586177825927734e-01 6.496570108538435306e-07 8.252859697677195072e-05 5.826440246892161667e-05
5.760417785495519638e-03 4.315037513151764870e-04 5.034022979089058936e-05 9.937577247619628906e-01
4.084558531758375466e-05 3.851785731967538595e-04 8.041258552111685276e-04 9.987698793411254883e-01
9.994558095932006836e-01 4.494032509683165699e-06 5.305904196575284004e-04 9.090844287129584700e-06
2.095474451780319214e-01 7.839403152465820312e-01 7.367772050201892853e-04 5.775464698672294617e-03
9.998331665992736816e-01 5.621428954327711836e-06 3.309749672553152777e-06 1.579114032210782170e-04
