8.721304475329816341e-04 9.895536303520202637e-01 9.236535988748073578e-03 3.376972745172679424e-04
2.274633850902318954e-03 2.110431529581546783e-02 9.683032631874084473e-01 8.317797444760799408e-03
5.174316465854644775e-03 9.925309419631958008e-01 1.725848560454323888e-04 2.122131641954183578e-03
8.487423474434763193e-05 2.860401291400194168e-04 9.923067092895507812e-01 7.322376128286123276e-03
9.988169074058532715e-01 6.165060913190245628e-04 5.464510759338736534e-04 2.003811823669821024e-05
4.091369453817605972e-03 4.627513771993108094e-05 4.441749115358106792e-05 9.958179593086242676e-01
9.991978406906127930e-01 2.086781169055029750e-04 7.213415301521308720e-06 5.862385733053088188e-04
2.298372464792919345e-06 1.036202069371938705e-03 9.989570975303649902e-01 4.429782620718469843e-06
9.975376725196838379e-01 7.256084063556045294e-05 2.279297914355993271e-03 1.104759066947735846e-04
7.552861422300338745e-02 4.119371995329856873e-03 9.179334640502929688e-01 2.418526681140065193e-03
4.701386764645576477e-02 9.498333930969238281e-01 3.564462240319699049e-04 2.796273911371827126e-03
2.380682053626514971e-05 1.950724617927335203e-05 1.143190730363130569e-02 9.885247945785522461e-01
