4.930406063795089722e-02 9.218333363533020020e-01 2.884209714829921722e-02 2.052309173450339586e-05
1.970957964658737183e-04 2.263487840536981821e-04 9.936763048171997070e-01 5.900273565202951431e-03
1.215227181091904640e-03 9.801097512245178223e-01 1.295046415179967880e-02 5.724634509533643723e-03
3.221124410629272461e-02 3.783112019300460815e-02 2.888924442231655121e-03 9.270687103271484375e-01
1.047420199029147625e-03 9.972050189971923828e-01 1.744222943671047688e-03 3.330185791128315032e-06
3.377635039214510471e-06 9.935658574104309082e-01 6.391845177859067917e-03 3.892586028086952865e-05
1.289983856622711755e-06 4.924462991766631603e-04 6.195568945258855820e-03 9.933107495307922363e-01
9.704606533050537109e-01 8.222704309446271509e-06 2.951551973819732666e-02 1.561318094900343567e-05
9.991695284843444824e-01 4.980374797014519572e-06 5.269383545964956284e-04 2.985745086334645748e-04
9.096797555685043335e-03 2.119617769494652748e-03 9.887611269950866699e-01 2.253398997709155083e-05
1.075551481335423887e-04 9.997460246086120605e-01 7.510270370403304696e-05 7.133478356990963221e-05
9.969779849052429199e-01 2.978183794766664505e-03 2.910564944613724947e-05 1.470982897444628179e-05
