4.109376168344169855e-04 2.404968626797199249e-02 9.284110856242477894e-04 9.746109843254089355e-01
8.307658572448417544e-05 7.298344373703002930e-01 1.675765961408615112e-01 1.025059074163436890e-01
9.954532384872436523e-01 2.875770907849073410e-03 1.150258933193981647e-03 5.207615322433412075e-04
8.232839703559875488e-01 3.830828703939914703e-03 6.634803861379623413e-02 1.065371036529541016e-01
9.149373173713684082e-01 6.343877315521240234e-02 8.653834811411798000e-05 2.153738029301166534e-02
1.524909138679504395e-01 1.695197075605392456e-02 4.464201992959715426e-06 8.305526375770568848e-01
9.906805157661437988e-01 9.515862075204495341e-06 3.456575504969805479e-04 8.964323438704013824e-03
3.775912569835782051e-03 1.161764841526746750e-02 7.002125382423400879e-01 2.843938469886779785e-01
9.476864943280816078e-05 4.244966257829219103e-04 9.994481205940246582e-01 3.265900522819720209e-05
1.361341128358617425e-04 9.829659461975097656e-01 1.674954406917095184e-02 1.484219683334231377e-04
3.922461066395044327e-03 3.507218509912490845e-02 8.827375713735818863e-04 9.601226449012756348e-01
8.539563859812915325e-04 5.314005538821220398e-04 9.951010346412658691e-01 3.513604635372757912e-03
