2.786366349027957767e-05 9.879661229206249118e-05 9.994177818298339844e-01 4.555530613288283348e-04
2.358005195856094360e-02 7.769885269226506352e-05 9.716029167175292969e-01 4.739269148558378220e-03
7.267421460710465908e-05 3.855548566207289696e-04 2.605066075921058655e-02 9.734911322593688965e-01
1.923423260450363159e-04 9.128107340075075626e-04 3.924606367945671082e-02 9.596487879753112793e-01
4.133735783398151398e-03 2.420078963041305542e-03 8.178492862498387694e-05 9.933643937110900879e-01
4.236497334204614162e-04 1.590658257555332966e-06 9.934920668601989746e-01 6.082728505134582520e-03
1.159671046480070800e-05 9.856261014938354492e-01 1.353395078331232071e-02 8.283896022476255894e-04
2.145705366274341941e-06 1.050727558322250843e-03 9.989393949508666992e-01 7.693268344155512750e-06
8.915854268707334995e-04 2.803216921165585518e-05 9.990647435188293457e-01 1.563845944474451244e-05
9.034115821123123169e-03 9.877208471298217773e-01 1.302871271036565304e-03 1.942165778018534184e-03
9.954246878623962402e-01 8.337818144354969263e-05 4.490599501878023148e-03 1.243346446244686376e-06
1.528848055750131607e-02 3.061337396502494812e-03 9.607651829719543457e-01 2.088503725826740265e-02
