9.999097585678100586e-01 1.959227802217355929e-06 8.544550655642524362e-05 2.862045676010893658e-06
1.787449121475219727e-01 7.791663408279418945e-01 4.157594591379165649e-02 5.128527991473674774e-04
4.582053588819690049e-05 7.621471285820007324e-01 1.795684695243835449e-01 5.823849141597747803e-02
9.640248417854309082e-01 1.081019081175327301e-02 1.403057012794306502e-05 2.515096962451934814e-02
9.985779523849487305e-01 7.761419983580708504e-04 6.408458575606346130e-04 5.019452601118246093e-06
9.721955060958862305e-01 2.561127303124521859e-06 1.127346113207750022e-04 2.768918499350547791e-02
9.992214441299438477e-01 6.289367447607219219e-04 1.119306375585438218e-06 1.485785032855346799e-04
1.214984295074827969e-04 1.577534749230835587e-05 9.998559951782226562e-01 6.749136446160264313e-06
9.987462759017944336e-01 1.179079874418675900e-03 2.493736610631458461e-05 4.967621862306259573e-05
8.871740102767944336e-01 1.606946025276556611e-04 1.126459985971450806e-01 1.934344618348404765e-05
4.446499985988339176e-07 9.491031050856690854e-06 9.999895691871643066e-01 4.655527732211339753e-07
1.010723412036895752e-03 1.602035462856292725e-01 1.141153723001480103e-01 7.246703505516052246e-01
