2.551969373598694801e-05 9.830153584480285645e-01 1.598135381937026978e-02 9.778147796168923378e-04
5.176693207431526389e-08 3.627829755714628845e-06 9.999715089797973633e-01 2.486604353180155158e-05
1.509438967332243919e-03 9.783271551132202148e-01 1.986329630017280579e-02 3.001054283231496811e-04
8.588298223912715912e-03 9.832746386528015137e-01 1.734141493216156960e-03 6.402900442481040955e-03
1.923199146986007690e-01 8.023611903190612793e-01 1.781441969797015190e-03 3.537457203492522240e-03
9.914763569831848145e-01 8.359108120203018188e-03 7.290952635230496526e-05 9.159548062598332763e-05
1.302275806665420532e-02 7.478957064449787140e-03 9.740232229232788086e-01 5.475030280649662018e-03
1.269680680707097054e-03 8.051192387938499451e-03 9.905849099159240723e-01 9.413723455509170890e-05
9.996909499168395996e-01 7.347991777351126075e-05 3.914387889381032437e-06 2.317060716450214386e-04
7.487578841391950846e-05 9.998002648353576660e-01 4.044574961881153286e-05 8.444875857094302773e-05
9.956083893775939941e-01 4.308213945478200912e-03 6.822791328886523843e-05 1.519440775155089796e-05
2.023213892243802547e-04 6.768888328224420547e-03 9.859896898269653320e-01 7.039115764200687408e-03
