7.918093353509902954e-03 2.490622689947485924e-03 9.893521070480346680e-01 2.391523303231224418e-04
9.906975030899047852e-01 2.383059822022914886e-03 4.980615805834531784e-03 1.938834902830421925e-03
9.993891119956970215e-01 8.561547292629256845e-05 4.681856080424040556e-04 5.712235360988415778e-05
2.234487794339656830e-03 4.814930725842714310e-04 1.723336055874824524e-02 9.800506234169006348e-01
9.345008606942428742e-07 9.326432943344116211e-01 3.237269993405789137e-06 6.735254079103469849e-02
4.670942202210426331e-03 9.759624004364013672e-01 2.433624176774173975e-04 1.912331767380237579e-02
2.233636332675814629e-04 9.990535378456115723e-01 3.863848105538636446e-04 3.366557648405432701e-04
5.936980014666914940e-04 1.136335195042192936e-03 1.935103721916675568e-02 9.789189696311950684e-01
2.638625539839267731e-02 2.626307541504502296e-03 9.706925749778747559e-01 2.948906039819121361e-04
1.299062045291066170e-03 9.593154191970825195e-01 3.938291966915130615e-02 2.625475872264360078e-06
7.308791391551494598e-03 8.701307177543640137e-01 1.125192418694496155e-01 1.004121080040931702e-02
1.415461068972945213e-03 6.083418338675983250e-05 5.409730947576463223e-04 9.979827404022216797e-01
