9.933641552925109863e-01 4.662439823732711375e-05 1.127732335589826107e-03 5.461449734866619110e-03
8.734643459320068359e-02 8.555190563201904297e-01 2.717572264373302460e-03 5.441688746213912964e-02
1.974382030311971903e-05 8.360270840057637542e-07 9.999730587005615234e-01 6.321657110675005242e-06
2.413672336842864752e-05 9.800643324851989746e-01 1.983113773167133331e-02 8.037850057007744908e-05
9.999576807022094727e-01 1.892707075512589654e-07 2.783081799861975014e-05 1.436212187400087714e-05
9.956236481666564941e-01 3.289935179054737091e-03 1.845698570832610130e-04 9.017955744639039040e-04
3.361429480719380081e-05 4.862033296376466751e-03 9.950980544090270996e-01 6.255320386117091402e-06
2.673995140867191367e-06 9.980496168136596680e-01 1.926752505823969841e-03 2.088589826598763466e-05
3.772392868995666504e-02 4.267787933349609375e-02 1.998082007048651576e-05 9.195781946182250977e-01
7.513184100389480591e-02 5.798081401735544205e-04 1.137861143797636032e-02 9.129096865653991699e-01
4.901657575828721747e-06 9.999549388885498047e-01 3.328288221382535994e-05 6.826106528023956344e-06
2.444532960653305054e-01 1.753245107829570770e-02 2.583015523850917816e-02 7.121840715408325195e-01
