9.042127132415771484e-01 4.956882912665605545e-03 8.849110454320907593e-02 2.339335624128580093e-03
2.542002403060905635e-05 6.474620103836059570e-02 2.922872826457023621e-02 9.059996008872985840e-01
1.764579564332962036e-01 1.281298510730266571e-02 6.992546695983037353e-05 8.106591701507568359e-01
1.076340777217410505e-04 3.702456888277083635e-04 9.991483688354492188e-01 3.737857332453131676e-04
1.645475713303312659e-04 1.362543389404891059e-05 9.692890644073486328e-01 3.053279034793376923e-02
7.382235024124383926e-03 3.115868894383311272e-04 8.751302361488342285e-01 1.171759814023971558e-01
1.280036085518077016e-04 9.997667074203491211e-01 4.322557651903480291e-05 6.210264109540730715e-05
6.780220866203308105e-01 1.907281726598739624e-01 1.309964507818222046e-01 2.532704093027859926e-04
9.996003508567810059e-01 7.469543197657912970e-05 3.229870344512164593e-04 2.002162318603950553e-06
1.513023107690969482e-06 7.315888524317415431e-06 7.713594823144376278e-05 9.999139904975891113e-01
9.706240296363830566e-01 1.632379926741123199e-02 3.512139199301600456e-03 9.540062397718429565e-03
2.957286834716796875e-01 7.031196951866149902e-01 2.078418474411591887e-04 9.438316919840872288e-04
