4.068327601999044418e-03 1.585458777844905853e-02 9.800706505775451660e-01 6.415162715711630881e-06
7.956275716423988342e-03 2.974246395751833916e-03 1.372127189824823290e-05 9.890558123588562012e-01
1.108489741454832256e-04 9.993760585784912109e-01 4.843577044084668159e-04 2.882726948882918805e-05
9.939616322517395020e-01 5.782456602901220322e-03 1.224177394760772586e-04 1.335238193860277534e-04
1.687872463662642986e-05 8.305103256134316325e-05 6.412106813513673842e-06 9.998936057090759277e-01
6.366027264448348433e-06 1.517855707788839936e-05 2.208190380770247430e-05 9.999564290046691895e-01
9.199258089065551758e-01 2.023953478783369064e-03 7.535315304994583130e-02 2.697134157642722130e-03
7.860947334847878665e-06 3.085304342675954103e-04 9.841783046722412109e-01 1.550535578280687332e-02
3.325176239013671875e-02 9.312680363655090332e-01 4.096888937056064606e-03 3.138327226042747498e-02
3.610147861763834953e-03 2.076599514111876488e-03 9.864991307258605957e-01 7.814167998731136322e-03
2.302113734185695648e-02 4.573851128952810541e-06 2.039733342826366425e-02 9.565769433975219727e-01
9.985237717628479004e-01 2.107320760842412710e-04 3.586949314922094345e-04 9.067518403753638268e-04
