1.049893558956682682e-03 2.750224247574806213e-02 9.250785708427429199e-01 4.636926576495170593e-02
4.744837951875524595e-06 1.774939300958067179e-04 1.916075125336647034e-04 9.996261596679687500e-01
9.579175114631652832e-01 1.137258834205567837e-03 4.015254229307174683e-02 7.926928228698670864e-04
2.200431376695632935e-01 7.487507462501525879e-01 1.410596305504441261e-04 3.106501512229442596e-02
9.694502296042628586e-06 3.353518433868885040e-03 6.549793481826782227e-02 9.311388731002807617e-01
1.378067652694880962e-03 1.672347425483167171e-04 9.816350340843200684e-01 1.681966334581375122e-02
1.212659262819215655e-04 4.445384092832682654e-06 7.825532293281867169e-07 9.998734593391418457e-01
4.173850268125534058e-02 5.320634227246046066e-04 9.570635557174682617e-01 6.658517522737383842e-04
9.978401660919189453e-01 1.714207231998443604e-03 2.763932861853390932e-04 1.692974474281072617e-04
2.747714705765247345e-02 5.413021519780158997e-02 9.174813032150268555e-01 9.114056592807173729e-04
4.069184433319605887e-05 9.998334050178527832e-01 4.742106102639809251e-05 7.843635103199630976e-05
4.925762186758220196e-05 9.256333708763122559e-01 4.283067211508750916e-02 3.148666396737098694e-02
