2.757983747869729996e-05 2.031301410170271993e-04 9.997529983520507812e-01 1.629108737688511610e-05
4.423306509852409363e-02 2.943173749372363091e-04 1.397770131006836891e-03 9.540748596191406250e-01
7.064207457005977631e-04 9.991251826286315918e-01 6.513453990919515491e-05 1.032725413097068667e-04
9.968550205230712891e-01 1.047012392518809065e-05 2.921674604294821620e-05 3.105275798588991165e-03
9.939854145050048828e-01 4.968046210706233978e-03 9.291138849221169949e-04 1.174319186247885227e-04
2.932977862656116486e-02 1.448926050215959549e-04 7.577141281217336655e-03 9.629481434822082520e-01
2.207678699051029980e-05 9.399859309196472168e-01 2.048882743110880256e-05 5.997149273753166199e-02
6.487705977633595467e-04 3.816867992281913757e-02 1.301559736020863056e-03 9.598810076713562012e-01
9.966090321540832520e-01 8.595424151280894876e-05 3.258773125708103180e-03 4.630801049643196166e-05
1.046072691679000854e-03 3.198519989382475615e-04 8.403219580650329590e-01 1.583121120929718018e-01
2.062847837805747986e-02 9.785621762275695801e-01 8.034322527237236500e-04 5.930992756475461647e-06
6.184834637679159641e-04 4.995427298126742244e-05 2.850523160304874182e-04 9.990465044975280762e-01
