7.389830797910690308e-02 1.882726355688646436e-04 9.204965829849243164e-01 5.416854284703731537e-03
1.383992639603093266e-05 6.029092673998093233e-06 9.997756481170654297e-01 2.044553257292136550e-04
1.726699993014335632e-03 9.978850483894348145e-01 3.245331463403999805e-04 6.362622661981731653e-05
9.657129049301147461e-01 1.116957515478134155e-02 4.784456919878721237e-03 1.833304576575756073e-02
4.826273396611213684e-02 9.474178552627563477e-01 3.933817613869905472e-03 3.855582035612314939e-04
9.719015955924987793e-01 2.580088749527931213e-02 2.274265745654702187e-03 2.327909533050842583e-05
1.598101080162450671e-04 9.263712167739868164e-01 7.342246174812316895e-02 4.643089778255671263e-05
2.427307044854387641e-04 1.372637599706649780e-01 8.446756005287170410e-01 1.781783811748027802e-02
3.233805298805236816e-03 9.960495233535766602e-01 6.932169781066477299e-04 2.345288703509140760e-05
9.998856186866760254e-01 6.072624501030077226e-07 2.584888352430425584e-05 8.788386185187846422e-05
8.837006753310561180e-04 1.022158903651870787e-04 1.184192115033511072e-05 9.990022182464599609e-01
1.028991304337978363e-02 5.313992500305175781e-03 5.610392690869048238e-06 9.843904376029968262e-01
