5.811606388306245208e-05 9.997184872627258301e-01 1.121411787607939914e-05 2.122328442055732012e-04
2.695539114938583225e-05 9.965330362319946289e-01 1.060258291545324028e-04 3.333961591124534607e-03
1.116519615607103333e-05 1.557045131921768188e-01 8.442735671997070312e-01 1.070165762939723209e-05
3.440148429945111275e-05 9.859656095504760742e-01 2.584876492619514465e-04 1.374149229377508163e-02
9.994179010391235352e-01 2.665554638952016830e-04 2.629710979817900807e-05 2.892892225645482540e-04
5.556152700592065230e-06 9.985060095787048340e-01 1.681147477938793600e-05 1.471552648581564426e-03
8.400941640138626099e-02 2.323494991287589073e-04 3.019326541107147932e-04 9.154562950134277344e-01
2.809660043567419052e-03 3.764985129237174988e-02 8.938719332218170166e-02 8.701533079147338867e-01
9.816979765892028809e-01 2.545752431615255773e-05 2.516883192583918571e-03 1.575970463454723358e-02
2.533169463276863098e-04 9.463308379054069519e-03 3.480388550087809563e-03 9.868030548095703125e-01
9.989483356475830078e-01 1.006094389595091343e-03 4.129765875404700637e-05 4.291420282243052498e-06
2.580108819529414177e-03 1.498536003055050969e-04 8.231288753449916840e-03 9.890387654304504395e-01
