9.710907936096191406e-01 4.889008123427629471e-04 1.646030507981777191e-02 1.195991877466440201e-02
3.573796013370156288e-03 3.497401776257902384e-04 9.834769368171691895e-01 1.259950548410415649e-02
2.038498496403917670e-05 8.363940119743347168e-01 1.508597880601882935e-01 1.272584591060876846e-02
1.183030474931001663e-02 9.771883487701416016e-01 1.096925605088472366e-02 1.206757315230788663e-05
1.469212584197521210e-03 9.975501298904418945e-01 1.811738184187561274e-05 9.624836966395378113e-04
8.425713181495666504e-01 2.328925475012511015e-04 2.276461012661457062e-02 1.344311237335205078e-01
1.489921063184738159e-01 1.580170937813818455e-03 8.485524058341979980e-01 8.752549183554947376e-04
9.804170727729797363e-01 1.107758749276399612e-02 1.370260026305913925e-03 7.135028485208749771e-03
7.797760367393493652e-01 5.967682693153619766e-03 1.906768232583999634e-02 1.951885819435119629e-01
5.627897335216403008e-04 9.929309487342834473e-01 1.286513725062832236e-04 6.377585697919130325e-03
1.907905607367865741e-05 9.991031289100646973e-01 4.111862290301360190e-05 8.366347174160182476e-04
3.411081343074329197e-05 4.993026595911942422e-05 5.575494375079870224e-03 9.943404793739318848e-01
