9.714380721561610699e-04 3.484385160845704377e-05 9.986196756362915039e-01 3.740421088878065348e-04
1.141970205935649574e-04 3.799580037593841553e-03 6.958256661891937256e-02 9.265037178993225098e-01
9.973589181900024414e-01 1.593442866578698158e-03 2.313822187716141343e-05 1.024501281790435314e-03
2.803053939715027809e-03 5.582852289080619812e-03 1.713119854684919119e-04 9.914427995681762695e-01
4.726242739707231522e-03 9.934012889862060547e-01 1.835087430663406849e-03 3.736207509064115584e-05
2.181867057515773922e-05 9.944561170414090157e-04 9.459125976718496531e-06 9.989742636680603027e-01
9.643814563751220703e-01 3.520418656989932060e-03 4.178326576948165894e-03 2.791973203420639038e-02
2.018265658989548683e-03 2.415914877929026261e-06 9.489437937736511230e-01 4.903544113039970398e-02
2.025217749178409576e-03 1.397812645882368088e-02 5.197849124670028687e-02 9.320181608200073242e-01
9.995229244232177734e-01 4.163935045653488487e-07 6.498354991890664678e-07 4.759936418849974871e-04
1.965443516382947564e-04 1.544027036288753152e-04 1.001937091350555420e-01 8.994553685188293457e-01
9.909070134162902832e-01 6.230576400412246585e-05 5.434076767414808273e-03 3.596650902181863785e-03
