6.491384119726717472e-04 1.510622329078614712e-03 1.936219981871545315e-03 9.959040284156799316e-01
9.265180826187133789e-01 6.906634569168090820e-02 4.310338757932186127e-03 1.051545841619372368e-04
9.014586210250854492e-01 9.821797162294387817e-02 1.201851409859955311e-04 2.031662152148783207e-04
1.382424086332321167e-01 8.305639028549194336e-03 1.660677480685990304e-05 8.534353375434875488e-01
9.921673154167365283e-06 4.148336127400398254e-02 2.317964285612106323e-02 9.353271126747131348e-01
1.276771854463731870e-05 2.758154296316206455e-04 9.996963143348693848e-01 1.507638535258593038e-05
1.846019476652145386e-01 8.123593330383300781e-01 2.631471259519457817e-03 4.073065356351435184e-04
9.332984089851379395e-01 4.931267816573381424e-03 2.384722392889671028e-06 6.176794692873954773e-02
1.847310340963304043e-04 9.997534155845642090e-01 2.553506965341512114e-05 3.637366535258479416e-05
3.833104670047760010e-02 7.472981815226376057e-04 5.622709635645151138e-03 9.552989602088928223e-01
2.336649458811734803e-06 9.999915957450866699e-01 3.585197646316373721e-06 2.478140004313900135e-06
1.588149558529039496e-07 9.320056438446044922e-01 2.631839597597718239e-03 6.536238640546798706e-02
