1.107575721107423306e-03 2.223690785467624664e-02 9.766212105751037598e-01 3.434903192101046443e-05
1.988365547731518745e-04 9.160546213388442993e-02 9.080061912536621094e-01 1.895046007120981812e-04
1.697627885732799768e-05 2.274567633867263794e-02 5.647378508001565933e-03 9.715899229049682617e-01
3.528213710524141788e-04 9.948461651802062988e-01 1.103411632357165217e-04 4.690684843808412552e-03
9.875607490539550781e-01 7.241163984872400761e-06 2.134006004780530930e-03 1.029793825000524521e-02
9.801172614097595215e-01 4.800293754669837654e-05 1.041520808939822018e-04 1.973050460219383240e-02
2.687402884475886822e-04 2.126260515069589019e-04 2.453078741382341832e-05 9.994941353797912598e-01
1.554108507662022021e-06 6.785643054172396660e-04 9.989957213401794434e-01 3.241146914660930634e-04
4.057120895595289767e-05 1.071990355849266052e-01 3.839221899397671223e-04 8.923764824867248535e-01
3.207325702533125877e-03 9.816361069679260254e-01 1.220933609147323295e-05 1.514437142759561539e-02
5.657292058458551764e-05 2.106008614646270871e-04 1.300448275287635624e-05 9.997198581695556641e-01
9.965439438819885254e-01 2.981671605084557086e-05 3.150201402604579926e-03 2.760901115834712982e-04
