9.999032616615295410e-01 2.919422877312172204e-05 6.508947990369051695e-05 2.520929456295561977e-06
4.179682582616806030e-04 1.007918253890238702e-04 9.820125997066497803e-04 9.984992742538452148e-01
1.573201443534344435e-04 8.197702467441558838e-03 5.011495575308799744e-02 9.415300488471984863e-01
9.999954700469970703e-01 2.570081278463476337e-06 1.902741018966480624e-06 1.601412691343284678e-07
2.936520331786596216e-06 1.549817170598544180e-05 7.945471224957145751e-06 9.999736547470092773e-01
2.474528970196843147e-03 7.026142627000808716e-02 4.305825755000114441e-02 8.842057585716247559e-01
2.414106577634811401e-01 8.741322671994566917e-04 7.115809917449951172e-01 4.613419249653816223e-02
4.870926216244697571e-02 9.507883191108703613e-01 2.406417297606822103e-05 4.783705226145684719e-04
9.924241304397583008e-01 2.315563382580876350e-03 5.223439540714025497e-03 3.688949436764232814e-05
5.020912794861942530e-06 1.627593534067273140e-03 1.369435776723548770e-04 9.982303977012634277e-01
7.954105967655777931e-04 7.274847030639648438e-01 2.717056572437286377e-01 1.421846627636114135e-05
1.881046220660209656e-03 1.267609150090720505e-06 3.068572841584682465e-03 9.950491189956665039e-01
