1.113853504648432136e-04 9.972485303878784180e-01 2.968672197312116623e-04 2.343167085200548172e-03
1.036006840877234936e-03 1.533124595880508423e-03 9.718246474221814424e-06 9.974210858345031738e-01
1.055061118677258492e-03 1.087520155124366283e-03 1.432965626008808613e-03 9.964244961738586426e-01
1.031784489750862122e-01 1.197256497107446194e-04 8.962931632995605469e-01 4.086634144186973572e-04
1.588440849445760250e-03 3.547035739757120609e-04 6.784360855817794800e-02 9.302132725715637207e-01
3.285603816038928926e-05 9.983679056167602539e-01 1.285808742977678776e-03 3.134001162834465504e-04
3.773732110857963562e-02 3.984749200753867626e-04 1.694822460412979126e-01 7.923819422721862793e-01
2.344603217352414504e-06 1.523462269688025117e-04 8.019566535949707031e-03 9.918256998062133789e-01
8.231392502784729004e-02 1.494821481173858047e-04 9.101497940719127655e-03 9.084350466728210449e-01
1.604624958417844027e-05 8.760939240455627441e-01 3.271584282629191875e-04 1.235628500580787659e-01
1.969576842384412885e-04 3.722481057047843933e-02 5.411250982433557510e-03 9.571670293807983398e-01
9.997895359992980957e-01 1.689355558482930064e-04 3.484082117211073637e-05 6.779568138881586492e-06
