1.247313246130943298e-02 6.080285087227821350e-02 1.607825979590415955e-04 9.265632033348083496e-01
8.530191183090209961e-01 1.798781566321849823e-03 9.346292167901992798e-02 5.171909928321838379e-02
2.928263274952769279e-04 7.783857290633022785e-04 9.977299571037292480e-01 1.198868849314749241e-03
6.570587400346994400e-03 1.362118870019912720e-01 8.372091650962829590e-01 2.000842988491058350e-02
5.808890435332614288e-08 9.999912977218627930e-01 7.372913728431740310e-07 7.962674317241180688e-06
2.481535484548658133e-04 1.467293623136356473e-05 9.360597133636474609e-01 6.367748975753784180e-02
3.997412025928497314e-01 2.231678536190884188e-06 6.002351641654968262e-01 2.144072095688898116e-05
1.380452613375382498e-05 9.986624717712402344e-01 1.074343104846775532e-03 2.493108040653169155e-04
9.837330579757690430e-01 3.551604459062218666e-04 1.585329696536064148e-02 5.841316306032240391e-05
7.135893156373640522e-06 4.160274565219879150e-01 5.621244311332702637e-01 2.184097655117511749e-02
9.939094185829162598e-01 2.742324490100145340e-03 2.296299673616886139e-03 1.051947125233709812e-03
9.999089241027832031e-01 5.541239806916564703e-05 2.371210939600132406e-06 3.338478200021199882e-05
