9.935352206230163574e-01 2.283233217895030975e-03 9.745910065248608589e-04 3.206989727914333344e-03
2.578624524176120758e-02 1.172874108306132257e-04 9.664428830146789551e-01 7.653571199625730515e-03
9.965420961380004883e-01 1.827527557907160372e-05 3.436645260080695152e-03 3.107107659161556512e-06
9.539139270782470703e-01 3.552666306495666504e-02 1.789924572221934795e-04 1.038039848208427429e-02
9.924245476722717285e-01 2.382611855864524841e-03 5.181939341127872467e-03 1.100198005588026717e-05
3.207792815373977646e-06 9.999830126762390137e-01 2.995292788909864612e-06 1.084168707166099921e-05
9.695701003074645996e-01 2.860816009342670441e-02 1.334206550382077694e-03 4.875604936387389898e-04
6.022261083126068115e-02 1.795259595382958651e-05 2.931057242676615715e-04 9.394663572311401367e-01
9.999272227287292480e-01 6.979100726312026381e-05 8.163000302374712192e-07 2.259032498841406778e-06
5.855219205841422081e-04 9.025413990020751953e-01 2.046071895165368915e-04 9.666852653026580811e-02
9.997361302375793457e-01 1.730588119244202971e-04 1.235223953699460253e-05 7.841522165108472109e-05
9.980202317237854004e-01 1.115192717406898737e-04 5.343117095435445663e-07 1.867708400823175907e-03
