9.706295132637023926e-01 2.811740152537822723e-02 5.199072766117751598e-04 7.331659435294568539e-04
2.925198292359709740e-03 9.819030674407258630e-05 4.743100435007363558e-04 9.965022802352905273e-01
1.388659793883562088e-02 9.410362243652343750e-01 2.850518934428691864e-02 1.657193154096603394e-02
5.335740279406309128e-04 8.034503087401390076e-03 5.719858035445213318e-02 9.342333674430847168e-01
1.993645128095522523e-04 1.299519557505846024e-02 9.369465708732604980e-02 8.931108117103576660e-01
7.241106033325195312e-02 9.253647923469543457e-01 2.755981695372611284e-04 1.948524848558008671e-03
7.717594271525740623e-04 4.971269667148590088e-01 2.712449803948402405e-02 4.749768078327178955e-01
9.957264065742492676e-01 1.240732672158628702e-05 4.096072167158126831e-03 1.650819031056016684e-04
1.245142146944999695e-02 9.826567173004150391e-01 4.885111935436725616e-03 6.803636551921954378e-06
3.467178717255592346e-02 1.305885147303342819e-03 9.212882518768310547e-01 4.273403808474540710e-02
9.238548874855041504e-01 2.848729491233825684e-05 7.573784887790679932e-02 3.787568421103060246e-04
2.137054798367898911e-05 1.267724728677421808e-04 7.843355536460876465e-01 2.155162543058395386e-01
