2.158862116630189121e-05 1.043013326125219464e-04 3.049201914109289646e-04 9.995691776275634766e-01
9.077020883560180664e-01 8.440484106540679932e-02 5.258788820356130600e-03 2.634239848703145981e-03
1.949982047080993652e-01 2.317787706851959229e-02 7.808321714401245117e-01 9.917620336636900902e-04
4.354684799909591675e-02 2.099151350557804108e-02 9.343056678771972656e-01 1.155860489234328270e-03
2.216767607023939490e-04 1.457802802324295044e-01 1.533119082450866699e-01 7.006861567497253418e-01
8.791440129280090332e-01 1.003144774585962296e-03 1.156611293554306030e-01 4.191726911813020706e-03
6.073164371400707751e-08 9.452960370026630699e-08 9.996786117553710938e-01 3.212562296539545059e-04
9.524262547492980957e-01 3.032076638191938400e-04 1.645109243690967560e-02 3.081938065588474274e-02
5.769731160398805514e-06 1.753942779032513499e-04 2.220132699903842877e-07 9.998186230659484863e-01
6.545184078277088702e-06 9.780649634194560349e-06 9.985190629959106445e-01 1.464590779505670071e-03
9.997338652610778809e-01 1.707434603304136544e-05 2.434409398119896650e-04 5.639872597384965047e-06
5.808006389997899532e-04 9.993398785591125488e-01 3.946022843592800200e-05 3.994355938630178571e-05
