1.603593933396041393e-03 3.949985330109484494e-05 2.360859187319874763e-03 9.959959983825683594e-01
3.840529825538396835e-05 9.999463558197021484e-01 4.892356173513690010e-06 1.031237843562848866e-05
5.624385923147201538e-02 9.088407754898071289e-01 3.488451614975929260e-02 3.083855335717089474e-05
9.918046593666076660e-01 2.409511478617787361e-03 5.736731458455324173e-03 4.912858639727346599e-05
9.518101811408996582e-01 3.603741154074668884e-02 6.629677955061197281e-04 1.148948073387145996e-02
4.939029895467683673e-05 9.997179508209228516e-01 6.750090688001364470e-05 1.651284546824172139e-04
4.506300762295722961e-02 7.942143565742298961e-05 3.130991899524815381e-05 9.548262953758239746e-01
8.442273974651470780e-05 9.798765778541564941e-01 2.459871393512003124e-05 2.001437917351722717e-02
9.870774149894714355e-01 1.121304091066122055e-02 1.565550570376217365e-03 1.439359912183135748e-04
1.781690953066572547e-04 1.226963242515921593e-03 9.282693862915039062e-01 7.032544910907745361e-02
7.688175886869430542e-02 2.999974600970745087e-02 7.335259318351745605e-01 1.595926135778427124e-01
9.999788403511047363e-01 9.308909056926495396e-07 1.386610438203206286e-05 6.385007054632296786e-06
