9.899320602416992188e-01 9.301811456680297852e-03 7.553992327302694321e-04 1.072013856173725799e-05
7.862813472747802734e-01 1.965345889329910278e-01 1.456008199602365494e-02 2.624023938551545143e-03
6.478038616478443146e-03 5.698560923337936401e-02 2.136198891093954444e-04 9.363226890563964844e-01
4.692864604294300079e-04 1.292109861969947815e-02 9.860996603965759277e-01 5.099300760775804520e-04
3.218923509120941162e-02 1.948089484358206391e-04 9.668278098106384277e-01 7.880867924541234970e-04
2.834684681147336960e-03 2.871467731893062592e-04 9.957614541053771973e-01 1.116701285354793072e-03
6.687762797810137272e-04 6.636984646320343018e-03 9.296388626098632812e-01 6.305540353059768677e-02
1.072823256254196167e-02 4.663779139518737793e-01 5.227343440055847168e-01 1.595420326339080930e-04
8.262653350830078125e-01 4.141613841056823730e-02 3.843327984213829041e-02 9.388524293899536133e-02
6.119902827776968479e-04 6.910795345902442932e-04 9.969724416732788086e-01 1.724491128697991371e-03
1.908982376335188746e-04 1.905849203467369080e-04 4.586148634552955627e-02 9.537570476531982422e-01
4.743476510047912598e-01 5.214171409606933594e-01 5.360267823562026024e-04 3.699220018461346626e-03
