3.138954751193523407e-03 4.987786523997783661e-03 1.546344459056854248e-01 8.372388482093811035e-01
7.496271427953615785e-05 9.804987311363220215e-01 1.498044730396941304e-05 1.941132359206676483e-02
9.997951984405517578e-01 1.453456789022311568e-04 5.580003198701888323e-05 3.642543560999911278e-06
1.016358328342903405e-05 9.990342259407043457e-01 9.453697130084037781e-04 1.031206011248286813e-05
1.301626180065795779e-04 1.040244751493446529e-05 2.394900220679119229e-04 9.996199607849121094e-01
9.750146269798278809e-01 2.203147858381271362e-03 8.954234072007238865e-04 2.188683301210403442e-02
5.477759623317979276e-05 4.971152520738542080e-04 2.342707157367840409e-04 9.992138743400573730e-01
6.562987808138132095e-03 2.787717312457971275e-05 9.933379888534545898e-01 7.125869160518050194e-05
9.242758154869079590e-01 7.043208926916122437e-02 5.075825378298759460e-03 2.162606251658871770e-04
9.996985793113708496e-01 1.701289693301077932e-05 2.024909917963668704e-05 2.641465398482978344e-04
8.508381247520446777e-01 3.654895699582993984e-04 1.463528424501419067e-01 2.443523844704031944e-03
6.487531214952468872e-02 9.344383478164672852e-01 6.182997603900730610e-04 6.803258293075487018e-05
