4.680594543060578872e-07 7.657630339963361621e-05 6.120030302554368973e-04 9.993109703063964844e-01
8.115141987800598145e-01 1.880443282425403595e-02 1.791550021152943373e-04 1.695021539926528931e-01
2.931351991719566286e-05 3.839098553726216778e-06 8.011163473129272461e-01 1.988504528999328613e-01
9.299630522727966309e-01 2.875686332117766142e-04 2.095394395291805267e-02 4.879542440176010132e-02
4.163565754424780607e-04 3.571817046577052679e-07 9.995752573013305664e-01 8.027600415516644716e-06
9.979251027107238770e-01 8.056119258981198072e-05 3.957044973503798246e-04 1.598564093001186848e-03
1.307895480806564592e-08 9.999970197677612305e-01 1.673969620696880156e-07 2.762105850706575438e-06
8.718935532670002431e-06 9.914188385009765625e-01 8.538145571947097778e-03 3.426238617976196110e-05
9.187108278274536133e-01 8.127790689468383789e-02 5.021638116886606440e-06 6.290939381869975477e-06
3.217568737454712391e-04 9.795505404472351074e-01 3.580829594284296036e-03 1.654683426022529602e-02
8.245531935244798660e-04 4.103666578885167837e-04 5.388962104916572571e-03 9.933760762214660645e-01
2.304803956576506607e-06 2.953345574496779591e-05 9.983443617820739746e-01 1.623783260583877563e-03
