5.952978881396120414e-06 9.998725056648254395e-01 9.310734458267688751e-05 2.848509575414936990e-05
9.991416931152343750e-01 5.729536642320454121e-04 2.787022676784545183e-04 6.756716175004839897e-06
4.769899696111679077e-02 6.141551239124964923e-06 7.455340528395026922e-05 9.522202610969543457e-01
9.492648839950561523e-01 5.033050104975700378e-02 3.853467351291328669e-04 1.925102878885809332e-05
5.997910648147808388e-06 9.990972280502319336e-01 8.638062863610684872e-04 3.288187144789844751e-05
1.969076984096318483e-04 5.415645241737365723e-02 5.151981895323842764e-06 9.456414580345153809e-01
2.706597447395324707e-01 4.548752307891845703e-02 4.194924607872962952e-02 6.419034600257873535e-01
9.999812245368957520e-01 3.170546847286459524e-08 3.280401870142668486e-06 1.548226100567262620e-05
7.046681642532348633e-01 1.096647009253501892e-01 1.856566667556762695e-01 1.043785596266388893e-05
9.658986926078796387e-01 2.746972069144248962e-02 6.625534500926733017e-03 6.043806934030726552e-06
3.510420501697808504e-04 1.593333319760859013e-03 9.976949095726013184e-01 3.606902319006621838e-04
9.028493762016296387e-01 9.695995599031448364e-02 6.757380469935014844e-05 1.230936759384348989e-04
