2.916953917520004325e-06 5.551307913265191019e-05 9.999338388442993164e-01 7.704159543209243566e-06
4.708034612121991813e-05 9.323849081993103027e-01 6.439509801566600800e-03 6.112837418913841248e-02
2.350015565752983093e-02 9.504949450492858887e-01 1.862085983157157898e-02 7.384052034467458725e-03
7.945874705910682678e-03 3.295437619090080261e-02 9.533751606941223145e-01 5.724503193050622940e-03
5.877781177332508378e-07 9.988318681716918945e-01 1.379396271659061313e-04 1.029633102007210255e-03
1.265115570276975632e-04 1.685722850197635125e-06 6.747397128492593765e-04 9.991970062255859375e-01
5.133227023179642856e-05 2.903937229348230176e-06 9.988416433334350586e-01 1.104200142435729504e-03
4.420265213411767036e-06 3.519107820466160774e-03 9.956488609313964844e-01 8.275929722003638744e-04
1.943490700796246529e-03 2.580521441996097565e-02 9.718429446220397949e-01 4.083504318259656429e-04
2.364367683185264468e-04 7.719999644905328751e-03 9.874922037124633789e-01 4.551311489194631577e-03
6.386395078152418137e-03 1.523056125734001398e-04 1.318797967542195693e-05 9.934481382369995117e-01
1.569978296756744385e-01 1.443389101041248068e-05 8.424423336982727051e-01 5.453352932818233967e-04
