3.598927651182748377e-05 4.222917777951806784e-04 9.933746457099914551e-01 6.167076993733644485e-03
7.649636827409267426e-03 9.655772447586059570e-01 2.642220258712768555e-02 3.509607340674847364e-04
3.807163797318935394e-03 7.563878316432237625e-04 9.953718781471252441e-01 6.457797280745580792e-05
1.951508689671754837e-03 4.290258220862597227e-04 9.778990149497985840e-01 1.972043141722679138e-02
9.997572898864746094e-01 1.210163318319246173e-04 3.546815787558443844e-05 8.618145511718466878e-05
6.132880225777626038e-03 9.895924925804138184e-01 1.217903569340705872e-03 3.056753659620881081e-03
9.970709085464477539e-01 2.332476242372649722e-06 1.003381563350558281e-03 1.923342468217015266e-03
3.505637869238853455e-04 9.988700747489929199e-01 6.627789116464555264e-05 7.130905869416892529e-04
2.404523342847824097e-01 7.559415102005004883e-01 3.353318243171088398e-05 3.572661662474274635e-03
4.628877155482769012e-03 9.833281636238098145e-01 1.180029939860105515e-02 2.425888669677078724e-04
4.152096153120510280e-06 6.480282536358572543e-06 9.999778866767883301e-01 1.149326817539986223e-05
1.029558107256889343e-02 9.885568618774414062e-01 1.992024465380382026e-07 1.147387782111763954e-03
