9.992524981498718262e-01 6.936914724064990878e-05 2.335334866074845195e-04 4.445645608939230442e-04
3.901807067450135946e-04 2.834893530234694481e-03 1.301795151084661484e-02 9.837570190429687500e-01
9.948806166648864746e-01 4.839740227907896042e-03 7.697475666645914316e-05 2.026580477831885219e-04
5.689070894732140005e-05 9.993589520454406738e-01 5.831447779200971127e-04 1.047484715854807291e-06
9.329316020011901855e-01 5.157077684998512268e-02 1.288499333895742893e-04 1.536882854998111725e-02
1.916490728035569191e-03 8.101965785026550293e-01 1.876024901866912842e-01 2.843251568265259266e-04
9.883618354797363281e-01 2.343829954043030739e-03 8.019105531275272369e-03 1.275192480534315109e-03
8.075351268053054810e-02 4.088288638740777969e-03 1.148270675912499428e-03 9.140099287033081055e-01
8.452920913696289062e-01 7.758891582489013672e-02 7.453393191099166870e-02 2.585093490779399872e-03
1.811693618947174400e-05 6.402775645256042480e-02 8.075439109234139323e-05 9.358733892440795898e-01
9.258239269256591797e-01 7.403672486543655396e-02 9.792618220672011375e-05 4.140324745094403625e-05
2.701481207623146474e-05 1.551582245156168938e-03 3.066363278776407242e-04 9.981147646903991699e-01
