1.101522054523229599e-02 5.197293590754270554e-03 9.206369519233703613e-01 6.315052509307861328e-02
8.541530966758728027e-01 5.144837126135826111e-02 6.639567762613296509e-02 2.800290472805500031e-02
1.147837028838694096e-03 9.017186760902404785e-01 9.377047419548034668e-02 3.363025607541203499e-03
3.025439940392971039e-02 9.499440789222717285e-01 2.239688546978868544e-05 1.977903023362159729e-02
9.795804619789123535e-01 1.281604181713191792e-05 5.677418666891753674e-04 1.983902975916862488e-02
1.607871800661087036e-02 2.281809574924409389e-04 9.836488962173461914e-01 4.424343205755576491e-05
9.262611865997314453e-01 8.708753739483654499e-04 6.633006781339645386e-02 6.537853274494409561e-03
1.021306146867573261e-03 9.909396171569824219e-01 8.024489507079124451e-03 1.458193491998827085e-05
8.364209905266761780e-03 2.705203928053379059e-02 1.272463612258434296e-02 9.518590569496154785e-01
1.450641866540536284e-04 9.478657841682434082e-01 2.080529928207397461e-03 4.990864545106887817e-02
9.952689409255981445e-01 7.405514770653098822e-05 8.209256520785856992e-06 4.648824688047170639e-03
3.432109369896352291e-04 9.537534117698669434e-01 8.476843358948826790e-04 4.505568742752075195e-02
