9.555583596229553223e-01 1.800291053950786591e-02 5.698158201994374394e-05 2.638172544538974762e-02
7.765263915061950684e-01 1.936949640512466431e-01 2.619993314146995544e-02 3.578705480322241783e-03
7.656565139768645167e-05 5.921828687860397622e-06 6.531860708491876721e-05 9.998521804809570312e-01
6.944571137428283691e-01 1.538239568471908569e-01 1.502401679754257202e-01 1.478779129683971405e-03
6.990222609601914883e-04 1.085569783754181117e-05 9.992076754570007324e-01 8.247382356785237789e-05
7.479545474052429199e-01 3.886345541104674339e-03 1.983034759759902954e-01 4.985566809773445129e-02
9.914608001708984375e-01 4.770523810293525457e-05 2.357122721150517464e-03 6.134381983429193497e-03
2.067562490701675415e-01 4.694824814796447754e-01 6.538206944242119789e-04 3.231074512004852295e-01
1.232707351446151733e-01 5.071929626865312457e-05 2.787605626508593559e-05 8.766506910324096680e-01
2.196417699451558292e-05 9.999143481254577637e-01 7.646545782336033881e-06 5.608630453934893012e-05
9.788630604743957520e-01 1.854802576417569071e-05 2.108241245150566101e-02 3.600638592615723610e-05
2.492562316547264345e-06 9.999660253524780273e-01 2.700227560126222670e-05 4.488395916268927976e-06
