9.928236603736877441e-01 5.230711773037910461e-03 2.477669622749090195e-04 1.697746803984045982e-03
9.957576990127563477e-01 2.712752029765397310e-04 8.423320832662284374e-04 3.128617070615291595e-03
9.996398091316223145e-01 6.728297739755362272e-05 2.188545913668349385e-04 7.409090176224708557e-05
9.951941967010498047e-01 4.563007038086652756e-03 1.103383328882046044e-04 1.324089244008064270e-04
2.816250175237655640e-02 9.067302197217941284e-02 1.775177568197250366e-01 7.036467194557189941e-01
9.982732534408569336e-01 1.282622455619275570e-03 1.314296678174287081e-04 3.127144591417163610e-04
9.184615612030029297e-01 1.611520722508430481e-02 2.986148465424776077e-04 6.512463837862014771e-02
1.369392275810241699e-01 1.313357800245285034e-02 8.383246660232543945e-01 1.160250045359134674e-02
1.383914495818316936e-04 9.956709146499633789e-01 3.627903992310166359e-03 5.628170329146087170e-04
7.978067733347415924e-03 9.808462858200073242e-01 1.008195802569389343e-02 1.093591097742319107e-03
9.997324347496032715e-01 1.769355440046638250e-04 7.794118573656305671e-05 1.268978121515829116e-05
9.988995790481567383e-01 1.611947081983089447e-04 8.979961276054382324e-04 4.131466266699135303e-05
