7.586137508042156696e-04 4.385686293244361877e-02 9.216791391372680664e-01 3.370540961623191833e-02
2.642082283273339272e-03 5.974969826638698578e-05 1.579724699258804321e-01 8.393257260322570801e-01
3.832350671291351318e-02 7.803739309310913086e-01 1.595460474491119385e-01 2.175648510456085205e-02
2.724657533690333366e-04 1.937690058184671216e-06 9.518564343452453613e-01 4.786917194724082947e-02
7.324756383895874023e-01 2.755419816821813583e-03 2.639610767364501953e-01 8.078388636931777000e-04
5.871806642971932888e-04 9.992803335189819336e-01 2.907900579884881154e-06 1.295546535402536392e-04
9.991666674613952637e-01 1.171514231828041375e-04 7.068287814036011696e-04 9.382794814882799983e-06
1.661180285736918449e-03 9.391629719175398350e-04 9.738897085189819336e-01 2.350991778075695038e-02
1.299767609452828765e-04 1.157316789031028748e-01 1.485324930399656296e-03 8.826529979705810547e-01
1.583161763846874237e-03 2.729421714320778847e-03 1.570089625602122396e-05 9.956716895103454590e-01
1.400281348651333246e-06 4.743282261188142002e-05 1.627645804546773434e-03 9.983235597610473633e-01
1.208857611345592886e-05 3.730557864400907420e-06 9.991678595542907715e-01 8.162790327332913876e-04
