9.231572747230529785e-01 2.367694675922393799e-02 3.942917287349700928e-02 1.373665872961282730e-02
1.648128265514969826e-03 3.008994553965749219e-06 6.098827270761830732e-06 9.983427524566650391e-01
2.794540487229824066e-03 9.134346246719360352e-01 1.846016966737806797e-04 8.358626812696456909e-02
9.455697181692812592e-06 9.997234940528869629e-01 2.423102268949151039e-04 2.470588333380874246e-05
3.942583862226456404e-04 2.185442717745900154e-03 3.434665268287062645e-05 9.973859786987304688e-01
1.598777598701417446e-03 3.867884352803230286e-02 1.845106999098788947e-05 9.597039818763732910e-01
2.773622870445251465e-01 7.193674682639539242e-04 1.140053756535053253e-02 7.105178236961364746e-01
9.999529719352722168e-01 1.513933796104538487e-07 4.500108479987829924e-05 1.833422516028804239e-06
1.382996561005711555e-04 9.896807670593261719e-01 1.016789674758911133e-02 1.303519820794463158e-05
3.942538984119892120e-03 7.059195041656494141e-01 1.079262001439929008e-04 2.900301218032836914e-01
7.174438360380008817e-05 9.973996281623840332e-01 2.517884131520986557e-03 1.069717291102278978e-05
9.104822874069213867e-01 2.259255573153495789e-02 8.808409911580383778e-04 6.604427099227905273e-02
