9.984427094459533691e-01 1.424610498361289501e-03 5.798526399303227663e-05 7.468261173926293850e-05
3.478762664599344134e-06 5.046822934673400596e-06 9.999656677246093750e-01 2.582198794698342681e-05
1.509352878201752901e-04 6.285194307565689087e-02 1.647856831550598145e-01 7.722114920616149902e-01
9.999732971191406250e-01 8.944516594056040049e-08 9.481248639531258959e-07 2.566655894042924047e-05
9.570896029472351074e-01 2.668693778105080128e-04 4.227838292717933655e-02 3.651242295745760202e-04
1.320228911936283112e-04 1.760194281814619899e-04 9.996126294136047363e-01 7.935496250865980983e-05
2.054677497653756291e-05 2.793920066324062645e-05 1.626913444852107204e-06 9.999499320983886719e-01
2.030528634786605835e-01 1.523143053054809570e-01 6.436333060264587402e-01 9.995053987950086594e-04
9.918807148933410645e-01 1.319624800544261234e-07 7.559688761830329895e-03 5.594149697571992874e-04
5.532788418349809945e-05 2.144410063920076936e-05 9.998407959938049316e-01 8.242166950367391109e-05
4.526000916957855225e-01 4.994328618049621582e-01 4.572129249572753906e-02 2.245817799121141434e-03
4.081806400790810585e-05 7.824534177780151367e-01 2.793937346723396331e-05 2.174778431653976440e-01
