9.981320500373840332e-01 4.271215002518147230e-04 1.325012650340795517e-03 1.157804290414787829e-04
1.500119734555482864e-02 3.804020583629608154e-02 1.028895494528114796e-03 9.459297060966491699e-01
2.272803394589573145e-04 1.635021362744737417e-05 8.028280735015869141e-01 1.969282478094100952e-01
1.041368977894308046e-05 8.428115165770577732e-07 6.102393672335892916e-05 9.999276995658874512e-01
2.998261697939597070e-05 3.034153905900893733e-06 9.997251033782958984e-01 2.418865769868716598e-04
1.362973451614379883e-02 2.556340303272008896e-03 9.619297385215759277e-01 2.188418246805667877e-02
5.259396129986271262e-05 3.630788996815681458e-03 9.038870930671691895e-01 9.242959320545196533e-02
1.823619868446257897e-06 3.547138476278632879e-04 9.996373653411865234e-01 6.064344688638811931e-06
5.863565093022771180e-05 1.850967601058073342e-05 9.999222159385681152e-01 5.991255989101773594e-07
6.109926700592041016e-01 1.134546399116516113e-01 2.753354609012603760e-01 2.173379471059888601e-04
9.992968440055847168e-01 6.484101177193224430e-04 4.328628347138874233e-05 1.151053584180772305e-05
8.287709951400756836e-01 6.058142753317952156e-05 1.663354039192199707e-01 4.833041224628686905e-03
