8.139252713590394706e-06 3.760746913030743599e-03 1.528187654912471771e-03 9.947028756141662598e-01
4.175842180848121643e-02 3.898396342992782593e-02 2.619227871036855504e-06 9.192550182342529297e-01
4.856664687395095825e-03 2.384625840932130814e-04 9.646986722946166992e-01 3.020617738366127014e-02
9.995815753936767578e-01 3.663515963125973940e-04 9.270484952139668167e-06 4.272013393347151577e-05
2.790756298054475337e-06 9.875523574010003358e-06 9.997171759605407715e-01 2.701573830563575029e-04
9.461173415184020996e-01 3.398050740361213684e-02 1.957388035953044891e-02 3.283213591203093529e-04
7.537357305409386754e-05 9.595661163330078125e-01 1.093462924472987652e-04 4.024916887283325195e-02
9.456948041915893555e-01 6.664601620286703110e-03 4.770837258547544479e-03 4.286972060799598694e-02
9.489516378380358219e-04 8.078335667960345745e-04 9.982240796089172363e-01 1.914601307362318039e-05
1.492157578468322754e-03 2.029912080615758896e-03 9.958530664443969727e-01 6.248608697205781937e-04
2.990452048834413290e-04 4.825032502412796021e-02 8.486770987510681152e-01 1.027734801173210144e-01
3.949894104152917862e-03 7.895177077443804592e-06 2.190932573284953833e-04 9.958231449127197266e-01
