3.904583281837403774e-04 3.500416059978306293e-04 2.263069851323962212e-03 9.969964027404785156e-01
4.489159618970006704e-05 9.999373555183410645e-01 3.161740323776029982e-06 1.462654836359433830e-05
9.333217144012451172e-01 4.952015727758407593e-02 1.703973487019538879e-02 1.183767817565239966e-04
2.044387906789779663e-01 3.217391297221183777e-02 4.215544555336236954e-03 7.591717243194580078e-01
5.539332960324827582e-06 3.114794380962848663e-03 1.178708509542047977e-03 9.957008957862854004e-01
1.739986985921859741e-01 8.177256584167480469e-01 2.678286546142771840e-05 8.248824626207351685e-03
9.005007743835449219e-01 8.411586284637451172e-03 3.535198420286178589e-02 5.573561415076255798e-02
9.977427721023559570e-01 2.109245397150516510e-03 1.398826498189009726e-05 1.340550079476088285e-04
1.426623293809825554e-05 8.191038068616762757e-05 9.998973608016967773e-01 6.463986210292205215e-06
6.601667846553027630e-04 4.415719304233789444e-04 9.985564351081848145e-01 3.418632259126752615e-04
1.446953865524847060e-05 9.979103803634643555e-01 1.193807911477051675e-04 1.955820014700293541e-03
2.132943482138216496e-04 9.171059937216341496e-04 3.942682815250009298e-04 9.984753727912902832e-01
