2.902254636865109205e-04 3.747167065739631653e-04 2.959083758469205350e-05 9.993054270744323730e-01
9.999165534973144531e-01 5.035428785049589351e-06 7.616108632646501064e-05 2.254919991173665039e-06
4.254389181733131409e-02 1.222496270202100277e-03 9.559463858604431152e-01 2.872913319151848555e-04
9.681388139724731445e-01 2.069030655547976494e-03 2.334105037152767181e-02 6.451101973652839661e-03
9.822768568992614746e-01 1.342626102268695831e-02 2.877061953768134117e-03 1.419862150214612484e-03
9.987300634384155273e-01 1.463063085793692153e-06 1.267233164981007576e-03 1.182166670332662761e-06
9.882693290710449219e-01 1.151734869927167892e-02 1.516756165074184537e-04 6.160919292597100139e-05
4.868947507929988205e-05 1.262062505702488124e-05 6.789775937795639038e-02 9.320408701896667480e-01
4.908589646220207214e-02 4.134560876991599798e-04 9.486786127090454102e-01 1.822017016820609570e-03
3.578207542886957526e-05 5.471603013575077057e-03 2.463873897795565426e-05 9.944679737091064453e-01
4.452755820238962770e-05 9.982714056968688965e-01 5.296567542245611548e-05 1.631095539778470993e-03
3.692261129617691040e-02 1.997551444219425321e-04 9.622767567634582520e-01 6.008417112752795219e-04
