9.560330510139465332e-01 4.336412996053695679e-02 6.574444705620408058e-05 5.371339502744376659e-04
3.102431583101861179e-05 9.998934268951416016e-01 2.485274853825103492e-05 5.068659811513498425e-05
9.135378599166870117e-01 1.247677835635840893e-03 8.269963413476943970e-02 2.514846855774521828e-03
8.788310289382934570e-01 1.874485425651073456e-02 1.013043001294136047e-01 1.119871158152818680e-03
7.883549481630325317e-02 3.842679725494235754e-04 8.560017347335815430e-01 6.477849930524826050e-02
9.717813134193420410e-01 1.837468147277832031e-02 3.110290344920940697e-05 9.812870062887668610e-03
9.999316930770874023e-01 4.485187309910543263e-05 1.078769491869024932e-05 1.272455756406998262e-05
9.987617731094360352e-01 7.136781732697272673e-06 2.187835889344569296e-05 1.209281967021524906e-03
9.919372200965881348e-01 1.256731222383677959e-03 5.208072834648191929e-04 6.285241805016994476e-03
9.944536685943603516e-01 1.184875436592847109e-04 5.407960154116153717e-03 1.991779754462186247e-05
1.027458999305963516e-02 2.930641174316406250e-03 5.140344364917837083e-05 9.867433309555053711e-01
9.993298649787902832e-01 1.229817189596360549e-05 6.162666832096874714e-04 4.156984869041480124e-05
