8.161408305168151855e-01 3.241857513785362244e-02 1.410730779170989990e-01 1.036748196929693222e-02
9.990298151969909668e-01 6.291706813499331474e-04 3.187658148817718029e-04 2.217558176198508590e-05
9.795031547546386719e-01 6.718662334606051445e-04 9.498260915279388428e-04 1.887517794966697693e-02
9.966529607772827148e-01 4.012519639218226075e-05 1.869692709988157731e-06 3.305074991658329964e-03
1.902944743633270264e-01 9.723660186864435673e-04 7.950721979141235352e-01 1.366094220429658890e-02
5.234371928963810205e-05 1.207586537930183113e-04 9.998012185096740723e-01 2.568090712884441018e-05
9.986649751663208008e-01 6.858968845335766673e-05 3.342999261803925037e-04 9.321622783318161964e-04
9.716394543647766113e-01 3.707768337335437536e-04 2.753531746566295624e-02 4.544058465398848057e-04
3.649494101409800351e-05 4.479580093175172806e-05 9.998838901519775391e-01 3.483148975647054613e-05
1.346131284662988037e-06 8.458472439087927341e-04 9.712733626365661621e-01 2.787943556904792786e-02
2.152885826944839209e-05 2.826046454629249638e-07 9.999743103981018066e-01 3.871140961564378813e-06
9.997801780700683594e-01 1.933061503223143518e-05 1.903320080600678921e-04 1.010241430776659399e-05
