2.160520991310477257e-03 1.769263893365859985e-01 9.461720287799835205e-02 7.262958884239196777e-01
2.977140138682443649e-05 9.994336962699890137e-01 1.903624797705560923e-04 3.461694286670535803e-04
1.656981112319044769e-05 8.006347343325614929e-03 1.189611884910846129e-05 9.919651746749877930e-01
3.801212369580753148e-05 1.050961669534444809e-02 9.892315268516540527e-01 2.208783262176439166e-04
3.771003321162424982e-05 1.083706971257925034e-02 9.891223907470703125e-01 2.794115744109149091e-06
4.216838988213567063e-06 1.211063587106764317e-03 9.987834692001342773e-01 1.334288981524878182e-06
5.962197110056877136e-02 1.924942992627620697e-02 9.515058994293212891e-02 8.259779810905456543e-01
7.335744798183441162e-03 2.268425760121317580e-06 8.713560104370117188e-01 1.213059425354003906e-01
8.331983350217342377e-03 9.197714971378445625e-04 8.797538280487060547e-01 1.109944507479667664e-01
3.218086494598537683e-04 8.765633538132533431e-06 9.962502121925354004e-01 3.419315908104181290e-03
8.404234904446639121e-06 9.990314841270446777e-01 7.965424447320401669e-04 1.636184606468304992e-04
9.998162984848022461e-01 4.303810783312655985e-06 9.387855243403464556e-05 8.553083898732438684e-05
