1.257216208614408970e-03 9.981730580329895020e-01 5.376907938625663519e-05 5.159865831956267357e-04
7.933131456375122070e-01 2.074063941836357117e-02 1.832992583513259888e-01 2.646935405209660530e-03
8.549870472052134573e-06 1.351318132947199047e-05 9.999488592147827148e-01 2.901560583268292248e-05
7.020739372819662094e-03 2.799071080517023802e-04 8.165932297706604004e-01 1.761061400175094604e-01
1.376468967646360397e-02 6.797070091124624014e-05 7.369424565695226192e-05 9.860936999320983887e-01
3.911128640174865723e-02 1.206793589517474174e-03 2.557494342327117920e-01 7.039324641227722168e-01
2.066365050268359482e-05 1.041124778566882014e-05 4.620449908543378115e-05 9.999227523803710938e-01
1.149619856732897460e-04 8.658960837237827946e-07 5.782500807072210591e-07 9.998835921287536621e-01
7.882407307624816895e-01 1.681329756975173950e-01 4.357709735631942749e-02 4.923502638121135533e-05
2.730510896071791649e-04 1.346655539236962795e-03 1.942855268716812134e-01 8.040947914123535156e-01
1.010970771312713623e-01 7.972884774208068848e-01 5.224520573392510414e-04 1.010920256376266479e-01
3.481407838989980519e-05 1.981399145734030753e-05 9.999446868896484375e-01 6.928123639227123931e-07
