3.534028655849397182e-05 9.990212674892973155e-06 6.930220934009412304e-06 9.999477863311767578e-01
2.455929853022098541e-02 6.354109500534832478e-04 1.029223203659057617e-01 8.718829751014709473e-01
2.097194194793701172e-01 4.205686971545219421e-02 1.287671271711587906e-02 7.353470325469970703e-01
9.997212290763854980e-01 9.824854714679531753e-06 2.672024129424244165e-04 1.829769075811782386e-06
2.385985499131493270e-05 1.738445647060871124e-02 8.228594437241554260e-03 9.743630886077880859e-01
6.508659862447530031e-05 8.683139681816101074e-01 1.735002850182354450e-03 1.298858821392059326e-01
9.995332956314086914e-01 3.829720662906765938e-04 2.633213443914428353e-05 5.741668428527191281e-05
7.017388939857482910e-01 2.498420625925064087e-01 7.965962868183851242e-05 4.833937436342239380e-02
9.986786246299743652e-01 5.248523084446787834e-04 2.954846877400996163e-06 7.936428301036357880e-04
1.595662553199872491e-07 9.999641180038452148e-01 3.810731641351594590e-07 3.535847281455062330e-05
3.106665826635435224e-05 2.995768397795472993e-07 9.999386072158813477e-01 3.001925688295159489e-05
9.168102145195007324e-01 7.437444478273391724e-02 8.752835914492607117e-03 6.255954940570518374e-05
