7.561619713669642806e-05 9.985386133193969727e-01 1.371376099996268749e-03 1.438556500943377614e-05
5.587052106857299805e-01 1.156377220468129963e-05 2.567423507571220398e-04 4.410265386104583740e-01
1.069749589078128338e-03 1.915189623832702637e-01 3.950102836824953556e-04 8.070163130760192871e-01
2.007838775170966983e-04 1.275194138288497925e-01 6.539160851389169693e-03 8.657406568527221680e-01
1.591522246599197388e-03 1.820980833144858479e-04 5.274415798339759931e-06 9.982210993766784668e-01
1.330348104238510132e-02 4.337348855187883601e-06 9.771232008934020996e-01 9.568988345563411713e-03
1.113331563828978688e-05 8.927220106124877930e-01 6.488525308668613434e-03 1.007782593369483948e-01
9.995902180671691895e-01 4.510158396442420781e-05 3.634942113421857357e-04 1.196475523101980798e-06
2.043971471721306443e-04 4.341395197116071358e-06 9.995995759963989258e-01 1.916749024530872703e-04
1.535211503505706787e-01 6.004117727279663086e-01 9.270783630199730396e-05 2.459744364023208618e-01
9.294784069061279297e-01 7.009648531675338745e-02 4.005967639386653900e-04 2.452228363836184144e-05
2.069514084723778069e-05 2.628377696964889765e-04 9.997111558914184570e-01 5.335629339242586866e-06
