1.310337218455970287e-03 2.945403009653091431e-02 9.689686298370361328e-01 2.669772657100111246e-04
9.927313923835754395e-01 1.092222752049565315e-03 6.109810899943113327e-03 6.655662582488730550e-05
8.914168574847280979e-05 4.734497051686048508e-03 2.899311296641826630e-02 9.661833047866821289e-01
1.280924188904464245e-04 9.957377910614013672e-01 4.055142402648925781e-03 7.897568139014765620e-05
5.202952306717634201e-04 6.057155769667588174e-05 9.805694818496704102e-01 1.884969696402549744e-02
2.868743904400616884e-04 1.293123699724674225e-03 7.289511995622888207e-05 9.983471035957336426e-01
2.587718330323696136e-02 9.612628072500228882e-02 1.400882683810777962e-05 8.779824972152709961e-01
2.904055581893771887e-04 3.078531008213758469e-04 3.019884388777427375e-05 9.993715286254882812e-01
3.691623569466173649e-04 7.336208946071565151e-04 1.258026750292629004e-04 9.987714290618896484e-01
6.948359077796339989e-05 4.440987017005681992e-03 3.046369420189876109e-05 9.954590201377868652e-01
1.058605193975381553e-04 6.152245914563536644e-04 9.992338418960571289e-01 4.511622682912275195e-05
3.178725251927971840e-03 9.610348343849182129e-01 1.228705077664926648e-04 3.566354513168334961e-02
