3.105889481958001852e-05 2.880387764889746904e-04 9.984177350997924805e-01 1.263124053366482258e-03
7.213209755718708038e-05 1.446317764930427074e-03 1.324122240475844592e-05 9.984683394432067871e-01
2.009748714044690132e-04 4.608764126896858215e-02 7.556712953373789787e-04 9.529556632041931152e-01
4.348816350102424622e-03 9.934992790222167969e-01 1.828751526772975922e-03 3.231137525290250778e-04
2.479800395667552948e-02 9.397317767143249512e-01 3.534009307622909546e-02 1.301328884437680244e-04
1.000571955955820158e-05 1.870296982815489173e-04 9.990445375442504883e-01 7.584714330732822418e-04
1.136711426079273224e-02 9.882599115371704102e-01 2.113628434017300606e-04 1.615836663404479623e-04
9.027543663978576660e-01 8.515555411577224731e-03 5.228242278099060059e-02 3.644768893718719482e-02
9.513923578197136521e-05 7.678931578993797302e-03 9.891169071197509766e-01 3.109098179265856743e-03
9.999112486839294434e-01 3.380099997229990549e-06 1.825553454182227142e-06 8.356221223948523402e-05
1.792274415493011475e-02 9.820207953453063965e-01 4.342621832620352507e-05 1.307850016019074246e-05
2.441802353132516146e-04 9.937908649444580078e-01 5.280865821987390518e-03 6.840740679763257504e-04
