9.940819144248962402e-01 4.686318803578615189e-03 8.950843475759029388e-04 3.367222961969673634e-04
1.689756390987895429e-05 6.127852975623682141e-05 9.999012351036071777e-01 2.059016333078034222e-05
6.316944200079888105e-05 9.355360269546508789e-01 1.385094074066728354e-04 6.426229327917098999e-02
1.198333993670530617e-04 8.967950293481408153e-07 9.998770952224731445e-01 2.149866077161277644e-06
9.889898896217346191e-01 4.825909563805907965e-04 8.006710559129714966e-03 2.520801499485969543e-03
1.931413862621411681e-05 1.579741537570953369e-01 8.419588804244995117e-01 4.764656114275567234e-05
1.529349014163017273e-03 1.818596683733630925e-05 2.795431315898895264e-01 7.189092636108398438e-01
5.902749762753956020e-06 5.937703535892069340e-04 1.361181348329409957e-04 9.992641806602478027e-01
2.048915921477600932e-04 9.997048974037170410e-01 1.120936667575733736e-05 7.905578240752220154e-05
1.761054843664169312e-01 8.224126100540161133e-01 9.401764837093651295e-04 5.416640779003500938e-04
4.236831367015838623e-01 3.055519461631774902e-01 2.703965604305267334e-01 3.683412796817719936e-04
2.552421996369957924e-03 5.425939802080392838e-03 7.470677495002746582e-01 2.449539452791213989e-01
