1.270499974489212036e-01 8.113102316856384277e-01 6.159115582704544067e-02 4.862358764512464404e-05
1.126884017139673233e-02 4.259562492370605469e-02 9.443444609642028809e-01 1.791046815924346447e-03
2.022496801146189682e-06 1.572122710058465600e-05 9.999572038650512695e-01 2.506406781321857125e-05
8.238365262513980269e-05 9.998511075973510742e-01 1.882022047539066989e-06 6.467909406637772918e-05
8.786745638644788414e-06 3.195471072103828192e-05 1.964060061254713219e-07 9.999591112136840820e-01
9.990182518959045410e-01 6.908615614520385861e-05 5.412035079643828794e-06 9.072128450497984886e-04
9.854390025138854980e-01 1.269816234707832336e-02 6.100169848650693893e-04 1.252737361937761307e-03
9.524102807044982910e-01 3.274302696809172630e-03 3.422795271035283804e-05 4.428114742040634155e-02
2.768655074760317802e-03 1.468963819206692278e-05 9.966636300086975098e-01 5.530990310944616795e-04
7.594199269078671932e-04 9.737856388092041016e-01 2.364818193018436432e-02 1.806763350032269955e-03
9.485487937927246094e-01 1.082392486750904936e-06 7.986085489392280579e-03 4.346403479576110840e-02
9.964668154716491699e-01 1.754257391439750791e-04 7.324949838221073151e-04 2.625288674607872963e-03
