5.300404154695570469e-04 5.851039290428161621e-02 1.494981697760522366e-03 9.394646286964416504e-01
9.483863115310668945e-01 3.179274266585707664e-03 4.061194509267807007e-02 7.822453044354915619e-03
3.888203296810388565e-03 2.898938510043080896e-05 9.960792064666748047e-01 3.692720838444074616e-06
8.730887770652770996e-01 1.267510950565338135e-01 1.006266757030971348e-04 5.946388773736543953e-05
9.989252090454101562e-01 6.546052190969930962e-06 2.697296622500289232e-05 1.041269744746387005e-03
2.187430509366095066e-04 9.971234798431396484e-01 1.512943254056153819e-05 2.642693696543574333e-03
3.972764898207969964e-05 3.531531256157904863e-04 1.056324923411011696e-03 9.985507726669311523e-01
9.730182290077209473e-01 1.226467918604612350e-02 1.182230887934565544e-03 1.353488489985466003e-02
3.992577549070119858e-03 2.692294174266862683e-06 9.960046410560607910e-01 1.101490099131297029e-07
5.097881658002734184e-04 4.467885568737983704e-02 9.262786507606506348e-01 2.853267639875411987e-02
5.014366979594342411e-05 4.433823050931096077e-05 9.998958706855773926e-01 9.660846444603521377e-06
1.153764128684997559e-01 2.684377133846282959e-02 8.572227954864501953e-01 5.570561625063419342e-04
