6.902166642248630524e-04 2.971205976791679859e-04 9.989686012268066406e-01 4.405921936267986894e-05
1.119856096920557320e-04 4.882862867816584185e-06 9.998793601989746094e-01 3.752410293600405566e-06
9.989399313926696777e-01 9.069990483112633228e-04 1.481977960793301463e-04 4.811177859664894640e-06
2.603437314974144101e-05 1.174791177618317306e-04 6.555437576025724411e-03 9.933010339736938477e-01
1.103324368596076965e-01 6.588744581677019596e-04 8.825502991676330566e-01 6.458419375121593475e-03
6.135855219326913357e-04 9.681401848793029785e-01 3.122206032276153564e-02 2.415864764770958573e-05
1.876630634069442749e-02 7.767319213598966599e-03 9.734603762626647949e-01 5.971102382318349555e-06
2.946624226751737297e-05 9.171786904335021973e-02 2.385004889219999313e-03 9.058676362037658691e-01
4.053557931911200285e-04 1.890422863652929664e-04 3.420259654521942139e-01 6.573796272277832031e-01
2.637253237480763346e-05 3.089066827669739723e-03 9.910310506820678711e-01 5.853515584021806717e-03
4.328487906605005264e-03 9.920220375061035156e-01 6.482283351942896843e-04 3.001176286488771439e-03
2.981096273288130760e-03 8.295690268278121948e-02 8.761103345023002476e-06 9.140532612800598145e-01
