2.084841951727867126e-02 9.240376949310302734e-02 1.979635562747716904e-03 8.847681879997253418e-01
9.847607612609863281e-01 1.132532543124398217e-05 3.820642887149006128e-04 1.484586950391530991e-02
9.998290538787841797e-01 8.825091754260938615e-06 8.781126234680414200e-05 7.432747952407225966e-05
9.938800930976867676e-01 4.692411457654088736e-04 2.914880635216832161e-03 2.735886024311184883e-03
2.380031764914747328e-05 9.998646378517150879e-01 1.085530457203276455e-04 3.020783651663805358e-06
1.168102771043777466e-01 8.729938268661499023e-01 2.936915052487165667e-06 1.019286923110485077e-02
5.476701073348522186e-03 8.745010495185852051e-01 1.198206916451454163e-01 2.014630590565502644e-04
4.210160404909402132e-04 9.994441866874694824e-01 1.251835201401263475e-04 9.700223017716780305e-06
9.510687589645385742e-01 8.415621414314955473e-05 4.474243149161338806e-03 4.437286034226417542e-02
1.508237123489379883e-01 8.371397256851196289e-01 6.127343047410249710e-03 5.909218452870845795e-03
1.558935618959367275e-04 3.534610368660651147e-05 2.979686250910162926e-04 9.995108246803283691e-01
4.056921228766441345e-03 2.254986902698874474e-04 8.907793164253234863e-01 1.049383208155632019e-01
