5.269132088869810104e-04 1.797137956600636244e-04 1.051132217980921268e-03 9.982423186302185059e-01
8.802767843008041382e-02 1.291308872168883681e-04 3.541357873473316431e-04 9.114890694618225098e-01
5.128651484847068787e-02 2.873492427170276642e-02 6.157895313663175330e-06 9.199723601341247559e-01
1.185970104415901005e-04 3.915702924132347107e-02 9.366545677185058594e-01 2.406979352235794067e-02
4.540231078863143921e-02 1.402581074216868728e-05 7.350230216979980469e-01 2.195606380701065063e-01
1.673522964119911194e-02 1.683511072769761086e-05 7.182916306192055345e-06 9.832407236099243164e-01
6.565994408447295427e-05 2.821224508807063103e-03 9.456615447998046875e-01 5.145152285695075989e-02
3.066296875476837158e-02 8.154689073562622070e-01 1.495885550975799561e-01 4.279548302292823792e-03
3.185001842211931944e-04 1.857114955782890320e-03 2.269382774829864502e-01 7.708860635757446289e-01
9.937292933464050293e-01 3.076575740124098957e-05 3.760913619771599770e-03 2.479091752320528030e-03
9.976448416709899902e-01 5.899426832911558449e-05 2.276908373460173607e-03 1.926852019096259028e-05
1.858697360148653388e-04 9.334970116615295410e-01 2.201715251430869102e-03 6.411547958850860596e-02
