1.729722251184284687e-03 7.727385032922029495e-03 9.904950857162475586e-01 4.782329051522538066e-05
1.966403360711410642e-04 7.974348068237304688e-01 1.312540620565414429e-01 7.111445814371109009e-02
1.803881302475929260e-02 1.171668805181980133e-02 9.701965451240539551e-01 4.799319140147417784e-05
3.434717364143580198e-04 9.995924830436706543e-01 6.298899097600951791e-05 1.080588162949425168e-06
1.734352117637172341e-04 9.195273742079734802e-05 9.929403662681579590e-01 6.794217973947525024e-03
7.132271421141922474e-04 9.834604859352111816e-01 4.040546249598264694e-03 1.178572140634059906e-02
4.556079581379890442e-02 2.285372320329770446e-04 9.539114832878112793e-01 2.991757646668702364e-04
8.895541213860269636e-06 5.688325018127216026e-06 9.999682307243347168e-01 1.718286330287810415e-05
5.273515125736594200e-04 4.497912246733903885e-03 6.754301022738218307e-03 9.882204532623291016e-01
9.819866418838500977e-01 1.407592117175227031e-05 3.649851578302332200e-06 1.799564622342586517e-02
7.308574936359946150e-07 9.999961853027343750e-01 2.410236447758506984e-06 6.351352794808917679e-07
9.927031397819519043e-01 7.973908213898539543e-05 7.160617969930171967e-03 5.646159843308851123e-05
