9.205034375190734863e-01 7.866909354925155640e-02 2.237072658317629248e-05 8.051394252106547356e-04
1.077399123460054398e-03 9.987738132476806641e-01 3.930952516384422779e-05 1.095000916393473744e-04
4.601153250405332074e-06 9.914194345474243164e-01 8.574784733355045319e-03 1.174764975075959228e-06
9.993063211441040039e-01 1.791326649254187942e-04 2.411754539934918284e-04 2.733702422119677067e-04
4.000718945462722331e-06 7.777028679847717285e-01 8.536043424101080745e-06 2.222845852375030518e-01
2.944684401154518127e-02 9.471588730812072754e-01 1.145308371633291245e-02 1.194118987768888474e-02
3.934818378183990717e-04 9.979918599128723145e-01 1.611433806829154491e-03 3.152806812067865394e-06
1.313016837229952216e-04 1.099594160914421082e-01 6.224132180213928223e-01 2.674960196018218994e-01
1.490239170379936695e-03 2.642155289649963379e-01 1.535289455205202103e-03 7.327589988708496094e-01
2.822536528110504150e-01 1.297780405730009079e-02 7.047669291496276855e-01 1.553024276290670969e-06
1.579717354616150260e-05 1.495285118835454341e-06 9.997770190238952637e-01 2.057083765976130962e-04
1.782880574464797974e-01 8.209295272827148438e-01 2.309002302354201674e-04 5.515086231753230095e-04
