8.579918183386325836e-03 8.163497447967529297e-01 2.565537579357624054e-04 1.748137325048446655e-01
2.624151669442653656e-02 3.006592579185962677e-02 5.401219823397696018e-04 9.431524872779846191e-01
8.248803615570068359e-01 2.516209380701184273e-03 1.541738118976354599e-02 1.571860462427139282e-01
3.106968011707067490e-03 1.620172224647831172e-05 2.399303193669766188e-04 9.966368675231933594e-01
5.735777449444867671e-05 4.223532509058713913e-03 9.952114820480346680e-01 5.076100351288914680e-04
9.998628497123718262e-01 1.209467591252177954e-04 1.214064832311123610e-05 4.062394054926699027e-06
1.262155365111539140e-06 1.904169679619371891e-03 4.780690687766764313e-06 9.980898499488830566e-01
8.335915481438860297e-05 2.312953583896160126e-03 8.414051844738423824e-04 9.967622756958007812e-01
9.900372028350830078e-01 9.598684497177600861e-03 1.392887588735902682e-05 3.500669263303279877e-04
1.369664911180734634e-03 9.983649849891662598e-01 2.503358118701726198e-04 1.501769384049111977e-05
3.498432040214538574e-01 3.024226287379860878e-03 2.091315574944019318e-03 6.450412869453430176e-01
2.457978576421737671e-02 2.346023917198181152e-03 9.180748747894540429e-06 9.730649590492248535e-01
