4.865994924330152571e-05 9.995344281196594238e-01 4.204333436064189300e-06 4.127093125134706497e-04
4.074252210557460785e-03 1.611629733815789223e-03 9.621016383171081543e-01 3.221249952912330627e-02
9.586424827575683594e-01 2.336930338060483336e-04 1.199398138851393014e-05 4.111175611615180969e-02
9.753019809722900391e-01 5.537674296647310257e-04 1.183862448669970036e-03 2.296038158237934113e-02
1.024486300593707711e-05 2.261589997942792252e-06 7.437561180267948657e-07 9.999867677688598633e-01
3.977127373218536377e-02 1.301516931562218815e-05 7.033404472167603672e-07 9.602149724960327148e-01
3.845659193757455796e-06 9.999836087226867676e-01 1.004849400487728417e-05 2.506646751498919912e-06
1.115595478040631860e-05 2.367279557802248746e-05 3.319809958338737488e-02 9.667670726776123047e-01
5.046716978540644050e-05 9.964076876640319824e-01 2.464132150635123253e-03 1.077685505151748657e-03
2.869775198632851243e-05 6.326364818960428238e-04 9.063614532351493835e-03 9.902750849723815918e-01
7.064844830892980099e-04 7.251841598190367222e-04 7.770095765590667725e-02 9.208673834800720215e-01
9.986547231674194336e-01 9.110281825996935368e-04 1.840516961237881333e-05 4.158498486503958702e-04
