2.466831821948289871e-03 9.944512844085693359e-01 1.819145982153713703e-03 1.262723002582788467e-03
4.765604535350576043e-05 2.187155000865459442e-02 9.779915213584899902e-01 8.924536086851730943e-05
4.256245214492082596e-03 5.031692795455455780e-03 4.097581495443591848e-06 9.907079339027404785e-01
7.020058110356330872e-03 1.573261171579360962e-01 8.291594982147216797e-01 6.494311150163412094e-03
2.627487701829522848e-04 2.054550871253013611e-02 1.171708208858035505e-04 9.790745377540588379e-01
9.998349547386169434e-01 1.242362395714735612e-05 4.892109427601099014e-05 1.036108442349359393e-04
2.942596189677715302e-02 3.283709474999341182e-06 2.525055110454559326e-01 7.180652618408203125e-01
4.882106930017471313e-02 6.278638029471039772e-04 2.257298183394595981e-04 9.503253102302551270e-01
7.173503399826586246e-04 1.164634078741073608e-01 7.500676438212394714e-04 8.820691704750061035e-01
1.320362644037231803e-04 9.764324426651000977e-01 6.784706376492977142e-03 1.665087789297103882e-02
4.122121595173666719e-07 4.070710856467485428e-04 9.995887875556945801e-01 3.662165681816986762e-06
1.583043922437354922e-04 4.389408786664716899e-05 9.997857213020324707e-01 1.212752158608054742e-05
