1.765119668561965227e-04 9.998071193695068359e-01 1.558271287649404258e-05 8.283944907816476189e-07
1.715564285404980183e-03 1.334915030747652054e-02 1.257392112165689468e-03 9.836778640747070312e-01
9.601679444313049316e-02 3.655384993180632591e-03 1.758805010467767715e-03 8.985689878463745117e-01
1.907852850854396820e-02 8.808333277702331543e-01 1.328724995255470276e-02 8.680093288421630859e-02
1.193479984067380428e-04 4.173056036233901978e-02 3.851846940960967913e-06 9.581462740898132324e-01
9.993802309036254883e-01 5.232055555097758770e-04 5.119904744788073003e-05 4.530111255007795990e-05
8.964213520812336355e-06 2.890884061343967915e-04 4.731186436401912943e-06 9.996972084045410156e-01
9.795652627944946289e-01 1.752687808220798615e-06 2.042616531252861023e-02 6.830531219748081639e-06
3.590065034586586989e-06 5.899852112634107471e-06 2.700167533475905657e-04 9.997205138206481934e-01
2.267130548716522753e-05 3.592665016185492277e-04 2.231768099591135979e-03 9.973863363265991211e-01
6.594708247575908899e-05 2.298810053616762161e-03 3.601972275646403432e-05 9.975992441177368164e-01
2.374881660216487944e-06 9.997215867042541504e-01 4.624309440259821713e-06 2.713822759687900543e-04
