2.961364574730396271e-03 9.963514804840087891e-01 4.984463157597929239e-05 6.372982752509415150e-04
9.948961138725280762e-01 8.313886064570397139e-05 6.238491623662412167e-04 4.396966658532619476e-03
1.193624825646111276e-06 9.995210766792297363e-01 6.587340976693667471e-06 4.712269292213022709e-04
5.991669604554772377e-04 9.993466138839721680e-01 1.853639332694001496e-05 3.566348095773719251e-05
3.764288965612649918e-03 2.613559132441878319e-03 1.528153195977210999e-03 9.920939803123474121e-01
1.433475175872445107e-03 9.693974256515502930e-01 1.423730136593803763e-04 2.902680635452270508e-02
7.282473234226927161e-05 7.242136052809655666e-05 4.580440872814506292e-05 9.998089671134948730e-01
9.998526573181152344e-01 3.393995029910001904e-06 4.057544356328435242e-05 1.033996813930571079e-04
2.362961276958230883e-05 3.664357791421934962e-05 9.999113082885742188e-01 2.843052243406418711e-05
8.281705379486083984e-01 1.172055527567863464e-01 5.290179327130317688e-02 1.722206943668425083e-03
2.021715641021728516e-01 4.126003768760710955e-04 7.961741089820861816e-01 1.241778139956295490e-03
9.353048205375671387e-01 1.011626096442341805e-03 5.219480954110622406e-05 6.363139301538467407e-02
