1.731216252665035427e-05 1.207251443702261895e-06 3.044749792024958879e-05 9.999510049819946289e-01
1.843532299972139299e-05 9.999805092811584473e-01 5.362364277061715256e-07 5.953626214250107296e-07
9.999604821205139160e-01 7.678867405047640204e-06 2.946131462522316724e-05 2.388240091022453271e-06
9.852982163429260254e-01 6.806792691349983215e-03 7.540369988419115543e-04 7.140856701880693436e-03
1.496551781892776489e-01 1.096309162676334381e-03 1.967729628086090088e-02 8.295712471008300781e-01
3.253073245286941528e-02 5.449412492453120649e-05 2.153990268707275391e-01 7.520157098770141602e-01
5.851632449775934219e-04 1.000008545815944672e-03 9.845768213272094727e-01 1.383804064244031906e-02
1.649718342378037050e-06 9.978190064430236816e-01 1.316365320235490799e-03 8.629459771327674389e-04
9.703804254531860352e-01 1.113669015467166901e-03 2.671941416338086128e-03 2.583394013345241547e-02
9.118945854424964637e-06 9.110894054174423218e-02 6.690986920148134232e-03 9.021909832954406738e-01
2.753949593170545995e-05 7.412969716824591160e-05 9.998556375503540039e-01 4.272298610885627568e-05
2.556149959564208984e-01 1.994426362216472626e-03 7.423678636550903320e-01 2.269684227940160781e-05
