1.076499102055095136e-04 1.301977317780256271e-02 9.716384410858154297e-01 1.523410715162754059e-02
1.431553158909082413e-02 9.755630493164062500e-01 7.124679541448131204e-05 1.005024649202823639e-02
1.260118151549249887e-04 1.559316297061741352e-05 9.998481869697570801e-01 1.020064792101038620e-05
2.625014894874766469e-05 2.945581823587417603e-02 3.106355870841071010e-05 9.704868793487548828e-01
3.555717691779136658e-02 9.436858892440795898e-01 2.041459456086158752e-02 3.423381713218986988e-04
9.913275241851806641e-01 1.566270831972360611e-03 7.063450757414102554e-03 4.274469756637699902e-05
2.708602405618876219e-04 2.146855513274203986e-05 9.914835691452026367e-01 8.224073797464370728e-03
3.221710812795208767e-06 4.457120212464360520e-06 9.999503493309020996e-01 4.192942651570774615e-05
1.431005541235208511e-03 6.295488476753234863e-01 3.689477145671844482e-01 7.245669257827103138e-05
3.686541749630123377e-04 3.169879550114274025e-03 9.963350892066955566e-01 1.264366728719323874e-04
3.735558948392281309e-06 9.984188675880432129e-01 1.511129550635814667e-03 6.624878733418881893e-05
4.074849421158432961e-04 1.103719696402549744e-04 3.464483313564414857e-07 9.994817972183227539e-01
