9.575846791267395020e-01 1.303354394622147083e-03 3.709075972437858582e-04 4.074110463261604309e-02
9.277064353227615356e-03 1.050812206813134253e-04 9.905942082405090332e-01 2.367806882830336690e-05
4.113093837077030912e-06 8.390731811523437500e-01 2.685385406948626041e-04 1.606541126966476440e-01
6.407537148334085941e-05 3.671230388135882095e-06 7.023174021014710888e-06 9.999251961708068848e-01
1.367664486169815063e-01 3.414975479245185852e-03 9.538264130242168903e-04 8.588647246360778809e-01
1.782791614532470703e-01 1.246963347512064502e-05 8.204475045204162598e-01 1.260888762772083282e-03
6.955702556297183037e-04 9.210776686668395996e-01 1.096801934181712568e-04 7.811700552701950073e-02
1.273221522569656372e-01 2.402760088443756104e-02 7.078676819801330566e-01 1.407826095819473267e-01
7.957502384670078754e-04 5.489031173055991530e-05 9.991244673728942871e-01 2.498858702892903239e-05
1.971369056263938546e-04 9.936068058013916016e-01 2.107032109051942825e-03 4.089104477316141129e-03
9.677149653434753418e-01 1.000252304947935045e-04 2.440474418108351529e-05 3.216057643294334412e-02
9.229574352502822876e-02 6.157845258712768555e-01 6.516446173191070557e-02 2.267552316188812256e-01
