3.503480547806248069e-05 5.368269630707800388e-04 8.789426829025615007e-06 9.994193315505981445e-01
1.692254329100251198e-03 8.138533681631088257e-02 8.022611737251281738e-01 1.146611943840980530e-01
2.837849569914396852e-05 6.253110041143372655e-05 9.997012615203857422e-01 2.078412653645500541e-04
3.586634420571499504e-06 1.338545280304970220e-05 6.789532562834210694e-07 9.999823570251464844e-01
2.063204944133758545e-01 3.210924938321113586e-02 4.116824641823768616e-02 7.204020023345947266e-01
4.215876106172800064e-04 9.809566108742728829e-06 1.267378956981701776e-05 9.995559453964233398e-01
9.550683498382568359e-01 1.177022233605384827e-02 1.888019149191677570e-03 3.127351030707359314e-02
2.081127762794494629e-01 7.733168601989746094e-01 1.756138354539871216e-02 1.008974388241767883e-03
9.988570213317871094e-01 1.009027528198203072e-06 1.559772063046693802e-04 9.859886486083269119e-04
6.537249191751470789e-06 1.835941220633685589e-03 9.981524348258972168e-01 5.082101779407821596e-06
5.499594262801110744e-04 5.223323777318000793e-02 7.714989781379699707e-01 1.757178306579589844e-01
9.998650550842285156e-01 9.126783595547749428e-08 8.284270620606548619e-07 1.340391754638403654e-04
