3.131951764225959778e-02 3.198076412081718445e-02 8.757200241088867188e-01 6.097973510622978210e-02
9.873575568199157715e-01 1.716618498903699219e-05 1.117761526256799698e-02 1.447665039449930191e-03
1.069152640411630273e-04 3.384960507446521660e-07 9.998901486396789551e-01 2.600532525320886634e-06
9.856582880020141602e-01 1.987400901271030307e-05 1.428459305316209793e-02 3.725152782863005996e-05
6.416843461920507252e-06 1.906015859276521951e-05 2.038837692452943884e-06 9.999724626541137695e-01
8.880674242973327637e-01 3.474349796306341887e-04 1.056478619575500488e-01 5.937210284173488617e-03
3.995991573901847005e-05 9.997070431709289551e-01 8.757410978432744741e-05 1.654456864343956113e-04
2.495617081876844168e-05 3.281800891272723675e-04 8.987169861793518066e-01 1.009298488497734070e-01
4.151188186369836330e-04 9.992756247520446777e-01 1.533637259854003787e-05 2.939099213108420372e-04
1.350155507680028677e-04 9.637739062309265137e-01 3.607309982180595398e-02 1.801563121262006462e-05
6.481501486632623710e-07 1.204429099743720144e-05 9.999626278877258301e-01 2.461684016452636570e-05
9.750764369964599609e-01 6.949383532628417015e-05 2.234619855880737305e-02 2.507827244699001312e-03
