5.692475475370883942e-03 9.442555308341979980e-01 1.684867218136787415e-02 3.320336341857910156e-02
3.322610155009897426e-06 2.023940207436680794e-03 2.681723162822891027e-05 9.979459643363952637e-01
1.864421516656875610e-01 8.119112849235534668e-01 2.286600501975044608e-04 1.417889492586255074e-03
7.806611061096191406e-01 2.186204344034194946e-01 3.251062662457115948e-05 6.858236738480627537e-04
9.231923818588256836e-01 5.810867063701152802e-03 7.099569588899612427e-02 9.887107808026485145e-07
2.713939757086336613e-04 2.352295268792659044e-06 9.997259378433227539e-01 3.516381070767238270e-07
1.240205892827361822e-04 6.859472393989562988e-01 3.139263093471527100e-01 2.423282467134413309e-06
4.604155663400888443e-03 9.119257926940917969e-01 6.366641609929502010e-04 8.283341675996780396e-02
4.192640062683494762e-06 1.814426854252815247e-02 1.919360220199450850e-04 9.816595911979675293e-01
9.007052881315757986e-07 3.932963227271102369e-05 9.997278451919555664e-01 2.319245249964296818e-04
1.390353008901001886e-05 3.242077946197241545e-05 5.474464502185583115e-03 9.944792389869689941e-01
5.220908205956220627e-03 4.713000453193672001e-05 9.947121739387512207e-01 1.975488157768268138e-05
