9.952689409255981445e-01 2.810734940794645809e-06 4.710128065198659897e-03 1.812179107218980789e-05
3.612891584634780884e-02 3.953857230953872204e-06 1.437748200260102749e-03 9.624294042587280273e-01
1.112416852265596390e-02 4.701148100139107555e-06 9.888184070587158203e-01 5.275059083942323923e-05
1.806517094373703003e-01 1.319071277976036072e-03 8.120661377906799316e-01 5.963142495602369308e-03
6.938754767179489136e-02 6.880592089146375656e-03 7.603992223739624023e-01 1.633326262235641479e-01
9.998158812522888184e-01 7.455795275745913386e-05 8.353435987373813987e-05 2.606437010399531573e-05
1.427922484253940638e-06 4.215041826682863757e-07 9.999688863754272461e-01 2.921274062828160822e-05
1.112152822315692902e-04 2.765073776245117188e-01 3.502923063933849335e-04 7.230310440063476562e-01
2.443529479205608368e-02 2.168494684156030416e-04 9.739756584167480469e-01 1.372169936075806618e-03
9.997732639312744141e-01 2.031350304605439305e-04 2.198949187004473060e-05 1.619707290956284851e-06
6.496240530395880342e-06 1.187698217108845711e-03 9.985437989234924316e-01 2.620333689264953136e-04
1.788642704486846924e-01 9.932420216500759125e-04 9.697677567601203918e-03 8.104448318481445312e-01
