6.120578851550817490e-03 9.012094815261662006e-04 9.929337501525878906e-01 4.445360173122026026e-05
1.484372296545188874e-05 9.816756844520568848e-01 1.576841436326503754e-02 2.541041001677513123e-03
4.439364784047938883e-05 4.752570763230323792e-02 9.463369250297546387e-01 6.093039643019437790e-03
9.937882423400878906e-01 4.150176537223160267e-04 1.896327477879822254e-03 3.900518873706459999e-03
3.642303272499702871e-05 9.818251729011535645e-01 9.828589856624603271e-03 8.309761062264442444e-03
8.820798397064208984e-01 3.617600351572036743e-02 8.173376321792602539e-02 1.042997337208362296e-05
1.828685984946787357e-03 3.038278009626083076e-06 9.981079697608947754e-01 6.027895869920030236e-05
5.185381043702363968e-03 9.944567680358886719e-01 8.838067151373252273e-05 2.694485592655837536e-04
9.562328457832336426e-01 4.362825304269790649e-02 2.536655983931268565e-06 1.363535557175055146e-04
1.406937930732965469e-02 8.475523442029953003e-03 1.240372378379106522e-02 9.650514125823974609e-01
6.330833421088755131e-04 9.519520998001098633e-01 4.671674966812133789e-02 6.980982725508511066e-04
4.326506677898578346e-05 9.995740652084350586e-01 5.185564805287867785e-05 3.308707964606583118e-04
