1.397319370880723000e-03 9.985284209251403809e-01 6.630022835452109575e-05 7.952098712848965079e-06
3.065190976485610008e-04 9.967662096023559570e-01 2.774970838800072670e-03 1.522851962363347411e-04
1.380589208565652370e-03 9.937888979911804199e-01 4.671762231737375259e-03 1.587650040164589882e-04
6.745075806975364685e-03 6.212962762219831347e-05 7.724390029907226562e-01 2.207538187503814697e-01
2.992995905515272170e-05 5.738554149866104126e-02 1.097901724278926849e-02 9.316054582595825195e-01
1.765296445228159428e-03 7.360512972809374332e-04 8.849257826805114746e-01 1.125728860497474670e-01
8.122977614402770996e-02 9.077790975570678711e-01 8.801516742096282542e-06 1.098229177296161652e-02
4.692531365435570478e-05 2.004473572014831007e-05 2.156643167836591601e-04 9.997173547744750977e-01
4.101548402104526758e-04 2.318601589649915695e-03 9.804068803787231445e-01 1.686441712081432343e-02
9.163320064544677734e-04 9.413293600082397461e-01 5.502744391560554504e-02 2.726930659264326096e-03
9.060919880867004395e-01 9.223369508981704712e-02 5.251407274045050144e-04 1.149128074757754803e-03
1.236802665516734123e-03 1.675108651397749782e-04 9.984410405158996582e-01 1.545921550132334232e-04
