4.184915724181337282e-06 3.878692496073199436e-06 7.629685569554567337e-06 9.999843239784240723e-01
9.471146017313003540e-02 1.532326936721801758e-01 7.310684323310852051e-01 2.098739705979824066e-02
7.966979865159373730e-06 9.999205470085144043e-01 7.090521103236824274e-05 6.245903136914421339e-07
9.434547424316406250e-01 2.015856443904340267e-05 2.457732148468494415e-02 3.194773942232131958e-02
1.815274828231849824e-07 7.980279042385518551e-05 1.440356669490938657e-07 9.999198913574218750e-01
4.758135401061736047e-05 9.992222189903259277e-01 2.264096401631832123e-04 5.037022056058049202e-04
9.998109340667724609e-01 2.610971569083631039e-05 1.626705925446003675e-04 3.079786665693973191e-07
6.197610404342412949e-03 1.260998542420566082e-03 9.614045023918151855e-01 3.113687969744205475e-02
1.730706542730331421e-03 2.819341719150543213e-01 3.325186669826507568e-03 7.130098938941955566e-01
3.575233567971736193e-04 8.833056199364364147e-05 5.363544225692749023e-01 4.631997048854827881e-01
2.773784799501299858e-04 4.408577829599380493e-02 6.139688048278912902e-05 9.555754065513610840e-01
3.498373262118548155e-04 7.719235145486891270e-05 9.995624423027038574e-01 1.047707610268844292e-05
