4.305108814151026309e-05 1.750799419824033976e-04 1.168090761893836316e-06 9.997807145118713379e-01
8.067657947540283203e-01 2.528622746467590332e-03 1.882390826940536499e-01 2.466453937813639641e-03
9.625213146209716797e-01 3.558088839054107666e-02 2.438735973555594683e-04 1.653915853239595890e-03
4.487788464757613838e-05 2.457633847370743752e-03 1.827835149015299976e-06 9.974956512451171875e-01
1.298650604439899325e-04 2.401652932167053223e-02 9.756147265434265137e-01 2.388542343396693468e-04
8.568797111511230469e-01 2.354194968938827515e-02 1.194725707173347473e-01 1.058001143974252045e-04
8.033469915390014648e-01 9.220995008945465088e-03 1.349334343103691936e-05 1.874184608459472656e-01
9.744342565536499023e-01 2.292727492749691010e-02 1.788795460015535355e-03 8.496347581967711449e-04
8.043024688959121704e-02 1.545391418039798737e-02 9.041044712066650391e-01 1.133110617956845090e-05
1.186608278658241034e-05 9.880917668342590332e-01 1.151331886649131775e-02 3.830110654234886169e-04
8.581514703109860420e-05 9.996211528778076172e-01 2.400088706053793430e-04 5.298398173181340098e-05
9.736833572387695312e-01 1.136171258985996246e-02 3.411286452319473028e-04 1.461377274245023727e-02
