1.05892747946558
0.899961696712387
0.987642734793414
1.4438039461919
0.726139245472772
1.03633704325052
1.08703988369327
1.31888779507176
1.54404339038716
1.3943711398629
1.14500940321502
1.43959868585499
1.21605532848232
1.23200935929064
1.0400363626953
1.07227433085462
0.999648440043584
0.7449376032958
1.19507376796078
0.761144796586744
1.41036886792589
0.82204760150763
0.821038670244944
1.1281887170916
1.14784615285612
0.964744231535565
1.01298779193642
0.977910306752533
1.4076298863879
0.817718034900034
1.09772912788933
1.85155627829923
0.97948016228937
1.66476504057468
0.862272613336955
0.971628618269622
0.906840782860376
0.966279435577648
0.791765886827294
1.48163655632846
0.880144372502064
1.16332789327118
2.3219164104334
1.48552655738689
1.04006189415111
0.860477611734056
1.08610351669221
0.730416839557904
1.35665214218829
1.12746116879357
1.19279520913014
1.28357217476554
1.09365249765881
1.35072203301502
0.94311313906213
0.899585567641352
2.15776156640661
1.44211920801063
0.977849838507701
0.836379137760036
1.09726844244642
1.4815009866483
1.32095961939894
1.16474703306095
0.917112327876494
1.17936435161527
0.964928053929638
1.74297972099978
1.04387547574933
1.399124967641
0.765221888509829
1.77109663575595
1.29548705081976
0.933794719212514
0.955218073156607
0.854153694447473
1.03890514295599
1.44211753039398
0.880039780412874
0.798956544813608
0.822651049374762
2.07345118574132
1.31602391993811
1.44083220336097
1.46269708472376
1.69944881895941
0.968884247557148
1.03372024775851
1.3937496383939
1.01659409944141
1.15092256972223
1.99692657730135
0.873239771722265
1.01468959331713
1.11026654625481
1.11141834853936
0.967926890244735
0.962701623190039
0.822931786505796
1.08690531637693
1.15208192549833
1.15310911750638
0.951754356238239
0.842078170713204
0.902939499827699
1.25476772887829
1.21942075461827
1.05842969240572
0.99355324335015
0.874307485128516
0.999181452105697
0.943982762463193
0.956945440060662
1.60448074627809
1.02162312572854
0.938721527148446
1.06619770506305
1.06222757106749
0.888830862326689
1.03236522195689
1.10513289571656
1.32559794220566
0.797991928228051
1.2945023167287
0.90971009255246
1.15019516452244
0.744407217543477
0.816486301855095
1.50672780351455
0.907556985408445
1.06146568826535
1.22868575872641
0.877559579939527
0.885573177597935
1.06243226712159
0.979490188513393
1.21773991231949
1.41597289482079
1.05406199928749
1.16146154489853
0.999450521764238
0.875050402754327
0.889922901293321
0.812166885164468
0.897638518569998
0.974919537346492
1.34285938406117
1.84172119137086
0.889756495587923
0.782076716341482
0.765983833901432
1.14640507275212
0.790049859235957
1.40290157524578
0.954911091790508
1.22467201092205
1.11133450409457
0.905351274644628
0.953603164017705
1.20527482690401
0.859997406677451
1.17163158161264
0.799916571115029
0.692439112356378
1.15089981544695
0.759191995007012
0.924635432867226
0.947951977510141
1.28502818289465
1.15812300489436
1.59068314997259
0.703859588236479
1.10332163744435
0.780060133237051
0.918947840937126
0.762435712535345
1.20587847641948
0.868022119302439
1.05542262975339
0.990746871689298
0.891215869604334
1.28360972163018
0.710150958234365
0.990486976646373
0.862663819907256
0.992545441782625
1.12766136670859
1.21186380243645
0.914595644232024
0.866624731581882
1.15663969192839
1.34028955443527
1.32381924797176
1.10085228382966
1.08277287291355
1.00239078459727
0.845580442746347
0.699724443477252
0.838899260057236
1.01093493804762
0.788711384232915
1.36976566218358
1.45770085393532
1.04947056023714
1.10700550729181
1.01443088743864
0.923506210732451
1.19762059156444
0.833800601725276
1.11195346335569
1.34384542061178
1.15888342067183
1.01250839537137
0.86973991284123
1.2036271110493
1.35816025792458
1.36969643061259
0.810202405909127
0.878638197685825
1.08027979471383
0.821935086698543
2.34538847236257
1.01546859357645
0.71381109343521
1.0154559281801
0.940013056724374
0.867113061368499
1.10623694582626
1.0522669368642
0.975571954434989
0.72415074568029
0.735877492269779
0.776571105213548
1.45171791988445
1.83993304508771
1.19104007482838
0.985245392538817
1.00058632980232
1.06355227964082
0.987896313900961
0.803210500111031
0.984026130637876
0.947996805063867
0.873730984849967
0.862209003615758
1.14097909364156
1.06850345487324
0.914345562762023
0.785854033934742
0.930011639820534
1.41640880228622
1.16303043752985
0.808429599415431
0.836286076025741
0.827046889219596
1.18379286209972
0.854353246730619
1.17855271858435
1.00641703468088
1.07510519316433
1.06357256092388
1.13391692222715
1.11755424921276
1.48175154546416
0.83099198635807
0.698572283920657
1.06124975235947
0.729398392840319
1.46989680196337
0.802966792286338
0.924134133699705
1.00170885205171
1.38426185062124
1.79430402022356
0.960255579793118
0.84069118294963
0.943608469242621
0.901865782200621
1.86165878715786
1.10186029794857
1.18611636102492
1.19119194371305
0.887207546211793
1.43472671045277
0.988913164866159
1.26535741398175
1.23739172960106
0.793197237089591
1.03470695887608
0.981542783399407
1.00202526145463
1.18840579509374
0.74802463164449
0.973853734213536
0.845277950260418
0.980637211871947
1.15966864574443
1.28385646207399
0.717851801265594
0.941010038500148
1.11095139624101
0.735645956999552
0.862490085724902
1.07874094489328
1.05260959808232
0.848081985564491
1.51636776533763
0.762129070744704
1.20384296746493
1.08808787899724
1.15043821610762
1.10624385102646
0.661988008918273
1.31985063854525
0.863104402266526
1.21182869282989
1.16012769574967
1.01760029621773
0.823553921973868
0.952661599082097
0.992570886134759
0.779179243946386
0.846921048288043
1.07414561490722
1.16951511077842
1.13032037104289
1.02585283686676
1.40550067837246
0.748770964037139
1.03254857137951
0.904381570237546
1.58383779805991
0.96888421540103
0.795511672626176
1.33947636829529
0.953358548038491
1.05420235196353
1.12182745564466
0.910057857812967
1.2848495426903
1.16076061681363
1.54609200345167
1.00932326308113
1.11099781246132
0.923673369134471
0.880081627239573
0.713059689069766
0.903279695907034
0.949663364301599
0.813757613739022
2.1677027468106
0.752874148582793
1.10663987428456
2.07822850456855
0.722943451992869
1.00032562233565
0.963867820709818
0.923746704041652
0.868461181809795
1.03562629000338
1.38929701839739
1.07405940795278
0.899660528104961
1.21745930239953
1.07012688020535
0.707416007326069
1.82500175556379
0.970174608946331
1.24723487694652
0.878692852233186
0.770802590545299
0.99610303001584
0.842950538279646
1.05212601670061
2.37705972140338
1.0015982519249
0.85599899502957
1.23946905148501
0.76079693304681
1.16375364932805
0.906964623005141
1.49944272706144
0.76290710511493
0.960846923104831
1.7630225476796
1.02309074877366
0.802800841025144
1.57443623866522
0.841315361669004
0.928473660390203
1.02932003859727
0.864608833397098
1.03970225894122
1.03119208555224
1.27882825235788
1.16688795294412
0.913024742515724
0.929256425660717
1.18726218782315
1.38986521891401
1.21726576410935
1.06838776345824
0.793732590419221
1.04601993031987
1.76552318804957
0.801853733797895
0.979021509479461
1.07913579972719
0.965071161738007
0.967262263584394
1.13983318360962
0.880224968459413
0.967343108993865
1.21019643905636
0.900289414678497
0.959484885150988
1.72021648797859
1.49108092380604
1.01266041715659
1.1367897223052
0.781133895711586
0.972975467040161
1.40369613229772
1.58613284118035
1.19570094766726
0.868250139600501
0.932682711240739
1.06321352094494
1.11996648633818
1.2451802946389
0.857955977265633
1.04973588639007
0.825817532698759
1.36249658608667
1.15454983128296
1.16881136819095
0.77129832667491
1.11460034035504
0.802812206339729
0.900463742606274
0.875464053135077
1.2757598566734
0.844355204623711
1.25795767262992
1.49534714518263
1.47736144549082
1.2292473874667
1.42794579616821
0.931176991144575
0.921563039182713
0.919779140946071
0.981673147319411
0.829016419009348
0.738488750451811
0.907187027861734
0.912986857495679
0.944105790317992
0.795308355752088
1.49005367446661
1.02339392894199
1.11467309344383
1.29832811294072
1.46915272591599
0.919213027906528
0.914143784186259
0.936330288074675
1.11088607330631
0.887072270512581
0.867731959624427
1.01603453835204
1.03674499303276
3.18839479442779
0.976102441241116
0.810020053519595
0.851705278898163
1.29623701626093
1.52423244266773
1.3292193830735
1.53489630707002
0.857421621109162
0.813647703591369
0.772538058806391
1.93515181841741
1.20587604781256
1.26687716427891
1.36610512175456
0.891775741798191
1.08407574496755
0.750911587395618
2.27287533889679
0.844537894175695
0.958485744503004
1.26035791162464
0.81338103423461
0.827657908356172
1.95401881455254
1.07292951139414
1.32233690393724
1.00034071929085
1.10444063361323
0.994461621280389
0.846749696212033
1.08167354600897
1.09231346330815
1.07040833728327
0.932444416674184
0.764018470629671
1.24908012620482
1.03316783146921
0.938997064702655
1.19510324868057
1.24676987329398
0.897477502729856
0.905383861199334
0.929543966017513
1.18573428076095
0.997025773744782
0.821816571378964
0.944599752262274
0.994750748579265
0.881908303235767
1.09714250412041
0.761862737585764
1.22866700909595
0.844477461537091
1.10076966989258
1.09590202963902
0.940172126303351
0.979555009208298
0.95852956033926
0.987862047415836
0.993421011442114
0.946365928176252
1.08850311253888
1.14828913616956
0.891935191012135
0.951206047285998
0.995698330469971
1.45198411081806
0.761557990941401
0.893540153906014
0.96584712578471
0.905170426581759
1.18218215082366
0.963135834359289
0.940063361456183
0.982387970131795
0.842458179813641
0.814332036373815
1.32784542275498
2.01891260549476
0.793203586796011
0.772869951070035
0.809204691921502
0.741953199143358
1.13327610829382
1.08175655044868
0.920249560599612
1.08372009092067
1.02164740246146
1.16782480757823
1.15912551147242
1.16515043105405
0.880707195045378
1.20335097040019
0.974859430421306
1.26650017779293
1.46186416183075
1.06134450392105
1.81520048013266
1.10209245950417
1.45942564347492
0.999062724370123
2.18174430775108
2.59346352050227
1.4785690577584
2.66337309836422
1.11885779378874
0.998469197832768
0.85598932064696
1.41968067826782
1.31748477348827
1.0241948319723
1.19840789985762
1.16951340788259
0.812031339092822
0.958181126937144
1.33968168863217
2.05305984525058
1.99832927267547
1.10849197169327
0.824689766871051
1.28033864426532
1.26064310540201
1.2992307905917
1.03858809898016
1.20971207580415
0.916854407300302
0.967910723776287
1.23485855554438
1.91185228552286
1.35351415983316
1.54783297527131
0.866823774681058
1.13226192988198
1.6278355353432
1.56521509144564
0.908148608412032
1.30955251056947
1.2603051860402
1.11900095954926
1.17775893043405
1.4134526558876
1.08654270338611
0.722588046930968
1.06829772435779
0.836166039958351
1.04091822629427
1.22976981814201
1.17187703767076
2.56344486907295
1.30965279768557
0.922343612471995
1.59502987139925
1.04933617310223
1.43990636602558
1.07684153329658
1.78807989529268
1.00127068540403
1.36251630201118
1.17895782738644
1.6957776740405
1.67016401140493
1.02997740447587
0.916530227878124
1.14366572620734
1.35923915116219
1.21679816974669
0.803885211154941
0.80236489479791
2.46882399087191
1.31395796559451
1.35709550630517
0.901160819727573
0.720200016604299
1.15076939488881
1.9537439861141
1.69726483893766
1.06238212528837
1.1010011023859
1.49098214964743
1.397798071075
1.54162530767245
1.51459900515168
1.71856473550947
1.35168843646396
1.18004874777634
1.09838384660069
1.44915279425267
0.768363557827994
0.86706888002915
1.45053104990978
1.26857318213832
1.78660787583584
1.21724002622378
1.0106896574677
0.986269119152849
1.38903512412537
2.04410245129375
0.828841709481684
0.699455686670732
1.05484584709854
0.883853685257421
1.06899543863653
1.35483023387581
0.996469432389177
0.808999805430579
1.37616224236402
1.56685924342855
2.49102356900187
0.773063688415659
0.905690494639918
0.765760584336649
1.00645854500715
0.982731331062408
1.37014042317303
0.975259062283583
1.82939010610543
1.25430236584807
1.20502547219426
1.02871337297094
0.894879215822394
1.20696363799086
1.3790232719227
1.05105593416444
1.4267015245846
0.970541653171915
0.793491708998521
2.12025436197312
1.22341860443881
0.86577459548975
0.799852032380325
0.907448227871828
1.58371092964765
1.55093962281059
1.62033315237614
1.35691605822387
0.993364323810115
1.70737278692738
1.17575707607293
1.26176499655673
0.824161365631237
1.790419270987
1.09247048164147
0.884219111685003
1.48683632012696
0.883481378823512
1.12820807033627
2.95522443824029
0.971233758718053
1.1485933878026
1.53152502622471
0.835300776185406
1.92640669098243
0.828004102598311
0.794304332888647
1.536726326348
0.886664586414366
1.3804409591067
1.24636411049177
1.13176370409867
1.81739975111691
1.12623794206127
1.33696069408048
0.903971798484838
0.934998002371221
1.74800220917987
0.957896576602003
1.36299516363043
0.890593440675569
6.99989566570986
0.856066148323433
1.15403143820521
0.775085361473113
0.950396978536108
1.21388929535258
1.28213097783743
1.02236792716089
0.909523635501334
1.22175759935885
0.903040147195657
0.839789194447229
0.971746831846101
1.29222958477753
2.05264141430385
0.971544174710401
1.49217854220249
0.8434566921732
1.01697917920826
1.0963905836288
0.987075278456435
0.857707131477168
0.733238212097764
1.08238521852025
0.994883195256091
1.18378256341893
0.916466911871876
1.27524208014553
0.792621934432437
0.847716053730556
0.960647635621386
0.76361916378377
1.09021008393364
0.859960038501803
0.805547387754421
0.882594287057158
1.40256744835565
1.20714875304491
0.907386160228437
1.43223977603752
0.908348098880431
1.40641016300435
0.84365260915991
1.7405146626246
0.819974291055775
1.06115409749952
1.10132842791378
1.00648371848165
1.20134822729769
1.24617485522155
0.927098445427835
0.911696874090796
1.44705577009388
0.823145310821784
1.36761508105893
0.82209280181794
1.08560295616135
1.48956342146525
1.42864199442942
0.831218816496057
1.31144824267875
0.858018673512634
2.07431520935004
1.20156153257142
0.948936633745061
0.778537784329518
1.07679677397835
0.926042450892681
1.49589035754209
1.56973525543555
0.891535988023069
0.951032660473751
1.02856967115398
1.98442656903821
0.967020751477426
0.763346637674468
1.2374516906783
1.17950611069039
0.717258518641791
0.953886144621517
1.53992291686407
0.891865491491824
0.929074138752991
1.09479488091527
1.01028749516672
1.08515126222618
0.858163627740975
1.04039279201022
1.58167778901469
0.991844894458485
1.54912547661449
0.816570429652123
0.942079969442614
0.963361985419781
1.07845230170459
0.905059381081547
1.00260205116751
0.812407713548474
0.828469480868413
0.883285059872377
1.2151603087491
1.64369217067883
0.932641462311973
0.709596609183817
1.54918771697596
0.733191382235268
0.759760293167962
0.987162851856427
1.23376227173482
1.4456173816227
1.44958086952468
0.932300569363046
0.952878427343421
0.967670941705777
0.847003793033596
0.916295474609567
1.02568668821251
1.07166789383291
0.795508831440258
0.94734301049712
1.69008807111952
0.877600958594678
0.777090103782966
0.78503464114411
1.25183465434098
0.738118317098273
0.706711277665875
1.07643491711147
0.646560298248562
1.13238237940957
0.928103842568823
0.83554965278762
1.05997657924193
0.860010625638853
1.0608053085097
1.14849258042496
0.768081022307525
0.819128853699459
1.23397916729086
1.02836148679958
0.840900470746014
0.862445750138274
0.778787495674021
1.11562601497972
0.878179707388728
0.971489057647791
0.951389454639456
0.796657527958749
0.892732991752668
1.29786986543589
0.857213227300784
0.853932238929765
0.907602432893958
1.88735224853783
0.923321292917498
0.843057119962137
1.08080401211729
0.774648814210929
0.983568697345197
0.81526398135895
0.889024747556465
0.914605907586419
1.04935556372537
0.77516501273725
1.10269883172503
0.966285189723475
0.71525884431669
1.56095486017996
0.951767773348839
1.0776520508721
1.12601615663824
1.31671087093778
1.04027951965281
0.959421987170488
0.748726854072599
1.2464260230063
1.27536005150977
1.3281456209366
1.1549806480744
1.03917303212633
1.48313632691828
1.19188553151342
0.70023607606031
1.35053406669917
1.07916673128404
1.35010588597978
0.7833743881913
0.969072562586008
1.6329511935301
0.791670370818825
0.840492128442622
1.95858307780598
0.86591871926137
0.840771757434778
1.12998020951332
1.02048263424444
1.08431172710462
0.729623409542872
1.0414127319131
1.28643078801462
1.15655313780716
1.15438147487352
0.998725162877231
1.56352159233842
0.902154852111281
1.19554150359258
1.11042131200368
0.854162269241349
0.72706233069
0.852806063420565
1.23494234552295
0.749922828990826
2.40051019934153
0.919645342018808
0.874659221666239
1.28491314021352
1.05217470757107
1.00930577504779
1.9869532830071
0.972046653808162
0.799489719865512
1.08573791506216
1.58238297258293
1.0151443348684
0.818429974087076
0.999392521299118
4.39639315692856
0.838440907261655
1.05095812699519
6.02002886176312
0.891789682104547
1.54287483340827
1.01612908249356
1.33964816392049
1.36664275553888
0.996220531320438
1.07556437906786
0.989008642249149
1.47986745212855
0.900246890824115
1.14677539499796
1.15063803433362
0.867379582829401
1.12699708706898
1.24635375772766
1.0309211108896
1.34187836631321
0.876644107372911
3.43716658030005
2.16009827580559
0.837087298484372
0.825446190245983
1.57685179125168
1.17744009605114
1.59956401508821
0.927084660150539
0.992246010271061
1.00305030000365
0.941927632896297
0.8735359015028
1.30006153714504
0.785817958928377
0.875336349056558
0.894094374989047
1.2463063356402
1.16032925717317
0.972279434537337
1.67523340170078
0.994881575401755
1.41902430746309
1.29755253834795
0.930574297357737
0.996739372034729
0.965018378277314
0.838456691495264
0.83452973743004
0.747056695633401
0.952031242770991
1.52673329879569
1.22716190182172
0.860113754476515
0.932461518836054
1.18134537933099
1.03230435492386
1.24473611548653
0.873540661695818
1.010452420274
1.32709414039746
1.0515529583863
0.706186868440865
1.48052265294829
0.905249220763139
0.799346963806165
1.12885316064608
0.828639774073678
1.45014798613946
0.971272396528677
0.961775659310035
1.01594143665955
1.34368852689532
1.05555914992275
1.155267375147
1.01957869920861
1.38288598401663
1.37042358573791
1.1381953318137
1.09001954124867
1.22444113682459
1.0642563820851
0.882136292707582
0.941979772011132
0.90361447747723
0.984446874848075
1.46924188690139
1.24073453067062
1.05399873597445
0.823815560327616
1.27315022156721
1.25184016968783
1.04163311349652
0.824422045821422
0.931589744737034
1.12570909208619
0.831207640228635
0.787583822663883
1.21454617951796
0.899681324406658
0.735914016061869
1.05886281846245
0.91904754252663
0.928001611785384
1.33308766742338
1.05757201089521
0.9954206301296
1.51437755608152
0.970612411881547
0.861432891615327
0.811090773964656
0.903547213137982
2.60309603577888
0.956468618103136
1.1472085905124
1.14023228949309
0.753375225055724
0.875054522564746
1.29793879345772
0.94152600093434
1.52296687896525
1.13682570453329
1.17733297949815
0.832035189188322
1.54866571760241
0.696763178127481
1.05501208424762
0.981822220864042
1.33374715967538
0.745096435259533
1.18842979558732
0.914873448234767
0.949188393945995
1.80436955797002
0.76690283149313
0.961702201275364
0.801380756722506
0.712527144656107
0.854422444158311
0.878999730743949
0.90155681313918
0.858187087918534
0.878076739230751
1.00402363510245
1.03626118545148
0.951760024047795
1.34639429425339
0.956392654996049
1.47871857615201
0.819275134985186
1.45393334858777
0.855014783521695
1.67492174152437
0.889316673491775
0.922737664887773
1.80933573913094
0.929136780255116
0.989826793561813
0.945326704630152
0.822111817449725
0.704962890704284
1.05518358637198
0.639912299086584
1.17922796859367
1.10395302868016
0.955689231782058
0.655534421283116
0.786865850224117
0.897380071026711
1.08265154679782
1.09465834827473
0.761390769358383
1.02520033086849
0.763060126977889
0.948910448870932
0.987239227144251
0.812965383806118
0.952553232808867
0.816044228743492
0.805504145945515
0.753150369083479
0.954280893836684
0.862326217763497
0.967998205624662
1.25818334262328
2.95027092170326
0.767893299283295
0.985659998226607
0.720015122511625
1.02062480966885
0.795929829957014
0.869971326131128
1.04778232089481
1.21971627078267
1.17912003802457
1.29417555111459
0.759085800207761
1.29969653282931
1.49106211309939
0.930743775180306
0.660326319737915
0.716012804397633
0.880967725395528
0.907581997395001
0.90778108238178
0.898959042418801
0.956275932083643
0.952050098190856
0.870927564289918
0.961563408782814
0.756751982399751
1.03321151946369
1.82797965357081
0.812205683386552
0.927207946228482
0.808822532533894
1.22562792677363
0.752795176610418
0.818398548106326
0.957581250110728
0.819962737147401
0.750825133469419
0.834646058757376
0.734995342855333
0.697628169536388
0.970989684658631
0.907508488673352
1.05737602668177
1.70846343740535
1.51596875629208
1.00869387149912
0.911756536576756
0.828651951109181
1.81300404252262
0.808180104017999
0.968178125935577
1.18238754878235
1.10663497716557
0.903826930186894
1.08203971630071
1.01402135733557
1.19130750414873
0.739701876704591
0.759817884591471
1.81373701012368
0.713038027153384
0.931576232200572
0.78079794094521
1.06547723844113
1.57129225931942
0.821886721159138
0.755296595961659
1.07610645025554
0.946535115379478
1.44476815127152
1.06239610240991
1.93253311639122
0.964450876263822
1.27304366396289
1.08390711558299
0.906805088656277
1.41707379621398
1.25448903073367
0.977401604068141
1.07547987039134
0.924585906475194
0.894935887085536
1.12863062720585
1.05224412482151
0.939605108727624
1.22526816301428
1.27699930536479
1.17153300201973
0.846561117094533
1.87600842443232
0.724557129344505
1.02213903962633
1.02848723700934
2.20367916614376
0.904891260004716
0.854850381806781
0.85832867881401
1.13216181603334
1.17840356191941
1.2462312706575
2.18757527071538
0.899889483044136
0.921505801005178
0.917026989222449
1.01867142405952
1.26247311391378
0.833713056763365
0.793621743061441
1.14040649638361
1.35770099939703
1.12093623779379
0.846012855776039
0.965426333478192
0.843766329763431
0.747956363543621
0.809288806430912
1.24103479083888
0.940192742582456
0.961994749374848
1.01139704242246
1.09883933465999
0.892400518634363
0.878572868294645
1.11219368475307
0.956345156445455
1.17906336563135
0.905042201470612
1.13587950414358
0.914375159017101
2.72446134587937
0.827619981352518
0.960368540466565
0.889835065991085
1.68198323873439
1.12430149457049
0.852429526024965
1.15143404834718
1.5078346338639
1.28978284657267
0.813228607425561
0.699485958741845
0.807202544721419
1.65113492665262
0.937761290478342
1.04183061297864
0.918733134747072
1.47686554847921
0.832035434548116
0.808290283501086
0.846995118769132
0.794004565325146
0.913077639320698
0.913787229115084
1.00641738525895
0.834452861349978
1.06169962469057
1.21475508787403
0.703952772748009
0.669386044325506
0.953421276539353
1.03769555637945
0.841943440720993
0.84978901578116
1.09257336269874
0.779764845988328
0.823365790291903
0.898247567596756
0.936372800404327
0.884373004082369
0.708140646090944
0.99810058743821
0.826092534023311
0.646856722648343
1.3844764533071
0.87588107907561
0.979602758693953
0.840733106958683
0.762098101468696
1.18370216547115
0.875076872511381
1.2568567741297
1.60162666845253
0.765179263198897
0.998504134190399
0.936644064586875
0.903610111581028
0.834436284788933
1.03447093207176
0.966601956044142
1.41702476325409
1.02774637003953
0.780153156409251
0.749455242325488
1.44825401510953
0.788710711311093
1.31998278343548
0.759314757026927
1.05811865453369
1.03191269117868
0.809842221937701
0.727909126981056
0.906379080057834
1.0642122906485
0.873878682720823
0.797164514621879
0.902503420070831
0.792834650173649
0.830697344361628
1.67228801934702
2.43058254333489
1.1574777279152
0.833215251945122
0.717971724420947
0.771963195659444
0.823369586357566
0.89855349643136
0.858097581202964
1.35726926444876
0.818816903345225
0.729577278957684
1.04637413394099
0.725823732696538
0.716795128213421
0.819754096046818
0.969073461418027
0.872743022751424
0.9771811124996
0.886951945211164
1.37756007539796
1.36975195077063
1.04664831816187
0.957325180140973
0.963400459671938
0.969504075311448
0.768847746134749
0.862365387696473
1.33273927995095
0.789199731317278
0.711285389149825
0.760914883826052
1.01983636819781
1.17034922981732
0.947431469906674
1.7853374655396
0.99418818386503
0.943984606255082
0.907685534156379
1.11014756062489
1.00597260612998
0.786094175715837
0.973066645277344
0.801718093885025
1.16569164512776
1.04223068658769
1.46124944488998
0.901797216819395
0.767408187838004
0.875254119623815
1.07759924765492
0.821962940270633
0.978112164040586
1.16350622491589
1.48065167918239
1.5558716805943
0.994079930282119
0.889717715458595
1.07297848487054
1.09054776457535
1.18708231851323
0.784828049883059
0.706855335994998
0.732310266871673
1.22735428413258
1.04367805312066
0.908355769688003
1.24777784607435
0.819756792511064
1.33215690241241
0.984486543365388
1.63709735071071
1.44071808599747
0.684971121316285
0.952017784827025
0.892562991259932
1.17552482451252
0.77544731296644
0.99542078162626
0.968247003520771
0.837761245430299
1.01857874638108
0.803321337754253
1.71343263646002
0.963311902677027
1.1392928679676
0.929440716271907
1.16397990647135
1.09915535684361
0.741534183208968
1.10158564702906
1.04127802084607
0.73391170883559
0.927350713437571
0.956185653853147
0.779175441179383
0.832831978974104
1.19340986506401
0.915945473062782
1.13242486360162
0.97687098259959
0.927674374396973
0.956306780230549
0.886410062419282
1.12695704215111
0.772162573047675
1.20862807167788
0.973222750532382
1.02076792117043
1.71105199359502
1.03011729281423
4.98796528510754
1.07641446893932
0.946012998194833
1.17282519832296
0.935944777774858
0.731673232928254
0.986358400285821
0.701618469710967
0.765328552009922
1.00310326428803
0.929855488425369
0.891209003164718
1.00901577235066
0.772479276828755
1.37279888419649
1.18418044228917
1.15220734791542
0.814319100770121
0.888169465241509
0.858889177930048
0.923499210563166
0.886742492456551
0.825960174222563
1.13554987855695
0.912209864513367
0.812790429703018
1.00597355063796
0.990802425056371
0.807522054940249
0.950082824884295
0.824886363579664
0.952071257341731
0.946945938018826
0.913695351850913
0.777296285724108
0.792068075803843
1.22811508642618
0.891459076500452
0.919782131856015
0.814841305336644
1.22537554730235
1.01301011512722
1.26245843761
1.01487745924327
0.817393026412023
0.898098681332604
1.30618556074222
1.03840171716498
0.867565223713472
0.948067761349604
0.843420923714756
0.856306536545566
0.798123070505115
1.15135465185417
0.74337465693608
1.20337130510314
1.11257757554252
0.892780587712745
0.784094699978792
0.774381838069671
1.0630501874681
0.942484601959792
0.797772570827409
1.52054008012814
0.974575097536878
0.840149168418151
0.911939120182289
0.857838644352044
1.03039613649315
1.64574304875871
1.14234593654001
0.78561543680413
1.13923618121735
0.828783073313815
0.898355818379728
1.08724986758172
1.01644586983984
1.12350478115046
0.88934276050193
0.902408410015526
1.25798657884949
0.824305751615302
0.834972598517202
1.12442592163326
0.883504047616345
1.67271643769505
0.923013770299272
1.05309796108697
1.29064214201124
2.05965027161388
0.948828943412627
1.45141728883079
0.885838036348647
0.778673859216252
0.909494711950892
1.04607516759141
1.41912341185722
1.04618403909171
0.907144330152438
1.22510916090337
0.781218435941685
1.0587113767586
0.957425789645467
0.971759856385567
0.867113976847813
0.963228856255662
0.882682406359941
0.853831345544937
0.950134239582151
0.930350203856283
0.882633141906884
1.13463706237521
0.845681614866757
0.743108304312309
0.981410711679307
1.79869047264673
0.86254162953199
1.16117513161867
1.0089940890457
0.739706813960477
1.17449358175917
1.1530411170154
0.837079149215407
0.76409738260159
0.911246721430989
0.991236223070284
1.26583200191051
0.835490515556267
1.18867809193683
0.874432998290781
0.803147758841518
0.897933931738844
0.883193950611483
0.780464637520124
0.777270750543123
0.79172892992091
0.816034922974209
0.861904660637815
1.22996313730014
0.869579342729581
0.877067031651085
1.0019502172102
0.988942766499529
0.877225403302973
1.05544660355928
1.42418388129012
1.30206957420971
1.14188687038351
1.049221506031
0.870533074461399
0.791207573632126
0.707877869690079
1.58135523060528
1.82382242782133
0.931058180796587
5.42891641933441
0.674077872993482
1.05760593580969
1.45804026739937
0.790619689546401
0.963307281907179
0.891800974752787
1.12404719814139
0.844632420336898
1.17578241708349
1.06556408399884
0.785635803859441
0.771704101877446
1.53314984781897
1.23652004813652
0.736564683141991
1.1580272002686
1.1949171266871
0.836536619801622
2.32345284181287
1.1803538730639
0.866139397097057
0.743180023131786
0.989266118934583
0.74357459941016
1.16951224757691
0.788709988738571
0.875329670884136
0.854744175816943
1.0128659549236
2.65792094201259
0.904550286324153
1.39737028792573
1.54026840897759
0.883496330542207
1.25607292720889
1.18382127176866
0.758441120688667
1.06163312622263
0.795082605393943
0.924498766712379
0.837750315926833
0.96795457520216
0.805770366760785
1.4487610056418
0.965719366272459
1.17597897560492
0.927386213750853
0.908135850309861
1.27931452561313
0.908895023062097
0.76722113388388
0.93007266819666
1.00915365428988
1.10448987149374
1.21063852076784
1.04234833775847
0.97869713413076
0.952472066755342
1.0243284749209
0.965219493259542
0.88918985055888
1.06073269110339
0.887089399283503
2.89351213364372
1.29657761690914
0.758531593695478
1.76440658983289
0.886713124112735
0.99181370721738
0.74221781118434
1.05511838092908
0.801192156397717
1.05224026612117
2.225339769866
1.1246907053818
1.17296980493529
1.35995442684284
0.908402464674742
0.977404244774958
1.35339564168914
0.913948378892758
0.864472235408794
0.702898448290436
2.73065400227795
0.849463561084619
0.897451586297079
0.922363739472859
0.929872264716338
1.3181637894079
1.26723984115806
0.86284147436704
0.817982163949439
1.14335752221536
1.02252714024839
0.732510548008987
0.860211663188955
0.701371884341868
0.700879620590375
1.07937399711942
0.673949414948744
1.19812696762233
1.97856607957666
0.985715068112048
1.60437467315234
0.708321127074906
1.36891256464895
1.08341170413429
1.08810358794149
0.690823015478553
0.769263509621164
0.850080039523838
0.813729927569639
0.709232076601768
0.761354326955094
1.11963361226685
0.744418323293889
0.783658770318504
0.794075433584279
0.874474269624556
0.686525741453849
1.2173556958388
1.14594535735647
0.645210837060428
0.782134975550826
0.764604100886764
1.02541283820098
0.87408479449794
0.828491154711045
1.64269551877159
1.46927106285395
1.08756609518474
1.79420472798448
0.946534904141655
0.881702677052871
1.2755946823423
0.957391177895051
1.46345558469151
1.03383486183129
0.887882038306486
1.91101213803158
0.799505508708887
0.829786805245611
0.817335408143684
0.75932808335755
1.03566204941719
1.11219627562529
1.46276867839456
1.10274532280477
0.667685280186287
0.887127147204009
0.988300413919585
1.2951182231685
1.22822885217382
0.810568565331352
0.766295193742589
0.897894704948018
0.924643677423527
1.44925387317591
0.967513843695416
0.788269193625693
4.10178665079098
1.37682160561669
0.836706094785284
0.879323892276777
0.864051141944067
0.867911527222999
0.872124471106833
0.757827092396764
0.826964394107142
1.06996122609022
0.747157174252377
1.20496143034939
1.66037341415086
1.19048711299967
0.752000577184696
0.946147309903338
0.838422285298715
0.838152996476035
0.755493568145778
1.3321622696479
0.973620787837468
0.736323432793136
0.801264964146948
1.12433675577214
0.74366180848265
0.680277894232904
0.93051651752264
0.935069024757073
0.869275661101192
1.02151823747605
0.96729641716319
1.0018433836302
1.1232155907503
1.04588639150569
0.776351142570561
0.87149350941763
0.853304352590425
0.735357727926677
1.13137005372617
0.765696654846494
0.824417974252316
1.08647224644359
0.761901585055856
1.0610207590166
0.978592448007047
1.03889574555179
1.67612158266206
0.719768257394977
0.796024815910993
1.23985596053348
0.753470707980999
0.832427188638757
0.694114884434131
0.778618119737666
1.48577348247375
1.18268195704317
0.791284253790282
1.03020792983044
0.657580371282149
1.61735753792815
0.786762835262826
0.949133206819964
0.918611239592108
1.02069793476322
1.00963067093577
0.845381301996539
1.07899073067147
1.05517875846539
1.076303387681
1.09135453617748
1.46473744818902
0.664257294475399
0.730396643881378
1.21578211878244
0.790978293296093
0.708620613399668
1.23235946312045
1.06889723683116
1.10016928283892
0.905179790143772
1.18504904078555
0.874085647684106
0.896585573860745
0.730772814037402
0.734032075028191
0.842318965424806
1.01127241127365
0.861011495103411
1.03888232339093
1.21342863263023
1.50663845386666
0.717814671550594
1.13492423430567
1.27665444085974
1.00939219457129
0.881459189231964
0.998406630013736
1.06054726453243
1.78680963287836
0.762432009778987
1.16781965476159
1.14834724813078
0.969382369364287
0.928938958960393
0.98531345910209
0.756160960398356
0.952878630777905
0.756924056120847
0.846111912880186
1.49870269578236
0.808209935182029
1.2983277061603
0.945605954178544
1.33931551078245
0.761449964795453
1.03960903471373
1.17598337128489
0.970494136250161
1.17057696623956
1.14314230406578
0.881951247934629
1.00325495493161
0.870965652376581
1.95300700724594
0.955303875068685
0.945561632635873
1.75532449436655
1.17671896345474
1.62713273793114
1.35261887961396
1.0753747781887
0.878132933565359
0.96813880109513
0.942024589882269
0.764399004517713
0.97855149800654
0.976439880997137
1.11900161454197
0.926739826952866
1.38512809517615
1.04421623768043
1.06772125725526
0.774141641568447
1.08987421319875
0.840222475776514
1.1556318077621
1.27269646771138
1.13647877889761
0.901251642810167
0.746579748544735
1.23984135557549
3.56606173973143
1.10422515332369
1.07705264533982
0.8273156990922
0.951823975399424
0.772312421019863
0.881045906616905
1.47606337232469
1.01101739107068
1.45801677197219
1.5186783367922
0.883450227333143
0.763543925115457
1.93884221473107
0.970216271916128
0.924584463499895
1.19292638671208
0.96785661965268
1.02886921544276
0.817111813175548
0.859453226418968
1.03164928907809
0.782772900824326
1.15128749113538
0.8539603200077
0.913838061789882
0.962759005008879
1.12654298238636
0.973270687946975
0.935517018935914
1.13642335759537
0.968040750306739
0.958079417177135
1.11832864182706
1.08162437613311
0.704278668580092
1.34203632275196
1.08284117186118
0.864289450897445
1.06849799017052
1.50470507738305
0.893184881330059
1.37757494541934
0.754432172190377
0.923018337347249
1.21225412474057
1.35253856161197
0.831069394142952
1.0195522081486
0.890554945105964
1.00264462529888
1.01947216151669
1.41689597823344
0.975082234816698
1.12473417608352
1.12965964024549
0.757242680148484
0.888195610897032
0.997113520365006
1.22527852650452
0.794974522426186
1.16156463682055
1.11188564734772
0.723328057812121
0.690838211466837
0.983091616981434
1.2686643625984
0.993660540839335
0.823374109561278
1.73604334706308
1.05105730447888
1.53792418567
1.36767480134516
0.87798102128118
0.817162815479974
1.31845706459044
0.905296656491198
1.05606182732376
0.837695997448585
1.30306784268627
2.01730711680577
0.850191687959992
0.821474588740354
0.861239938071602
0.855095415277868
1.06738930632621
0.868802342630716
1.15018925977008
1.78971199022964
0.829550969116599
0.808434190894474
1.01263236904155
0.781190237079413
1.28649236421641
2.01240543466814
1.43215879376265
1.46924130516186
1.36393908600014
2.16166275696891
0.737561195441094
0.805875770500712
0.877059883491025
1.21392772019872
1.13460541359302
3.06046535762641
0.921604642324614
1.0505105294115
1.24638466921508
0.984290169999199
0.869170698661086
0.915176596024686
1.29282697913789
1.22684806766859
0.836293872162978
0.868362199459065
0.882178395808661
1.34200677803167
1.0734997853337
0.739516942153367
1.76013978146428
1.13358488951165
0.925654902600032
1.47720306855409
1.48201268357966
1.0889660975193
1.0796397946214
0.92706709830522
0.905050445746516
1.51331557362637
0.736658508779698
1.3030107003713
1.13936884013686
0.741964157180525
0.878920291502342
1.1434169611357
1.66714370949816
1.01204233100213
0.983462399441666
0.928914168907178
0.978263786444208
1.20352300841105
1.04407542576445
0.857417298784503
1.84698362095371
0.871791568896661
1.09959388728565
1.29202024535419
0.905340173475926
1.28635245754725
1.18111137789208
1.31313294750889
1.09105734808542
1.12719074038398
1.2544978203566
1.0004888832723
0.874411706427511
1.28698679119469
1.15289057870477
1.5965321636943
0.934841617183391
1.08366916322398
0.952542453986891
0.842640779001114
2.46557593629015
0.929626778212255
1.1620941053427
1.2347334576122
1.31123232193067
1.09830221968619
1.50697013275705
1.1938273772411
1.02373782990768
1.18972031781915
1.05876886889889
1.10503437655519
0.980985185829159
0.918547595602449
0.943197196627759
1.11472251750549
0.956071238086261
0.863947481107241
0.834457917641497
0.961970163622963
0.807337211343402
0.955549342709652
1.08423005706138
0.888460922661362
0.875796837297542
1.02734167271861
0.766734325483349
1.31997104815679
1.07604902243958
1.9349514531023
0.925120380891116
0.984853283283952
0.971113751676582
0.798789060755486
0.919384757701672
0.889142143280457
0.974330940599932
1.03450024254497
1.14888844804062
0.966731331789442
1.13064236278288
0.714749295093519
1.25510718049379
0.975632422177946
0.806433991260069
1.96138494305689
0.980444325275393
1.56992478495936
0.980584551344381
1.14254311220368
0.718904683322008
0.889855727408772
0.677880624919861
1.22329562744551
1.10940558537436
0.81367823357064
1.0619437984071
0.897582843666548
0.801669275441312
1.01662946836646
0.898131276037825
0.922219742228145
1.63681906084464
1.42483164993999
0.798376466308857
1.37715776408231
1.16214023920231
0.768748774790586
0.982603725743895
0.696941685765001
1.32341655907012
0.75610754732082
0.871383363343495
0.861386415175574
1.34756678171198
1.21220859174319
1.28296390706813
1.04281688795477
0.728402971611294
1.33592439646091
1.01159742233245
0.755987773126982
0.782292633531647
1.02227465156454
0.7506365861731
0.714094261865654
1.32665726550243
0.68290185779363
1.03728970260862
0.906108688667983
0.838830726239876
0.788849845629896
1.01963640979317
0.870150496263466
1.26732158888289
1.59188387427878
1.05724892105423
1.20739126437151
1.20489825244694
1.34018158566171
0.996519210847135
0.898156508143846
0.830243421586938
0.781031838440281
1.4356755569774
1.13474455671688
0.720982296645621
1.13689518864229
1.0759069903178
0.69242729442935
0.806725173456273
0.729412169734961
1.06682415412538
0.908325528259499
1.02853224173761
0.958148294424235
2.18808799425059
1.13050124814228
1.24418285700607
1.13683593478912
0.964022585032772
0.994311438861666
1.27478625940513
1.15362091088376
0.790331188262372
1.27572584188683
0.958890438497173
0.796554022320569
0.787298628712724
0.94469463252654
0.772281214231474
0.896641628692724
1.04114765946605
0.957099596004416
1.02131543363148
