7.042114702926483005e-06 9.939342141151428223e-01 1.334494209004333243e-05 6.045364309102296829e-03
6.660600658506155014e-03 2.316346071893349290e-04 9.930523037910461426e-01 5.545348176383413374e-05
6.977256271056830883e-05 9.998741745948791504e-01 3.460734660620801151e-05 2.141330696758814156e-05
3.196264151483774185e-04 3.693937091156840324e-03 9.959319829940795898e-01 5.443567715701647103e-05
4.460918426048010588e-04 1.516440679552033544e-04 2.359578502364456654e-04 9.991663098335266113e-01
3.626263933256268501e-03 9.756531119346618652e-01 2.321076171938329935e-04 2.048858441412448883e-02
3.755848109722137451e-01 1.122002489864826202e-03 2.734640380367636681e-03 6.205585002899169922e-01
1.047435580403544009e-04 9.994326829910278320e-01 3.691376332426443696e-05 4.256407846696674824e-04
3.942335955798625946e-03 2.749782986938953400e-03 1.663662679493427277e-02 9.766712188720703125e-01
1.115226623369380832e-04 1.825734507292509079e-04 1.407887320965528488e-03 9.982979893684387207e-01
7.044450938701629639e-02 7.224707514978945255e-04 9.130347371101379395e-01 1.579828746616840363e-02
9.464321136474609375e-01 1.285430695861577988e-02 4.000812023878097534e-02 7.054535089991986752e-04
