2.550368942320346832e-02 4.185768775641918182e-04 1.900362432934343815e-03 9.721773862838745117e-01
1.953735409188084304e-05 8.595565557479858398e-01 4.222815041430294514e-04 1.400016248226165771e-01
5.853958427906036377e-04 2.795465989038348198e-04 6.037825951352715492e-04 9.985312819480895996e-01
1.130690520767529961e-06 8.386879926547408104e-06 9.999188184738159180e-01 7.167978765210136771e-05
1.234501251019537449e-04 3.868333296850323677e-04 9.032601714134216309e-01 9.622954577207565308e-02
1.506094668002333492e-05 9.986528754234313965e-01 3.616489266278222203e-05 1.295944675803184509e-03
2.566380680946167558e-05 3.882692754268646240e-02 1.614268876437563449e-05 9.611312747001647949e-01
8.242291398346424103e-03 2.505202079191803932e-03 1.140315085649490356e-02 9.778493642807006836e-01
3.964865027228370309e-05 2.959608100354671478e-02 9.701528549194335938e-01 2.113917144015431404e-04
7.139996159821748734e-05 8.960531093180179596e-03 8.546911180019378662e-03 9.824211001396179199e-01
5.432131886482238770e-02 2.625404298305511475e-02 1.179806306026875973e-03 9.182448387145996094e-01
1.628991158213466406e-04 2.042134474322665483e-05 1.436583170288940892e-05 9.998023509979248047e-01
