9.970701336860656738e-01 2.849086968126357533e-06 2.902361564338207245e-03 2.469404898874927312e-05
3.967576276409090497e-07 1.113320081458368804e-06 1.393536308569309767e-06 9.999970793724060059e-01
7.663489133119583130e-02 2.232993574580177665e-04 1.717185825109481812e-01 7.514231801033020020e-01
9.933083057403564453e-01 2.395211486145853996e-04 1.101118279621005058e-03 5.350989755243062973e-03
1.003139232125249691e-06 7.992639439180493355e-05 9.999186992645263672e-01 3.679447502236143919e-07
9.639194468036293983e-04 9.727855324745178223e-01 2.611565031111240387e-02 1.349073718301951885e-04
9.997659921646118164e-01 2.836209205270279199e-06 2.116710384143516421e-04 1.945116309798322618e-05
9.998567700386047363e-01 1.301423762924969196e-04 1.210160826303763315e-05 1.024049765874224249e-06
1.619263639440760016e-04 9.475319385528564453e-01 1.661535497987642884e-05 5.228953063488006592e-02
6.342426687479019165e-02 9.410089842276647687e-05 9.356453418731689453e-01 8.362743537873029709e-04
1.107628122554160655e-05 2.902358210121747106e-05 2.028059316216968000e-05 9.999396204948425293e-01
4.048511758446693420e-02 8.940403461456298828e-01 6.441959738731384277e-02 1.054920256137847900e-03
