8.808730490272864699e-05 4.818584711756557226e-04 7.653176435269415379e-04 9.986647367477416992e-01
9.998804330825805664e-01 5.538780897040851414e-05 6.318056693999096751e-05 1.013390033222094644e-06
3.744671994354575872e-04 1.776316203176975250e-02 4.581570159643888474e-03 9.772807955741882324e-01
5.115798558108508587e-04 1.977747082710266113e-01 8.013418912887573242e-01 3.717745130416005850e-04
9.992650151252746582e-01 7.218178361654281616e-04 1.029304439725819975e-05 2.925348326243693009e-06
1.340271160006523132e-02 1.538260579109191895e-01 3.542160557117313147e-04 8.324170112609863281e-01
3.664599353214725852e-05 1.990935852518305182e-04 2.499813213944435120e-03 9.972644448280334473e-01
7.102341055870056152e-01 2.883193790912628174e-01 6.483381730504333973e-04 7.981943199411034584e-04
1.113113394239917397e-04 9.957472085952758789e-01 6.813579821027815342e-04 3.460132051259279251e-03
9.955929517745971680e-01 8.320073902723379433e-06 4.184510558843612671e-03 2.142667508451268077e-04
6.318505387753248215e-03 1.902612624689936638e-03 9.520782828330993652e-01 3.970064595341682434e-02
8.505085133947432041e-05 1.318281101703178138e-05 9.997118115425109863e-01 1.899215421872213483e-04
