9.983941316604614258e-01 1.478432794101536274e-03 1.078595087165012956e-04 1.960767986020073295e-05
7.534446776844561100e-04 2.494745105504989624e-01 3.544137999415397644e-02 7.143306732177734375e-01
9.999884366989135742e-01 2.209039394074352458e-06 1.561136571126553463e-07 9.203212357533629984e-06
5.528781563043594360e-03 6.871359073556959629e-04 3.410164208617061377e-05 9.937499761581420898e-01
1.957672880962491035e-03 7.046391838230192661e-04 1.101429760456085205e-02 9.863233566284179688e-01
7.476155133190331981e-06 1.580400206148624420e-02 9.841862916946411133e-01 2.241474930997355841e-06
1.031437702476978302e-02 9.158516526222229004e-01 2.760694478638470173e-04 7.355798780918121338e-02
3.788561560213565826e-03 8.390090661123394966e-04 1.131108263507485390e-03 9.942413568496704102e-01
7.376617759291548282e-06 3.288334410171955824e-04 9.996408224105834961e-01 2.304892041138373315e-05
2.892464399337768555e-04 7.140111410990357399e-04 7.986198179423809052e-04 9.981980919837951660e-01
9.394178986549377441e-01 6.170044071041047573e-05 5.914596468210220337e-02 1.374437822960317135e-03
8.471303582191467285e-01 9.817903488874435425e-02 1.332802232354879379e-02 4.136263579130172729e-02
