7.461920380592346191e-03 6.683424115180969238e-02 9.104779362678527832e-01 1.522589940577745438e-02
2.679018652997910976e-04 7.856184989213943481e-02 1.298015099018812180e-02 9.081901311874389648e-01
4.095329344272613525e-02 3.385806921869516373e-04 1.727133058011531830e-03 9.569810032844543457e-01
1.595345906935108360e-06 2.785847464110702276e-04 9.989787936210632324e-01 7.410690304823219776e-04
9.772268533706665039e-01 8.272657396446447819e-06 2.275670692324638367e-02 8.179873475455678999e-06
9.993074536323547363e-01 6.053709657862782478e-04 5.958413021289743483e-05 2.749665873125195503e-05
1.685184251982718706e-04 9.900255203247070312e-01 1.066401546268025413e-05 9.795174002647399902e-03
8.681963663548231125e-05 6.259210407733917236e-03 1.717020641081035137e-03 9.919369816780090332e-01
2.061918057734146714e-04 2.178223257942590863e-05 9.994922876358032227e-01 2.797383640427142382e-04
1.156656537204980850e-03 2.491973713040351868e-02 9.706848263740539551e-01 3.238758770748972893e-03
9.638150930404663086e-01 6.069106166251003742e-04 8.337041945196688175e-04 3.474431857466697693e-02
7.784948348999023438e-01 6.877431296743452549e-04 9.531003161100670695e-05 2.207220643758773804e-01
