1.687483675777912140e-02 2.013626974076032639e-03 9.793293476104736328e-01 1.782172359526157379e-03
6.531496765092015266e-04 9.972546100616455078e-01 2.043251413851976395e-03 4.900916610495187342e-05
2.587439492344856262e-02 8.367658301722258329e-05 5.220435559749603271e-04 9.735198616981506348e-01
9.654399156570434570e-01 8.912687189877033234e-03 3.405706083867698908e-04 2.530682459473609924e-02
9.998333454132080078e-01 1.528528628114145249e-05 1.108425640268251300e-04 4.056446414324454963e-05
3.216999396681785583e-02 7.229725122451782227e-01 6.941629108041524887e-03 2.379158735275268555e-01
9.968748092651367188e-01 2.896696096286177635e-03 1.115954000852070749e-04 1.169722236227244139e-04
9.989506602287292480e-01 2.769308921415358782e-04 3.811487840721383691e-05 7.342845201492309570e-04
1.100635199691168964e-04 9.885087013244628906e-01 2.747883554548025131e-04 1.110643986612558365e-02
9.149950146675109863e-01 2.593436744064092636e-03 2.146360231563448906e-03 8.026514202356338501e-02
2.415249036857858300e-05 9.668316245079040527e-01 2.454496687278151512e-03 3.068972006440162659e-02
4.504241421818733215e-02 9.538437128067016602e-01 5.884884376428090036e-05 1.054907566867768764e-03
