1.555704921483993530e-01 8.443887233734130859e-01 9.716433851281180978e-06 3.112138438154943287e-05
5.728588700294494629e-01 3.022849792614579201e-03 1.533067901618778706e-03 4.225852191448211670e-01
3.084834315814077854e-05 2.427989102216088213e-06 9.645731915952637792e-05 9.998703002929687500e-01
1.849635387770831585e-03 2.575501184765016660e-06 2.902885316871106625e-04 9.978574514389038086e-01
1.330522447824478149e-01 8.662084341049194336e-01 5.664282361976802349e-04 1.729247596813365817e-04
6.443830728530883789e-01 2.094155251979827881e-01 1.428625285625457764e-01 3.338928334414958954e-03
9.381791949272155762e-01 1.554269147163722664e-05 6.178529933094978333e-02 1.990467353607527912e-05
8.379373550415039062e-01 2.494911896064877510e-04 2.462772245053201914e-04 1.615668684244155884e-01
1.514778006821870804e-03 9.874306917190551758e-01 1.104677841067314148e-02 7.803508196957409382e-06
2.644673259055707604e-06 4.566137213259935379e-04 1.020360141992568970e-01 8.975046873092651367e-01
7.349184751510620117e-01 3.483410982880741358e-04 2.646422088146209717e-01 9.090929961530491710e-05
7.608780288137495518e-05 9.996073842048645020e-01 2.578834537416696548e-04 5.862581019755452871e-05
