9.514775276184082031e-01 6.591261364519596100e-03 4.180850833654403687e-02 1.226139720529317856e-04
8.823943207971751690e-04 1.228414997458457947e-01 8.762588500976562500e-01 1.717459781502839178e-05
9.994730949401855469e-01 9.882145241135731339e-05 3.974506398662924767e-05 3.883742319885641336e-04
1.768711663316935301e-04 9.994930624961853027e-01 1.327733916696161032e-04 1.971957390196621418e-04
9.442307353019714355e-01 5.431746691465377808e-02 1.386451651342213154e-03 6.537952867802232504e-05
2.461113035678863525e-04 2.040627578026033007e-06 9.947048425674438477e-01 5.046966485679149628e-03
3.780297993216663599e-05 9.999452233314514160e-01 1.903533529912238009e-06 1.511927530373213813e-05
8.523583119313116185e-07 9.998898506164550781e-01 2.672394293767865747e-05 8.251217514043673873e-05
7.153830956667661667e-04 1.504585742950439453e-01 1.434243167750537395e-03 8.473917841911315918e-01
6.421981379389762878e-03 2.827147766947746277e-02 9.554742574691772461e-01 9.832277894020080566e-03
1.907478144858032465e-05 1.708402123767882586e-05 9.999271631240844727e-01 3.667851706268265843e-05
2.737697064876556396e-01 1.499148011207580566e-01 3.125833719968795776e-02 5.450571179389953613e-01
