6.646574009209871292e-03 7.451497018337249756e-02 1.400946406647562981e-03 9.174374341964721680e-01
6.574521958827972412e-02 1.121171470731496811e-02 4.700156860053539276e-03 9.183428883552551270e-01
1.986112445592880249e-01 1.948346616700291634e-03 4.801916424185037613e-03 7.946385145187377930e-01
9.083214536076411605e-06 9.997832775115966797e-01 1.446601963834837079e-04 6.297045911196619272e-05
2.757628681138157845e-04 2.088750898838043213e-02 5.884480662643909454e-03 9.729522466659545898e-01
1.366230193525552750e-02 2.806857228279113770e-02 8.891440629959106445e-01 6.912508606910705566e-02
9.992264509201049805e-01 1.554431764816399664e-05 2.824639341270085424e-05 7.296929834410548210e-04
9.397678971290588379e-01 3.005907870829105377e-02 2.850414067506790161e-02 1.668888726271688938e-03
6.952540388738270849e-06 2.768144258880056441e-05 2.604105770587921143e-01 7.395547628402709961e-01
1.501242667436599731e-01 3.116339576081372797e-05 2.957711694762110710e-03 8.468869328498840332e-01
1.178998127579689026e-01 7.097877562046051025e-02 2.511559287086129189e-04 8.108702898025512695e-01
6.498606409877538681e-03 1.127447583712637424e-03 9.919868707656860352e-01 3.871323715429753065e-04
