1.051210983860073611e-05 1.557942479848861694e-02 9.736211895942687988e-01 1.078877598047256470e-02
1.321113556623458862e-01 7.312434026971459389e-04 6.357876211404800415e-02 8.035786151885986328e-01
1.190868715639226139e-04 5.669886036230309401e-07 1.167577829619403929e-05 9.998686909675598145e-01
9.989829659461975098e-01 1.273401867365464568e-04 8.322533685714006424e-04 5.748793410020880401e-05
3.906416893005371094e-02 9.399468079209327698e-03 9.514560699462890625e-01 8.026228169910609722e-05
2.061791531741619110e-02 4.482839140109717846e-04 5.862466423423029482e-06 9.789279699325561523e-01
8.785674571990966797e-01 1.087131723761558533e-01 7.603959646075963974e-03 5.115497857332229614e-03
5.322776269167661667e-04 8.198954164981842041e-03 1.532288843009155244e-05 9.912534356117248535e-01
1.722771325148642063e-03 1.592018641531467438e-02 9.806548953056335449e-01 1.702113891951739788e-03
8.127500223054084927e-06 9.987677931785583496e-01 1.819233730202540755e-04 1.042214338667690754e-03
4.513399600982666016e-01 5.471253991127014160e-01 1.139703206717967987e-03 3.948794910684227943e-04
2.360780126764439046e-05 2.470132312737405300e-04 4.706642404198646545e-02 9.526629447937011719e-01
