8.775092661380767822e-03 1.980066735995933414e-04 6.026366027072072029e-04 9.904242753982543945e-01
9.997824430465698242e-01 3.176916834490839392e-06 1.246430911123752594e-04 8.970915223471820354e-05
9.931151866912841797e-01 6.861753296107053757e-03 1.217380759044317529e-05 1.088111548597225919e-05
5.497402697801589966e-02 4.301726585254073143e-05 9.449604749679565430e-01 2.252667945867870003e-05
9.867496490478515625e-01 1.097347680479288101e-02 2.254475373774766922e-03 2.238625165773555636e-05
8.865233659744262695e-01 9.975260496139526367e-02 1.137996371835470200e-02 2.344032283872365952e-03
1.541208039270713925e-04 8.153537660837173462e-02 9.182638525962829590e-01 4.660719059756956995e-05
5.034049991081701592e-06 9.995535016059875488e-01 4.338919534347951412e-04 7.579281827929662541e-06
2.172160930058453232e-05 1.084219291806221008e-01 8.908400535583496094e-01 7.163199479691684246e-04
9.957039952278137207e-01 3.010213375091552734e-03 1.267787301912903786e-04 1.159045845270156860e-03
9.445267915725708008e-01 2.827697608154267073e-04 5.096695944666862488e-02 4.223524592816829681e-03
4.280175489839166403e-04 4.085144028067588806e-03 1.613697735592722893e-03 9.938731193542480469e-01
