1.912329792976379395e-01 8.954336408351082355e-06 6.129164248704910278e-04 8.081451058387756348e-01
9.634356945753097534e-03 2.941907644271850586e-01 1.077861874364316463e-03 6.950970292091369629e-01
3.347274287079926580e-06 9.992274045944213867e-01 7.532124873250722885e-04 1.601003896212205291e-05
1.330516766756772995e-03 1.504079846199601889e-04 9.795685410499572754e-01 1.895049586892127991e-02
3.935015047318302095e-05 7.328926585614681244e-05 3.203189116902649403e-04 9.995669722557067871e-01
2.453053275530692190e-05 1.141233071684837341e-01 1.274015870876610279e-03 8.845781683921813965e-01
3.902522381395101547e-03 9.455826282501220703e-01 1.083117094822227955e-03 4.943168908357620239e-02
9.503922462463378906e-01 4.910353198647499084e-02 3.111180558335036039e-05 4.731198132503777742e-04
4.781362440553493798e-05 9.992697238922119141e-01 3.250193549320101738e-04 3.574702714104205370e-04
4.940828774124383926e-03 5.440980312414467335e-04 9.938154220581054688e-01 6.995968287810683250e-04
1.992475241422653198e-02 7.291396286746021360e-06 2.060694154351949692e-03 9.780072569847106934e-01
8.812838792800903320e-02 1.655634306371212006e-02 8.952848911285400391e-01 3.036247107957024127e-05
