8.324254304170608521e-05 9.911294579505920410e-01 8.004789240658283234e-03 7.825871580280363560e-04
9.921760559082031250e-01 2.928967005573213100e-04 9.665167308412492275e-04 6.564591079950332642e-03
9.797806342248804867e-06 9.996522665023803711e-01 3.282807301729917526e-04 9.591179150447715074e-06
1.059013139456510544e-02 5.043609053245745599e-05 9.889607429504394531e-01 3.986630181316286325e-04
1.250398872798541561e-05 1.705341219349065796e-06 4.732696652354206890e-06 9.999810457229614258e-01
7.095039486885070801e-01 3.551717614755034447e-03 1.600903719663619995e-01 1.268540173768997192e-01
9.021126970765180886e-06 1.315972331212833524e-04 8.413445357291493565e-06 9.998509883880615234e-01
9.999702572822570801e-01 1.636124943615868688e-05 1.297946892009349540e-05 3.804492223480337998e-07
4.471473023295402527e-02 1.490637660026550293e-02 1.109271030873060226e-02 9.292862415313720703e-01
2.263080386910587549e-04 9.994472861289978027e-01 1.862567878561094403e-04 1.400847249897196889e-04
4.354761331342160702e-04 2.857055369531735778e-05 9.764741659164428711e-01 2.306173369288444519e-02
2.330019487999379635e-04 1.546980493003502488e-04 9.739034175872802734e-01 2.570884674787521362e-02
