6.664262036792933941e-04 9.267381429672241211e-01 2.791654151224065572e-05 7.256745547056198120e-02
2.957689343020319939e-03 9.960615038871765137e-01 4.108154098503291607e-04 5.700321635231375694e-04
1.204355340451002121e-02 1.166543879662640393e-04 1.615394279360771179e-02 9.716858267784118652e-01
1.597140508238226175e-04 2.781918446999043226e-04 3.894876499543897808e-06 9.995582103729248047e-01
1.421501934528350830e-01 8.738609403371810913e-02 4.409148095874115825e-05 7.704195976257324219e-01
8.747053891420364380e-02 9.060028195381164551e-01 6.380514241755008698e-03 1.461286592530086637e-04
9.972771406173706055e-01 2.674816874787211418e-03 2.935402699222322553e-05 1.872424218163359910e-05
1.288716885028406978e-04 9.902213215827941895e-01 2.987824555020779371e-04 9.350962936878204346e-03
2.520252717658877373e-03 3.380419220775365829e-03 9.906766563653945923e-02 8.950316309928894043e-01
2.311118096113204956e-01 9.494233876466751099e-02 7.427643868140876293e-04 6.732030510902404785e-01
5.370513463276438415e-05 7.136766910552978516e-01 2.713273763656616211e-01 1.494212076067924500e-02
5.378769128583371639e-04 2.480670809745788574e-04 9.749835007824003696e-04 9.982390403747558594e-01
