8.220905328926164657e-06 4.715025052428245544e-02 5.167921259999275208e-02 9.011622667312622070e-01
2.755418419837951660e-03 2.258313447237014771e-02 1.047945618629455566e-01 8.698668479919433594e-01
2.068013145617442206e-06 8.253677515313029289e-04 1.132542849518358707e-03 9.980400204658508301e-01
1.338047683238983154e-01 8.642341494560241699e-01 6.756790098734200001e-04 1.285391976125538349e-03
8.243269920349121094e-01 1.619483693502843380e-03 1.606109440326690674e-01 1.344254333525896072e-02
3.069010563194751740e-05 4.376723663881421089e-04 8.968478441238403320e-02 9.098468422889709473e-01
1.157007738947868347e-01 3.086052834987640381e-03 1.441580355167388916e-01 7.370551824569702148e-01
7.194022182375192642e-04 1.233817730098962784e-02 9.854916243057232350e-06 9.869325757026672363e-01
9.999084472656250000e-01 8.219583833124488592e-05 4.132344656682107598e-06 5.202323336561676115e-06
7.201757398433983326e-06 8.656874299049377441e-03 2.061479608528316021e-05 9.913153052330017090e-01
9.999701976776123047e-01 9.671089173934888095e-06 1.072861891771026421e-06 1.902758776850532740e-05
9.022641927003860474e-03 9.909346699714660645e-01 1.398255449203134049e-06 4.123706457903608680e-05
