8.685786128044128418e-01 1.312619149684906006e-01 7.003310020081698895e-05 8.942944987211376429e-05
8.440120291197672486e-05 3.656535045593045652e-05 9.998184442520141602e-01 6.056933852960355580e-05
5.152282537892460823e-04 1.549977750983089209e-04 9.987706542015075684e-01 5.591699155047535896e-04
9.984546899795532227e-01 2.044270368060097098e-04 5.372842861106619239e-05 1.287112710997462273e-03
9.993061423301696777e-01 9.088087608688510954e-06 2.004387933993712068e-04 4.844032810069620609e-04
2.269826084375381470e-02 1.099269487895071507e-03 5.787092074751853943e-02 9.183315634727478027e-01
1.527963831904344261e-05 9.971733093261718750e-01 2.809925470501184464e-03 1.478057015447120648e-06
3.338535502552986145e-02 9.656572341918945312e-01 6.820410490036010742e-04 2.754215092863887548e-04
8.664538860321044922e-01 7.186352740973234177e-03 2.807151213346514851e-05 1.263317167758941650e-01
3.389444464119151235e-05 1.946138581843115389e-06 2.273371070623397827e-02 9.772304296493530273e-01
1.264382302761077881e-01 2.975771785713732243e-04 8.731958270072937012e-01 6.830454367445781827e-05
6.448058684327406809e-06 3.020801386810489930e-06 1.595499110408127308e-03 9.983950257301330566e-01
