1.362642156891524792e-03 5.927145015448331833e-03 9.880886673927307129e-01 4.621512256562709808e-03
9.779937099665403366e-04 9.471741504967212677e-03 9.466550350189208984e-01 4.289523512125015259e-02
1.213955874845851213e-05 1.012080610962584615e-05 1.555058639496564865e-02 9.844271540641784668e-01
9.990883469581604004e-01 5.632082466036081314e-04 3.307399747427552938e-04 1.765010347298812121e-05
1.482495372329140082e-05 2.067136483674403280e-05 9.997835159301757812e-01 1.809350360417738557e-04
1.110140234231948853e-03 2.140168286859989166e-02 3.034761175513267517e-04 9.771846532821655273e-01
9.988006353378295898e-01 6.093184310884680599e-06 1.191670075058937073e-03 1.519194938737200573e-06
8.043646812438964844e-02 7.794060111045837402e-01 7.363628130406141281e-03 1.327938884496688843e-01
2.306127222254872322e-03 9.973055124282836914e-01 6.564346404047682881e-05 3.227915440220385790e-04
8.269394934177398682e-02 3.334723296575248241e-04 9.163424968719482422e-01 6.300426321104168892e-04
1.216535805724561214e-03 1.293079112656414509e-04 9.966155886650085449e-01 2.038638107478618622e-03
4.247111792210489511e-04 9.902989864349365234e-01 8.091761730611324310e-03 1.184531138278543949e-03
