2.474880777299404144e-03 8.272078633308410645e-01 1.025822944939136505e-03 1.692914068698883057e-01
7.961637340486049652e-03 8.513926267623901367e-01 1.405704766511917114e-01 7.523741078330203891e-05
4.464685171842575073e-02 1.466201394796371460e-01 1.929642894538119435e-04 8.085400462150573730e-01
9.960430860519409180e-01 2.487269512130296789e-06 3.941466566175222397e-03 1.298525512538617477e-05
1.304664998315274715e-03 9.980514049530029297e-01 1.150909447460435331e-04 5.288993124850094318e-04
1.214416548609733582e-01 7.286087609827518463e-03 1.303322380408644676e-03 8.699688911437988281e-01
2.831743040587753057e-05 9.993489980697631836e-01 6.218370981514453888e-04 8.324738587361935060e-07
9.944022893905639648e-01 1.588164595887064934e-03 1.139275729656219482e-03 2.870189957320690155e-03
7.144424598664045334e-03 7.048521637916564941e-01 2.879337668418884277e-01 6.961139297345653176e-05
1.397557844029506668e-05 9.999167323112487793e-01 3.490709059406071901e-05 3.440672662691213191e-05
8.246491849422454834e-02 9.090936183929443359e-01 1.298757852055132389e-03 7.142696995288133621e-03
9.817047715187072754e-01 2.714422953431494534e-05 1.616961380932480097e-04 1.810631528496742249e-02
