3.531015863700304180e-06 9.420093148946762085e-02 6.860610446892678738e-04 9.051095247268676758e-01
1.324860379099845886e-03 6.968044908717274666e-04 9.979735016822814941e-01 4.858597094425931573e-06
1.817187219858169556e-01 1.526559499325230718e-04 8.171903491020202637e-01 9.383435244672000408e-04
1.286734186578541994e-05 9.999805688858032227e-01 1.347276565866195597e-06 5.204706212680321187e-06
1.409645676612854004e-01 7.532854676246643066e-01 1.030046399682760239e-02 9.544950723648071289e-02
9.994289875030517578e-01 2.797129855025559664e-04 2.788934216368943453e-04 1.237576634594006464e-05
1.600239047547802329e-04 1.105866704165237024e-05 9.996225237846374512e-01 2.064192231046035886e-04
1.771377128534368239e-06 1.084867790341377258e-01 3.295366186648607254e-03 8.882160782814025879e-01
8.184023499488830566e-01 1.813372224569320679e-01 5.371657607611268759e-05 2.066968881990760565e-04
1.417729799868538976e-04 7.627164125442504883e-01 2.355358004570007324e-01 1.605983357876539230e-03
4.100965743418782949e-04 4.702949354395968840e-06 1.605072407983243465e-03 9.979800581932067871e-01
1.995748752960935235e-04 6.773366779088973999e-02 9.320634603500366211e-01 3.236354359614779241e-06
