4.106402024626731873e-02 2.234049839898943901e-03 1.703798538073897362e-03 9.549981355667114258e-01
9.653768539428710938e-01 1.123352441936731339e-02 1.246999483555555344e-03 2.214267477393150330e-02
1.871378421783447266e-01 8.109682202339172363e-01 7.967051933519542217e-04 1.097326283343136311e-03
9.902554154396057129e-01 8.368025191884953529e-06 9.594074450433254242e-03 1.421228371327742934e-04
8.797148466110229492e-01 4.838390648365020752e-02 2.564757876098155975e-02 4.625365138053894043e-02
1.038346206769347191e-03 1.125450944527983665e-03 9.630165696144104004e-01 3.481961786746978760e-02
2.658537030220031738e-01 7.227995991706848145e-01 1.716738916002213955e-05 1.132954098284244537e-02
7.487338734790682793e-06 5.036917282268404961e-04 9.994877576828002930e-01 1.066110371539252810e-06
9.974266886711120605e-01 1.639246183913201094e-04 1.032901345752179623e-03 1.376506173983216286e-03
3.010252024978399277e-03 9.586388617753982544e-02 2.580083720386028290e-02 8.753250837326049805e-01
4.140874743461608887e-01 3.012962406501173973e-03 5.657961964607238770e-01 1.710330136120319366e-02
9.862670898437500000e-01 1.239266857737675309e-04 1.360344327986240387e-02 5.601322754955617711e-06
