1.058177053928375244e-01 8.936849832534790039e-01 1.738485116220545024e-05 4.799148009624332190e-04
3.542957128956913948e-04 3.810411784797906876e-03 6.863633543252944946e-02 9.271989464759826660e-01
3.009546780958771706e-03 2.837086562067270279e-03 9.939322471618652344e-01 2.211033133789896965e-04
9.909133911132812500e-01 1.594964647665619850e-03 1.011740459944121540e-04 7.390392944216728210e-03
2.715650480240583420e-04 1.101366933653480373e-06 9.996429085731506348e-01 8.447557047475129366e-05
9.933475852012634277e-01 9.241623956768307835e-06 3.937895598937757313e-06 6.639344617724418640e-03
2.570683835074305534e-03 3.866135142743587494e-03 5.895288995816372335e-05 9.935041666030883789e-01
1.040746923536062241e-03 3.596614301204681396e-02 9.628941416740417480e-01 9.894953109323978424e-05
8.960040658712387085e-02 9.070059657096862793e-01 3.308475716039538383e-03 8.515377703588455915e-05
1.830499854804656934e-06 2.899412265833234414e-06 9.562944178469479084e-04 9.990389347076416016e-01
5.018551746616140008e-06 2.096465614158660173e-04 9.997845888137817383e-01 6.679807711407192983e-07
3.790897608269006014e-05 9.999381899833679199e-01 4.286111732199060498e-07 2.339800812478642911e-05
