1.050262217177078128e-04 1.172819873318076134e-03 9.987171888351440430e-01 4.978831839252961800e-06
1.996573409996926785e-04 9.827039241790771484e-01 1.651949062943458557e-02 5.768503760918974876e-04
1.641431450843811035e-01 1.106184718082658947e-04 2.208353951573371887e-02 8.136626482009887695e-01
9.899572134017944336e-01 1.176729332655668259e-03 8.849970065057277679e-03 1.609698665561154485e-05
9.882282614707946777e-01 7.787312824802938849e-06 1.537694479338824749e-03 1.022631302475929260e-02
6.338192149996757507e-03 3.120410474366508424e-05 9.901081919670104980e-01 3.522328799590468407e-03
1.552110006741713732e-05 8.566088676452636719e-01 1.146644353866577148e-01 2.871118858456611633e-02
6.868810160085558891e-04 3.594772517681121826e-02 9.619839191436767578e-01 1.381490263156592846e-03
1.319017028436064720e-04 9.997180700302124023e-01 1.442489301552996039e-04 5.838331162522081286e-06
9.861258789896965027e-03 6.110719442367553711e-01 1.879550982266664505e-04 3.788788318634033203e-01
1.880850875750184059e-03 1.791305476217530668e-05 6.729976121278014034e-06 9.980944991111755371e-01
2.102565020322799683e-03 9.157319254882168025e-06 9.975847601890563965e-01 3.034899709746241570e-04
