1.483887666836380959e-03 3.544671833515167236e-02 9.601581692695617676e-01 2.911272924393415451e-03
6.680653768853517249e-06 1.371913094772025943e-05 9.979715347290039062e-01 2.008053474128246307e-03
2.053474890999495983e-04 9.995314478874206543e-01 2.621921885292977095e-04 9.727236829348839819e-07
6.809990108013153076e-02 3.862448781728744507e-02 7.172572426497936249e-03 8.861030340194702148e-01
1.317593851126730442e-03 9.760372042655944824e-01 2.261856384575366974e-02 2.665368810994550586e-05
6.213349115569144487e-05 9.395888810104224831e-06 9.982965588569641113e-01 1.631879131309688091e-03
9.640067219734191895e-01 1.113142934627830982e-03 3.486831113696098328e-02 1.184941174869891256e-05
6.515278364531695843e-04 1.636251909076236188e-05 8.380737563129514456e-05 9.992483258247375488e-01
3.016267146449536085e-04 9.584888175595551729e-06 5.510675237019313499e-06 9.996832609176635742e-01
9.982827305793762207e-01 1.680194865912199020e-03 1.473824704589787871e-05 2.230223071819636971e-05
9.205707907676696777e-01 6.890553236007690430e-02 4.797588044311851263e-04 1.004390791058540344e-02
9.755516052246093750e-01 2.241979539394378662e-02 1.671347185038030148e-03 3.572409041225910187e-04
