5.779758095741271973e-03 6.302045221673324704e-05 9.934850335121154785e-01 6.722151301801204681e-04
9.871430993080139160e-01 2.935813063231762499e-05 1.269353181123733521e-02 1.339994487352669239e-04
1.143960253102704883e-05 9.928584694862365723e-01 1.524702529422938824e-04 6.977681070566177368e-03
1.812617701943963766e-04 9.111821651458740234e-03 8.086421985353808850e-07 9.907061457633972168e-01
9.377421520184725523e-06 1.867684186436235905e-03 9.936943054199218750e-01 4.428636282682418823e-03
2.551419427618384361e-03 1.296794414520263672e-02 1.184871871373616159e-04 9.843621253967285156e-01
6.376887671649456024e-03 5.702432827092707157e-04 1.326297251580399461e-06 9.930515289306640625e-01
3.783509880304336548e-02 9.617490172386169434e-01 2.790917642414569855e-04 1.367040676996111870e-04
3.674814477562904358e-02 8.812280297279357910e-01 3.653768077492713928e-02 4.548618569970130920e-02
1.027152221649885178e-02 1.666640788316726685e-01 8.131993412971496582e-01 9.865092113614082336e-03
1.469907071441411972e-02 1.321272850036621094e-01 8.531612157821655273e-01 1.234937008121050894e-05
9.589418768882751465e-01 1.989328768104314804e-03 2.614315053506288677e-05 3.904259949922561646e-02
