1.503229941590689123e-05 8.720383793115615845e-02 6.328433752059936523e-02 8.494967818260192871e-01
2.205818309448659420e-04 1.886981278657913208e-01 8.098340630531311035e-01 1.247225678525865078e-03
9.997892379760742188e-01 1.709807111183181405e-04 3.422947338549420238e-05 5.521522780327359214e-06
4.217708855867385864e-02 3.958922252058982849e-02 5.240142490947619081e-05 9.181813001632690430e-01
8.222545981407165527e-01 2.339444620247377316e-07 2.211463424828252755e-06 1.777429580688476562e-01
8.442302793264389038e-02 1.696808794804383069e-06 5.218998194322921336e-05 9.155230522155761719e-01
2.144576236605644226e-02 9.785264730453491211e-01 1.581738797540310770e-05 1.188974238175433129e-05
9.926527738571166992e-01 1.632812927709892392e-04 5.827027489431202412e-04 6.601265165954828262e-03
1.702556437521707267e-05 7.460975029971450567e-05 9.998819828033447266e-01 2.636132194311358035e-05
4.444639489520341158e-05 9.960002303123474121e-01 3.648822428658604622e-03 3.065478813368827105e-04
9.956727176904678345e-02 3.474930999800562859e-04 7.884188890457153320e-01 1.116662845015525818e-01
8.704018779098987579e-03 6.336547136306762695e-01 3.566187620162963867e-01 1.022497192025184631e-03
