1.293074456043541431e-04 1.481693703681230545e-03 2.510651480406522751e-03 9.958783388137817383e-01
7.212776690721511841e-03 6.782657466828823090e-03 5.266342684626579285e-02 9.333411455154418945e-01
1.051556970924139023e-02 1.060557115124538541e-04 9.891961812973022461e-01 1.822083722800016403e-04
2.867924049496650696e-03 1.157393329776823521e-03 9.959666728973388672e-01 8.083990906015969813e-06
2.262472063302993774e-01 3.249750006943941116e-04 1.458614831790328026e-03 7.719692587852478027e-01
8.740798234939575195e-01 8.382507413625717163e-02 3.808496519923210144e-02 4.010117612779140472e-03
7.506537437438964844e-01 1.404013135470449924e-03 8.774177730083465576e-02 1.602004766464233398e-01
4.529060388449579477e-04 9.380756819155067205e-05 9.930070042610168457e-01 6.446301471441984177e-03
3.215394031030882616e-07 6.963316118344664574e-04 9.990839362144470215e-01 2.194164117099717259e-04
9.998258948326110840e-01 1.536518830107524991e-04 1.171189978776965290e-06 1.921690454764757305e-05
1.569709274917840958e-04 9.283382296562194824e-01 5.705725401639938354e-02 1.444757729768753052e-02
4.032087599625810981e-05 9.999371767044067383e-01 1.294932553719263524e-05 9.543139640300069004e-06
