9.999935030937194824e-01 5.301947112457128242e-06 1.591589295912854141e-07 1.052547304425388575e-06
3.041045973077416420e-03 9.968763589859008789e-01 7.537072087870910764e-05 7.209164778032572940e-06
2.390272216871380806e-03 1.131591573357582092e-01 5.212997086346149445e-03 8.792375922203063965e-01
8.674961924552917480e-01 1.210428848862648010e-01 6.875379942357540131e-03 4.585575312376022339e-03
9.987550973892211914e-01 1.208814210258424282e-03 6.616402060899417847e-06 2.943444269476458430e-05
2.491470077075064182e-04 1.364842137263622135e-05 1.853051944635808468e-04 9.995518922805786133e-01
1.741849817335605621e-03 4.665215237764641643e-05 4.115403498872183263e-05 9.981703758239746094e-01
3.502512697650672635e-07 1.381456677336245775e-04 3.223296254873275757e-03 9.966382384300231934e-01
3.610977898915734841e-07 4.087170964339748025e-05 8.568324265070259571e-04 9.991019368171691895e-01
1.675570501902257092e-06 9.914637804031372070e-01 9.718601359054446220e-05 8.437342010438442230e-03
7.890095114707946777e-01 1.111600995063781738e-01 9.982155263423919678e-02 8.943649845605250448e-06
9.835199713706970215e-01 3.010981308761984110e-04 7.383384741842746735e-03 8.795479312539100647e-03
