9.992556571960449219e-01 6.157517782412469387e-04 3.525385864122654311e-06 1.250604109372943640e-04
1.349167869193479419e-04 9.991247057914733887e-01 2.916451921919360757e-05 7.111945305950939655e-04
6.044613473932258785e-05 2.923807551269419491e-05 2.041216648649424314e-04 9.997062087059020996e-01
1.814926043152809143e-03 2.637239545583724976e-02 8.354826569557189941e-01 1.363299787044525146e-01
9.997422099113464355e-01 2.266589872306212783e-04 8.685209650138858706e-06 2.241188121843151748e-05
2.259491338918451220e-06 1.955468906089663506e-04 5.383182724472135305e-05 9.997483491897583008e-01
5.065329074859619141e-01 5.270101130008697510e-03 8.037054612941574305e-06 4.881889820098876953e-01
9.998156428337097168e-01 1.320341980317607522e-04 8.947024980443529785e-06 4.334829645813442767e-05
1.074798172339797020e-03 1.732490090944338590e-05 9.590047001838684082e-01 3.990323096513748169e-02
1.008681138046085835e-03 1.124328773585148156e-04 5.346253514289855957e-01 4.642536044120788574e-01
8.902199864387512207e-01 8.337689936161041260e-02 1.376605476252734661e-03 2.502657845616340637e-02
8.400376827921718359e-06 8.373885975743178278e-06 3.196034867869457230e-06 9.999800324440002441e-01
