2.039780520135536790e-05 3.251554880989715457e-05 9.808799028396606445e-01 1.906711980700492859e-02
1.988660171627998352e-02 1.354669034481048584e-02 9.028789401054382324e-02 8.762787580490112305e-01
9.982146024703979492e-01 1.734544523060321808e-03 7.383983984254882671e-07 5.015991337131708860e-05
9.574882824381347746e-07 1.903686461446341127e-05 9.999744296073913574e-01 5.597847120952792466e-06
6.957005825825035572e-05 4.102324601262807846e-05 3.374905475084233331e-07 9.998890161514282227e-01
4.526189586613327265e-04 1.366639771731570363e-04 1.708823583612684160e-05 9.993936419486999512e-01
2.646326553076505661e-03 9.595556855201721191e-01 3.762223199009895325e-02 1.756999845383688807e-04
2.646568417549133301e-02 2.119201002642512321e-03 9.660510420799255371e-01 5.364054348319768906e-03
1.510415924713015556e-03 2.331450377823784947e-05 9.118001617025583982e-05 9.983751177787780762e-01
3.547289234120398760e-04 7.937737554311752319e-02 8.779287338256835938e-03 9.114885926246643066e-01
8.897083171177655458e-05 9.998722076416015625e-01 5.481689640873810276e-06 3.336833106004633009e-05
9.765086174011230469e-01 2.269133552908897400e-02 3.916941568604670465e-05 7.607808220200240612e-04
