1.414597150869667530e-03 6.413375103875296190e-06 9.985445737838745117e-01 3.438243220443837345e-05
6.861492875032126904e-05 6.856132764369249344e-03 6.683164974674582481e-04 9.924069643020629883e-01
2.818205626681447029e-03 9.970768094062805176e-01 2.019054227275773883e-05 8.479125244775786996e-05
1.150051102740690112e-04 8.589572826167568564e-05 9.010934445541352034e-05 9.997089505195617676e-01
9.837882518768310547e-01 1.629189500818029046e-05 1.595756225287914276e-02 2.379294019192457199e-04
2.741497337410692126e-05 1.565143174957484007e-04 9.975388646125793457e-01 2.277212450280785561e-03
7.000072509981691837e-04 1.450256331736454740e-05 9.981360435485839844e-01 1.149508054368197918e-03
9.914033412933349609e-01 4.130517598241567612e-03 4.189908504486083984e-03 2.762639778666198254e-04
9.932386279106140137e-01 8.190613007172942162e-04 5.193791352212429047e-03 7.484630914404988289e-04
5.378841478886897676e-07 1.610659062862396240e-03 9.983882308006286621e-01 6.178757985253469087e-07
1.969726569950580597e-02 9.790645837783813477e-01 3.161962922604288906e-07 1.237789867445826530e-03
7.368965889327228069e-04 9.991433620452880859e-01 6.890179975016508251e-06 1.128099174820818007e-04
