1.724246103549376130e-04 2.865506103262305260e-04 1.691124198259785771e-04 9.993719458580017090e-01
3.740488318726420403e-04 9.792561531066894531e-01 7.970851584104821086e-05 2.029008604586124420e-02
1.966907232999801636e-01 1.030824932968243957e-05 4.934896714985370636e-04 8.028054833412170410e-01
7.919013114587869495e-06 3.179207851644605398e-05 6.237006164155900478e-05 9.998979568481445312e-01
7.822014740668237209e-04 6.878056097775697708e-03 2.383652925491333008e-01 7.539744377136230469e-01
2.719307667575776577e-05 9.999535679817199707e-01 5.248070010566152632e-06 1.396020797983510420e-05
2.420099008304532617e-06 9.996281862258911133e-01 3.693515027407556772e-04 4.458408398022584151e-08
8.244393467903137207e-01 1.132522942498326302e-03 3.713142941705882549e-04 1.740567833185195923e-01
2.990404702723026276e-02 9.195631137117743492e-04 6.973350537009537220e-06 9.691694378852844238e-01
4.221172630786895752e-02 1.872319281101226807e-01 1.741652959026396275e-04 7.703821659088134766e-01
1.781642585992813110e-01 2.291065407916903496e-03 8.194976449012756348e-01 4.700215504271909595e-05
9.757511019706726074e-01 7.461357163265347481e-04 2.335233613848686218e-02 1.503663515904918313e-04
