4.374060630798339844e-01 1.401994675397872925e-01 2.706876024603843689e-03 4.196876287460327148e-01
1.303309947252273560e-02 9.867903590202331543e-01 1.204294967465102673e-04 5.613287066807970405e-05
1.615972723811864853e-03 2.834179205819964409e-03 9.794415831565856934e-01 1.610826328396797180e-02
3.088426601607352495e-04 1.866735890507698059e-02 4.334618643042631447e-05 9.809805154800415039e-01
9.993276000022888184e-01 6.296281935647130013e-04 2.338711738048004918e-06 4.053341035614721477e-05
1.495492458343505859e-02 4.213655483908951283e-05 9.849890470504760742e-01 1.389174303767504171e-05
9.827595949172973633e-01 4.854952276218682528e-04 1.659766398370265961e-02 1.572519686305895448e-04
2.688670065253973007e-04 1.027623005211353302e-02 9.696264266967773438e-01 1.982846669852733612e-02
1.244650047738105059e-05 6.674167707387823611e-06 1.528326720290351659e-06 9.999793171882629395e-01
9.862846732139587402e-01 3.161455679219216108e-04 5.399181973189115524e-04 1.285932585597038269e-02
1.106472313404083252e-02 5.345864892005920410e-01 7.368802558630704880e-03 4.469799995422363281e-01
9.678584933280944824e-01 2.397858723998069763e-02 2.143884077668190002e-03 6.019025109708309174e-03
