1.834030854297452606e-06 2.091712085530161858e-03 2.436045557260513306e-03 9.954704046249389648e-01
1.781840837793424726e-04 2.186972880735993385e-03 9.088834524154663086e-01 8.875136822462081909e-02
8.141190846799872816e-06 9.303168189944699407e-05 9.939731359481811523e-01 5.925726611167192459e-03
3.730043681571260095e-05 1.113473437726497650e-03 9.986256957054138184e-01 2.235616266261786222e-04
1.547562927007675171e-01 8.451609015464782715e-01 4.970631198375485837e-05 3.307087899884209037e-05
9.994753003120422363e-01 2.815469924826174974e-04 7.796266436344012618e-05 1.652635837672278285e-04
1.314911351073533297e-04 8.388494849205017090e-01 1.520212888717651367e-01 8.997802622616291046e-03
2.732230536639690399e-02 9.682644009590148926e-01 4.408430308103561401e-03 4.846370302402647212e-06
7.161046564579010010e-02 4.921480547636747360e-03 2.143224002793431282e-03 9.213249087333679199e-01
4.831235492019914091e-05 7.081124294927576557e-06 8.188927313312888145e-05 9.998627305030822754e-01
2.018838677031453699e-05 9.999331831932067871e-01 2.302344910276588053e-05 2.367502202105242759e-05
9.998156428337097168e-01 2.344191670999862254e-06 1.438314793631434441e-04 3.823414954240433872e-05
