9.693212923593819141e-04 8.948163986206054688e-01 7.980488985776901245e-02 2.440941892564296722e-02
2.690747613087296486e-03 4.131959576625376940e-04 1.532360352575778961e-02 9.815724492073059082e-01
7.959931972436606884e-04 9.990526437759399414e-01 7.358237326116068289e-06 1.440011546947062016e-04
2.286541834473609924e-02 2.847396070137619972e-03 5.152394995093345642e-03 9.691348075866699219e-01
1.549900298414286226e-05 1.004933146759867668e-03 9.988822340965270996e-01 9.733068873174488544e-05
4.956688499078154564e-04 2.224142517661675811e-04 6.672036834061145782e-04 9.986146688461303711e-01
9.996714591979980469e-01 2.053087519016116858e-04 3.327957529108971357e-05 8.996472024591639638e-05
5.977507680654525757e-04 4.375430196523666382e-02 9.244198799133300781e-01 3.122815676033496857e-02
9.917104244232177734e-01 3.943176125176250935e-04 1.778294332325458527e-03 6.116939708590507507e-03
1.204415969550609589e-02 6.835831403732299805e-01 2.867369055747985840e-01 1.763567700982093811e-02
3.110014367848634720e-03 9.878782033920288086e-01 1.232653744409617502e-06 9.010532870888710022e-03
7.810392975807189941e-01 2.710354328155517578e-02 1.847868114709854126e-01 7.070385850965976715e-03
