4.115912131965160370e-03 4.454475268721580505e-02 9.510649442672729492e-01 2.743907971307635307e-04
1.184139866381883621e-03 3.051549568772315979e-02 1.088926102966070175e-03 9.672114253044128418e-01
2.276671584695577621e-03 9.941872358322143555e-01 2.861397806555032730e-03 6.746065919287502766e-04
9.723340868949890137e-01 3.746118745766580105e-04 3.772518597543239594e-03 2.351884916424751282e-02
9.405176043510437012e-01 5.935850203968584538e-04 5.884128808975219727e-02 4.744209581986069679e-05
9.977567242458462715e-04 1.091350917704403400e-03 9.978962540626525879e-01 1.462704676669090986e-05
8.376094102859497070e-01 3.746796865016222000e-04 1.270511001348495483e-01 3.496477380394935608e-02
9.735918865771964192e-05 9.969862699508666992e-01 2.910729264840483665e-03 5.586286988545907661e-06
9.958825111389160156e-01 4.099059849977493286e-03 1.724740650388412178e-05 1.199816097141592763e-06
4.598366795107722282e-04 1.205146327265538275e-05 2.476951631251722574e-04 9.992803931236267090e-01
3.943560659536160529e-05 7.856743410229682922e-03 2.564700025686761364e-06 9.921012520790100098e-01
3.960177309636492282e-06 8.183454629033803940e-04 7.448861651937477291e-06 9.991702437400817871e-01
