1.499523787060752511e-04 1.032390147447586060e-01 6.867098854854702950e-04 8.959243297576904297e-01
9.688181281089782715e-01 2.236048504710197449e-02 8.463891223073005676e-03 3.574036818463355303e-04
1.357505097985267639e-04 9.994637370109558105e-01 3.785004664678126574e-04 2.191645216953475028e-05
1.589043968124315143e-04 9.990149736404418945e-01 2.065906755888136104e-06 8.240941097028553486e-04
3.882566306856460869e-05 1.243185124621959403e-06 1.318940917371946853e-06 9.999585747718811035e-01
5.896189715713262558e-03 3.962129121646285057e-04 9.773501753807067871e-01 1.635743677616119385e-02
4.734864887723233551e-06 9.999644756317138672e-01 2.841311697920900770e-06 2.789837708405684680e-05
8.017447590827941895e-02 9.001199603080749512e-01 1.966622285544872284e-02 3.932171239284798503e-05
6.516660796478390694e-04 4.537898803391726688e-06 1.856082468293607235e-03 9.974876642227172852e-01
3.524626954458653927e-04 9.996278882026672363e-01 1.105229330278234556e-06 1.856985545600764453e-05
1.046198158292099833e-04 9.501598833594471216e-05 5.724831484258174896e-03 9.940754771232604980e-01
6.006513103784527630e-06 6.766099249944090843e-05 4.679807648062705994e-02 9.531283378601074219e-01
