9.141707420349121094e-01 2.654406707733869553e-03 7.198548316955566406e-02 1.118935458362102509e-02
9.996077418327331543e-01 2.721516357269138098e-04 9.699240035843104124e-05 2.319998384336940944e-05
9.999822974205017090e-01 6.271338406804716215e-06 2.950874431917327456e-06 8.435446034127380699e-06
9.999244809150695801e-01 2.087587972710025497e-06 5.028621308156289160e-05 2.313965342182200402e-05
9.984715580940246582e-01 1.013432047329843044e-03 6.034240414010128006e-06 5.089556798338890076e-04
2.891770054702647030e-05 5.421451292932033539e-03 1.656563133001327515e-01 8.288933038711547852e-01
9.902520775794982910e-01 2.370203446844243445e-06 8.380696177482604980e-03 1.364877563901245594e-03
1.709151183604262769e-05 2.441126412122684997e-07 9.997224211692810059e-01 2.602861204650253057e-04
5.122954491525888443e-03 3.094771690666675568e-02 9.550876021385192871e-01 8.841728791594505310e-03
5.539912990570883267e-07 5.343196676221850794e-07 9.999973177909851074e-01 1.647575345486984588e-06
6.012634457874810323e-06 2.935719967354089022e-04 2.837958345480728894e-05 9.996719956398010254e-01
6.498384027509018779e-05 1.300975307822227478e-02 9.863917231559753418e-01 5.335154710337519646e-04
