1.381604932248592377e-03 4.978365614078938961e-04 9.981091022491455078e-01 1.144428915722528473e-05
3.028454666491597891e-04 1.540112862130627036e-06 1.397104095667600632e-02 9.857245683670043945e-01
1.671488955616950989e-02 9.826068282127380371e-01 6.227121921256184578e-04 5.557303666137158871e-05
2.187648169638123363e-05 9.928818345069885254e-01 6.007358024362474680e-06 7.090215105563402176e-03
9.584583640098571777e-01 3.292887657880783081e-02 2.084435836877673864e-04 8.404294960200786591e-03
1.247692503966391087e-03 9.644574522972106934e-01 3.330902010202407837e-02 9.858089033514261246e-04
9.284903295338153839e-03 1.208849353133700788e-04 9.898017644882202148e-01 7.924882811494171619e-04
4.108487919438630342e-04 6.152683636173605919e-05 9.995265007019042969e-01 1.156565417659294326e-06
1.026630488922819495e-04 9.479052387177944183e-03 9.904076457023620605e-01 1.064763455360662192e-05
4.613825678825378418e-01 2.015671692788600922e-02 3.658789210021495819e-03 5.148019194602966309e-01
9.995557665824890137e-01 2.326330868527293205e-04 1.131534008891321719e-05 2.002965193241834641e-04
1.766194123774766922e-03 7.868921384215354919e-04 1.115052218665368855e-04 9.973353743553161621e-01
