7.469120621681213379e-02 6.995245348662137985e-05 6.870377692393958569e-04 9.245518445968627930e-01
8.959664702415466309e-01 1.295269030379131436e-04 1.037773936986923218e-01 1.264966849703341722e-04
9.988026618957519531e-01 1.481532399338902906e-05 1.172450371086597443e-03 1.006659294944256544e-05
5.877707008039578795e-05 9.673109743744134903e-04 2.421156523269019090e-06 9.989715218544006348e-01
9.999153614044189453e-01 3.862323137582279742e-05 4.256451211404055357e-05 3.402341462788172066e-06
1.684921532869338989e-01 2.581085718702524900e-04 8.307919502258300781e-01 4.577911458909511566e-04
5.253794734016992152e-05 1.989871670957654715e-04 2.074592703138478100e-05 9.997277259826660156e-01
7.514238241128623486e-04 4.654757380485534668e-01 3.196941688656806946e-03 5.305759310722351074e-01
1.255696546286344528e-02 1.537446805741637945e-04 6.721939425915479660e-04 9.866170883178710938e-01
8.428623550571501255e-04 9.898946881294250488e-01 9.248357266187667847e-03 1.405188504577381536e-05
3.459066647337749600e-05 1.997312792809680104e-04 9.134639501571655273e-01 8.630170673131942749e-02
9.879071116447448730e-01 1.208868157118558884e-02 2.636606495798332617e-06 1.534850071038817987e-06
