1.210369591717608273e-04 4.427934982231818140e-05 1.072754639608319849e-05 9.998239278793334961e-01
2.914185461122542620e-04 9.900179505348205566e-01 4.771357867866754532e-03 4.919284023344516754e-03
1.752140815369784832e-04 2.487521385774016380e-03 9.817528724670410156e-01 1.558439340442419052e-02
9.275505542755126953e-01 1.519055949756875634e-04 6.061022577341645956e-05 7.223691046237945557e-02
1.694895472610369325e-04 1.471680006943643093e-04 7.945051766000688076e-04 9.988888502120971680e-01
9.405055642127990723e-01 5.740002170205116272e-02 6.242052186280488968e-04 1.470252871513366699e-03
1.062478841049596667e-04 6.360417697578668594e-03 9.935310482978820801e-01 2.266827777930302545e-06
9.425765275955200195e-01 1.672107027843594551e-03 7.233971846289932728e-04 5.502796173095703125e-02
4.895662888884544373e-02 2.256431762361899018e-04 7.389584789052605629e-05 9.507437944412231445e-01
2.963653241749852896e-05 9.999071955680847168e-01 6.005020259181037545e-05 3.046900019398890436e-06
1.856398375821299851e-05 1.338033936917781830e-03 1.222940441220998764e-02 9.864140152931213379e-01
2.844586735591292381e-03 4.822789691388607025e-03 6.539512891322374344e-03 9.857931137084960938e-01
