1.177140529762255028e-05 1.632242947816848755e-01 6.240287621039897203e-05 8.367015123367309570e-01
6.220540031790733337e-02 9.353226423263549805e-01 4.306249320507049561e-04 2.041330561041831970e-03
6.453098194469930604e-06 9.978227019309997559e-01 2.170642372220754623e-03 2.553432807417266304e-07
9.810985922813415527e-01 8.168948697857558727e-04 1.273693633265793324e-04 1.795706152915954590e-02
9.244681859854608774e-05 8.951785564422607422e-01 3.063302114605903625e-02 7.409591227769851685e-02
2.307180011484888382e-06 9.999788999557495117e-01 6.289933025982463732e-06 1.251348840014543384e-05
1.184990257024765015e-01 9.197596227750182152e-04 8.509892821311950684e-01 2.959190122783184052e-02
2.458961680531501770e-04 2.810800287988968194e-05 1.182260257337475196e-05 9.997141957283020020e-01
2.281672495882958174e-04 3.830031710094772279e-05 3.329336686874739826e-05 9.997002482414245605e-01
9.356094598770141602e-01 4.616108257323503494e-03 2.844832197297364473e-04 5.948990210890769958e-02
7.816845178604125977e-01 1.978620566660538316e-04 2.282198984175920486e-03 2.158354222774505615e-01
6.114540696144104004e-01 3.607604885473847389e-04 3.874494433403015137e-01 7.357526337727904320e-04
