1.024886406958103180e-02 9.883095026016235352e-01 7.598232477903366089e-04 6.818508263677358627e-04
4.225793818477541208e-04 1.950111482074134983e-06 9.995753169059753418e-01 1.649038665618718369e-07
1.510632340796291828e-03 7.379871021839790046e-06 9.754907488822937012e-01 2.299124374985694885e-02
9.338003993034362793e-01 4.092590138316154480e-02 2.527198381721973419e-02 1.737668526402558200e-06
1.013458813758916222e-06 1.927404264279175550e-05 1.006847305689007044e-04 9.998790025711059570e-01
9.218412637710571289e-01 3.071869537234306335e-02 4.165562859270721674e-04 4.702349007129669189e-02
9.018111228942871094e-01 2.813434228301048279e-03 8.850858360528945923e-02 6.866866257041692734e-03
9.568315148353576660e-01 1.473483815789222717e-02 1.930873841047286987e-03 2.650282904505729675e-02
9.961820840835571289e-01 2.208280202466994524e-04 2.351090188312809914e-06 3.594660433009266853e-03
4.488983904593624175e-06 9.173943996429443359e-01 8.244432508945465088e-02 1.567331928526982665e-04
5.413236469030380249e-02 9.457964897155761719e-01 3.278568692621774971e-05 3.828609260381199419e-05
9.999371767044067383e-01 3.252946044085547328e-06 4.071190051035955548e-05 1.881000571302138269e-05
