3.092944098170846701e-04 9.275611639022827148e-01 7.212605327367782593e-02 3.488174797894316725e-06
3.817839315161108971e-03 3.028054162859916687e-02 9.649242758750915527e-01 9.773873025551438332e-04
1.045860815793275833e-02 9.778158664703369141e-01 1.989422598853707314e-04 1.152662001550197601e-02
7.274273229995742440e-05 9.901452064514160156e-01 6.558155640959739685e-03 3.223904641345143318e-03
1.064817700535058975e-02 6.226054974831640720e-04 9.856497645378112793e-01 3.079430898651480675e-03
9.991804957389831543e-01 5.642277392325922847e-05 6.419122801162302494e-04 1.210558111779391766e-04
7.682304130867123604e-04 1.586073994985781610e-05 8.411812782287597656e-01 1.580346524715423584e-01
7.559737241535913199e-06 1.349493104498833418e-04 9.994698166847229004e-01 3.876986156683415174e-04
2.538184635341167450e-03 3.254424882470630109e-05 6.419766694307327271e-02 9.332315921783447266e-01
4.295322651159949601e-05 9.985384941101074219e-01 9.602945647202432156e-05 1.322468509897589684e-03
9.303392171859741211e-01 2.697411691769957542e-04 6.895816326141357422e-02 4.328986688051372766e-04
7.665886078029870987e-03 9.360420107841491699e-01 3.273528767749667168e-03 5.301864072680473328e-02
