1.344911605119705200e-01 7.222391366958618164e-01 1.410768926143646240e-01 2.192735206335783005e-03
9.938607811927795410e-01 5.631294567137956619e-03 3.231806040275841951e-04 1.847994280979037285e-04
2.825533783834544010e-06 9.992661476135253906e-01 1.614392385818064213e-05 7.149595767259597778e-04
1.552515178918838501e-01 3.095877182204276323e-04 6.780297844670712948e-04 8.437608480453491211e-01
5.175681319087743759e-03 9.717857837677001953e-01 2.303439378738403320e-02 4.092282779311062768e-06
9.174447623081505299e-04 2.836746871471405029e-01 1.839293050579726696e-03 7.135685682296752930e-01
9.999921917915344238e-01 9.567603598270579823e-08 3.238904582758550532e-06 4.480205461732111871e-06
1.728522479534149170e-01 7.497982382774353027e-01 7.653371244668960571e-02 8.158360724337399006e-04
2.301594316959381104e-01 1.576837152242660522e-02 3.895033523440361023e-02 7.151218652725219727e-01
3.860646756947971880e-06 3.691930032800883055e-04 9.996268153190612793e-01 1.744434996453492204e-07
5.065448931418359280e-06 2.361777660553343594e-06 9.999920725822448730e-01 4.998229314878699370e-07
2.331621944904327393e-04 3.445394668233348057e-06 4.320742300478741527e-05 9.997201561927795410e-01
