1.532088936073705554e-05 1.594459116458892822e-01 3.358845133334398270e-04 8.402028679847717285e-01
2.946098893880844116e-02 6.499466300010681152e-02 8.874027132987976074e-01 1.814170926809310913e-02
8.069472387433052063e-04 8.857726352289319038e-04 4.040333908051252365e-03 9.942669272422790527e-01
1.389743685722351074e-01 1.431834098184481263e-04 8.587154150009155273e-01 2.166986931115388870e-03
3.566986777059355518e-07 9.776392835192382336e-05 9.998933672904968262e-01 8.531489584129303694e-06
6.995802372694015503e-02 7.962151616811752319e-02 8.503386378288269043e-01 8.175472612492740154e-05
9.818967580795288086e-01 1.809295639395713806e-02 6.541989932884462178e-06 3.718184871104313061e-06
5.045024305582046509e-02 9.284026622772216797e-01 2.379489342274609953e-05 2.112330123782157898e-02
5.570601388171780854e-06 1.883278673631139100e-05 5.458226951304823160e-06 9.999701380729675293e-01
2.438816011363087455e-07 9.999986290931701660e-01 6.061595740902703255e-07 5.343425186765671242e-07
9.998675584793090820e-01 5.973052338958950713e-06 9.583835344528779387e-05 3.071995161008089781e-05
4.024779796600341797e-01 5.963014960289001465e-01 7.682607392780482769e-04 4.522429080680012703e-04
