6.196035072207450867e-03 1.440123651264002547e-05 1.873062551021575928e-02 9.750589728355407715e-01
2.098905133607331663e-05 6.438981472456362098e-06 1.816225267248228192e-05 9.999544024467468262e-01
3.314677625894546509e-02 6.537142780871363357e-06 5.294819362461566925e-03 9.615519046783447266e-01
9.808779954910278320e-01 5.496231606230139732e-04 2.793637802824378014e-03 1.577878557145595551e-02
9.816023111343383789e-01 2.720440505072474480e-03 1.548903156071901321e-02 1.883029326563701034e-04
4.800214810529723763e-05 9.987889789044857025e-04 2.482269155734684318e-05 9.989283680915832520e-01
9.507269169262144715e-06 9.998587369918823242e-01 2.146619408449623734e-05 1.102659080061130226e-04
8.223843224186566658e-07 8.242292329668998718e-03 1.164611708372831345e-02 9.801107645034790039e-01
7.807039655745029449e-03 5.378951430320739746e-01 3.996671363711357117e-02 4.143311381340026855e-01
6.566865444183349609e-01 1.468013506382703781e-03 3.310872018337249756e-01 1.075824815779924393e-02
6.432712325477041304e-06 6.126825610408559442e-05 9.999194145202636719e-01 1.293143668590346351e-05
7.484343051910400391e-01 4.508143663406372070e-02 1.935780197381973267e-01 1.290633063763380051e-02
