2.539655752480030060e-02 5.929619655944406986e-04 8.474414348602294922e-01 1.265689879655838013e-01
9.994956254959106445e-01 2.891893673222512007e-04 1.954203762579709291e-04 1.977045030798763037e-05
4.726953804492950439e-03 9.908462166786193848e-01 9.411408245796337724e-05 4.332679789513349533e-03
9.991367459297180176e-01 6.633072644035564736e-06 4.457426257431507111e-04 4.108670691493898630e-04
4.820233676582574844e-03 9.716377854347229004e-01 2.062645507976412773e-03 2.147937379777431488e-02
9.459836874157190323e-04 9.627438187599182129e-01 3.133069549221545458e-05 3.627889975905418396e-02
4.556634848995599896e-06 9.217314072884619236e-05 9.996230602264404297e-01 2.802136586979031563e-04
2.642454637680202723e-04 1.023776567308232188e-04 9.956311583518981934e-01 4.002271220088005066e-03
9.136032313108444214e-03 9.900919795036315918e-01 6.633446319028735161e-04 1.086139673134312034e-04
4.327994247432798147e-06 8.251696708612143993e-04 1.385161067446460947e-05 9.991566538810729980e-01
3.365483833476901054e-03 7.236228557303547859e-04 9.738854714669287205e-06 9.959011673927307129e-01
2.478901296854019165e-02 1.574229099787771702e-05 9.751019477844238281e-01 9.338872041553258896e-05
