4.778135179184239689e-11 1.191920973360538483e-02 9.880807399749755859e-01 3.662493225364826799e-11
4.383274065424343256e-25 9.999949336051940918e-01 2.598236706082106530e-22 5.017260718886973336e-06
1.991866094289228904e-24 6.327181812803825701e-29 1.000000000000000000e+00 7.360829014998330297e-19
5.746263187500488812e-11 1.000000000000000000e+00 1.357003613616237690e-26 4.284779094035917651e-20
1.186995849885058739e-36 1.000000000000000000e+00 2.382715538676093527e-29 4.154668362020869758e-30
6.485907306341687217e-06 9.999935030937194824e-01 1.098814814314621200e-16 1.795447379893344522e-20
1.252669825552959085e-26 9.981610178947448730e-01 1.219020243403848233e-34 1.838931464590132236e-03
1.189999124591969114e-33 1.000000000000000000e+00 2.778995010986601065e-33 2.266936577676829568e-40
5.964066122509487045e-24 3.120763225519516243e-21 6.172092712172697251e-26 1.000000000000000000e+00
9.999799132347106934e-01 5.707129327587164231e-17 2.008312003454193473e-05 3.762493517699833090e-13
2.321369228657478505e-34 6.671097322556024389e-14 1.000000000000000000e+00 2.636122003983873358e-26
4.840536894705250139e-24 7.553619079481398138e-22 2.282617107492624271e-40 1.000000000000000000e+00
