1.910714209079742432e-01 8.082000613212585449e-01 3.728074807440862060e-05 6.912252865731716156e-04
6.336270365864038467e-03 1.329289807472378016e-04 1.411404162645339966e-01 8.523903489112854004e-01
9.966267347335815430e-01 5.136016261531040072e-05 2.220299211330711842e-05 3.299626754596829414e-03
1.061079325154423714e-03 9.525181651115417480e-01 4.629951715469360352e-02 1.212175775435753167e-04
3.883000928908586502e-03 1.053757150657474995e-03 1.219840341946110129e-04 9.949412345886230469e-01
9.049329091794788837e-04 2.265174261992797256e-04 9.976212978363037109e-01 1.247284119017422199e-03
8.869284987449645996e-01 1.880530640482902527e-02 9.418856352567672729e-02 7.760736480122432113e-05
7.110687494277954102e-01 2.766811847686767578e-01 6.632428150624036789e-03 5.617626011371612549e-03
2.957439608871936798e-02 2.009025774896144867e-02 7.109466791152954102e-01 2.393886893987655640e-01
1.296423375606536865e-01 6.425288319587707520e-02 9.567987918853759766e-02 7.104248404502868652e-01
9.985318183898925781e-01 8.422033861279487610e-04 4.243918738211505115e-05 5.835064221173524857e-04
1.783633197192102671e-04 5.952051281929016113e-01 1.091729063773527741e-04 4.045073390007019043e-01
