3.268314438531483290e-12 1.000000000000000000e+00 2.671237875066161747e-19 4.146627052142859426e-12
1.660992893448565155e-05 1.693163649179041386e-04 9.998140335083007812e-01 1.079631956751869737e-11
3.911848345250490411e-10 1.000000000000000000e+00 2.627392765029537099e-26 1.362707370684784997e-18
2.816563995922116703e-11 9.999999403953552246e-01 4.328489566773896513e-08 4.614279791592679203e-11
4.181586725984114995e-16 1.000000000000000000e+00 8.014106794483389353e-19 1.373897957207548259e-12
3.037178287060193572e-18 7.947505431538104403e-10 9.714333337740299612e-09 1.000000000000000000e+00
9.956669211387634277e-01 1.208197037672883927e-23 4.333055112510919571e-03 4.631020011913733470e-09
2.060164697468280792e-03 9.218338982777685153e-13 9.979397654533386230e-01 2.922714570363638131e-10
1.281309783336234318e-16 1.885495537479187078e-09 1.687875469482503453e-21 1.000000000000000000e+00
9.998833537101745605e-01 1.163769557024352252e-04 1.571798594396573746e-15 2.810808723552327137e-07
9.999520778656005859e-01 3.573473184026454419e-10 4.792425897903740406e-05 9.726059957415600365e-09
1.635842750147276092e-08 8.264117998724479202e-19 1.000000000000000000e+00 6.141298414088531287e-20
