2.454392670188099146e-04 2.818993834807770327e-06 6.317472434602677822e-05 9.996885657310485840e-01
6.448128074407577515e-02 1.220696792006492615e-01 8.130707144737243652e-01 3.782590792980045080e-04
1.642657220363616943e-01 1.650090366601943970e-01 2.963461726903915405e-02 6.410906314849853516e-01
2.082132548093795776e-02 1.387466909363865852e-03 6.987620145082473755e-02 9.079150557518005371e-01
8.003615736961364746e-01 1.994306147098541260e-01 2.691804365895222872e-05 1.809785462683066726e-04
7.383166121144313365e-06 9.999023675918579102e-01 4.867566894972696900e-05 4.151923712925054133e-05
1.596983493072912097e-04 8.375653997063636780e-03 1.020842581056058407e-03 9.904438257217407227e-01
8.113333933579269797e-06 9.996765851974487305e-01 2.293446777912322432e-05 2.923483843915164471e-04
4.167284816503524780e-02 9.543009400367736816e-01 2.847345080226659775e-03 1.178888836875557899e-03
1.746090012602508068e-03 5.714131593704223633e-01 4.263584911823272705e-01 4.822757327929139137e-04
9.720958587422501296e-06 1.709751231828704476e-04 8.714635968208312988e-01 1.283557564020156860e-01
9.986348152160644531e-01 4.599910994329547975e-07 2.626950154080986977e-04 1.102044829167425632e-03
