1.092352345585823059e-01 7.807250618934631348e-01 1.091996803879737854e-01 8.400439401157200336e-04
9.555151462554931641e-01 4.274475201964378357e-02 6.919059524079784751e-05 1.670917146839201450e-03
1.193873817101120949e-03 9.905452132225036621e-01 4.106049163965508342e-05 8.219888433814048767e-03
1.675242128840181977e-05 9.999666213989257812e-01 9.074241461348719895e-06 7.534934866271214560e-06
7.590468972921371460e-02 8.809407949447631836e-01 4.577918909490108490e-03 3.857661411166191101e-02
2.514192019589245319e-04 9.479327797889709473e-01 5.178802087903022766e-02 2.777095869532786310e-05
5.415335893630981445e-01 4.584002792835235596e-01 4.622134656528942287e-05 1.992287252505775541e-05
7.139996290206909180e-01 9.526074677705764771e-02 1.625082939863204956e-01 2.823137491941452026e-02
4.320463836193084717e-01 1.181870512664318085e-02 1.133261321228928864e-05 5.561236143112182617e-01
2.780886643449775875e-05 6.363893771776929498e-05 9.998765587806701660e-01 3.194697274011559784e-05
2.013596892356872559e-01 8.422253449680283666e-05 7.922394871711730957e-01 6.316563580185174942e-03
6.486136913299560547e-01 4.764100885950028896e-04 3.463506400585174561e-01 4.559241235256195068e-03
