4.181582108139991760e-02 2.401773817837238312e-04 9.576059579849243164e-01 3.380691050551831722e-04
4.035405581817030907e-04 9.907866716384887695e-01 3.718552179634571075e-04 8.438026532530784607e-03
9.512646198272705078e-01 1.832572161220014095e-04 6.221262738108634949e-04 4.792999848723411560e-02
4.775766683451365680e-06 2.200119051849469543e-04 3.119897446595132351e-04 9.994632005691528320e-01
4.665095359086990356e-03 9.948465824127197266e-01 3.450264921411871910e-04 1.433036959497258067e-04
3.592306541122525232e-07 9.999360442161560059e-01 6.346084410324692726e-05 1.671745906151045347e-07
3.171830438077449799e-03 4.975586012005805969e-02 9.460566043853759766e-01 1.015612971968948841e-03
5.260767647996544838e-04 4.277603584341704845e-04 9.930567741394042969e-01 5.989328492432832718e-03
5.218775186222046614e-05 1.618034765124320984e-02 9.837378263473510742e-01 2.961533755296841264e-05
1.069602512870915234e-05 9.995931982994079590e-01 3.569450345821678638e-04 3.924120755982585251e-05
1.362532111670589074e-05 2.441016022203257307e-06 7.156795472837984562e-04 9.992682337760925293e-01
1.115725026465952396e-04 7.380623401331831701e-08 1.553733891341835260e-04 9.997329115867614746e-01
