9.576175212860107422e-01 2.452003303915262222e-03 5.400353693403303623e-04 3.939043730497360229e-02
1.901502758264541626e-01 3.436774015426635742e-03 8.054002523422241211e-01 1.012630295008420944e-03
4.420798737555742264e-03 1.146338582038879395e-01 4.377434402704238892e-02 8.371710181236267090e-01
3.955319698434323072e-04 3.811117494478821754e-04 9.161878228187561035e-01 8.303550630807876587e-02
7.440870404243469238e-01 2.397077232599258423e-01 4.570776945911347866e-04 1.574817672371864319e-02
5.271470290608704090e-04 9.876335263252258301e-01 1.180007308721542358e-02 3.925645069102756679e-05
5.230139940977096558e-02 9.132504783337935805e-05 3.843486309051513672e-02 9.091724157333374023e-01
2.402264362899586558e-05 1.300691510550677776e-04 9.998424649238586426e-01 3.462092990957899019e-06
1.002941373735666275e-02 3.615195630118250847e-03 9.856000542640686035e-01 7.553487084805965424e-04
2.285804450511932373e-01 3.165953159332275391e-01 4.401758015155792236e-01 1.464843004941940308e-02
3.459559229668229818e-04 3.230749666690826416e-01 5.552792208618484437e-05 6.765235662460327148e-01
6.869952678680419922e-01 3.100772500038146973e-01 1.989109732676297426e-04 2.728571416810154915e-03
