2.816967898979783058e-04 1.509016292402520776e-04 9.977446794509887695e-01 1.822740421630442142e-03
3.431953373365104198e-04 9.913265705108642578e-01 4.015757236629724503e-03 4.314532969146966934e-03
9.978868961334228516e-01 3.361035112448007567e-07 4.565551644191145897e-04 1.656179898418486118e-03
1.861158991232514381e-03 9.749203309183940291e-05 9.518780075268296059e-08 9.980412721633911133e-01
8.932306081987917423e-04 4.215928584017092362e-06 9.988181591033935547e-01 2.844034752342849970e-04
6.383980624377727509e-03 9.620754122734069824e-01 2.439277805387973785e-02 7.147897500544786453e-03
1.814493089113966562e-06 9.994124174118041992e-01 8.185465412680059671e-05 5.039038951508700848e-04
2.906229929067194462e-04 9.994207620620727539e-01 1.869789120974019170e-04 1.016511669149622321e-04
1.403418991685612127e-05 1.229662913829088211e-02 9.875680804252624512e-01 1.212960123666562140e-04
9.793620556592941284e-03 9.832775592803955078e-01 2.842431713361293077e-04 6.644601467996835709e-03
1.444481022190302610e-04 5.976118147373199463e-03 9.938526749610900879e-01 2.671862421266268939e-05
1.598278140590991825e-05 9.054107069969177246e-01 3.897579736076295376e-04 9.418354183435440063e-02
