1.609497530807857402e-06 1.741332001984119415e-03 9.219626008416526020e-06 9.982479214668273926e-01
5.478996899910271168e-05 1.228867404279299080e-06 2.409718717899522744e-06 9.999415874481201172e-01
1.344420015811920166e-01 4.680255733546800911e-05 8.638096451759338379e-01 1.701636007055640221e-03
2.909242903115227818e-05 1.083370152628049254e-04 3.226791159249842167e-05 9.998303055763244629e-01
8.765683323144912720e-02 2.790951475617475808e-05 6.998853059485554695e-04 9.116153717041015625e-01
7.200425267219543457e-01 2.274556085467338562e-02 2.572011649608612061e-01 1.076967328117461875e-05
2.482312321662902832e-01 3.759571537375450134e-02 7.128854393959045410e-01 1.287631108425557613e-03
3.790301270782947540e-04 5.408958718180656433e-02 3.329490870237350464e-02 9.122364521026611328e-01
1.315451562404632568e-01 3.989095857832580805e-04 8.518775105476379395e-01 1.617843843996524811e-02
9.954180717468261719e-01 3.520867539918981493e-05 7.357591675827279687e-05 4.473077133297920227e-03
9.451875686645507812e-01 4.284373426344245672e-05 5.476319044828414917e-02 6.444173777708783746e-06
9.062550663948059082e-01 8.907347172498703003e-02 4.555744584649801254e-03 1.157942097052000463e-04
