5.081078852526843548e-04 1.111573819071054459e-02 9.873854517936706543e-01 9.907509665936231613e-04
1.704537226032698527e-06 2.245306677650660276e-05 9.993612766265869141e-01 6.145932129584252834e-04
1.812298037111759186e-02 3.802771121263504028e-02 1.715661026537418365e-02 9.266927242279052734e-01
9.950006604194641113e-01 1.227077859766723122e-06 4.970779642462730408e-03 2.737778959271963686e-05
9.898775815963745117e-01 5.356698529794812202e-04 6.291214958764612675e-06 9.580438025295734406e-03
1.506296484876656905e-06 4.035885212942957878e-04 9.995589852333068848e-01 3.597360409912653267e-05
4.122668997297296301e-06 9.873765110969543457e-01 1.261465717107057571e-02 4.730593445856356993e-06
2.112170477630570531e-06 1.787021659538368112e-07 1.912113651633262634e-02 9.808765649795532227e-01
9.997894167900085449e-01 1.134498916144366376e-06 2.065008156932890415e-04 2.919216512964339927e-06
1.947753014974296093e-03 6.152132300485391170e-06 1.793975388864055276e-05 9.980280995368957520e-01
2.292134886374697089e-04 9.860766530036926270e-01 1.050566643243655562e-04 1.358917821198701859e-02
1.338796806521713734e-03 6.334368663374334574e-05 9.948414564132690430e-01 3.756482386961579323e-03
