2.171387168345972896e-04 1.571217289892956614e-04 9.889078736305236816e-01 1.071783248335123062e-02
9.998643398284912109e-01 8.347380935447290540e-05 5.170503936824388802e-05 5.098176529827469494e-07
1.093892660719575360e-05 9.990691542625427246e-01 6.569052347913384438e-04 2.629431546665728092e-04
3.905823177774436772e-05 3.763125641853548586e-05 9.996922016143798828e-01 2.311381249455735087e-04
2.231384542028536089e-06 9.999939203262329102e-01 2.659762003531795926e-06 1.137519916483142879e-06
2.854329068213701248e-03 1.522208094684174284e-05 9.970545768737792969e-01 7.582596299471333623e-05
9.995411038398742676e-01 4.089446738362312317e-04 1.029447503242408857e-06 4.892592914984561503e-05
1.240898291143821552e-05 8.308666874654591084e-04 4.835881554754450917e-05 9.991084337234497070e-01
5.484299617819488049e-04 9.994425177574157715e-01 1.583846824360080063e-06 7.429782272083684802e-06
8.330941200256347656e-03 1.367748994380235672e-02 9.654151201248168945e-01 1.257639192044734955e-02
4.386252476251684129e-05 8.978912830352783203e-01 1.008258461952209473e-01 1.238926779478788376e-03
4.540249847195809707e-06 2.935080601673689671e-06 1.974829938262701035e-04 9.997950196266174316e-01
