2.985397804877720773e-05 3.720733150839805603e-02 7.318960706470534205e-05 9.626896381378173828e-01
3.796811506617814302e-04 8.232845575548708439e-04 6.612757686525583267e-03 9.921842813491821289e-01
5.444333422929048538e-03 1.053299289196729660e-02 1.433787941932678223e-01 8.406438231468200684e-01
2.489859471097588539e-03 1.147911734733497724e-05 6.743724923580884933e-03 9.907549619674682617e-01
8.030417120608035475e-06 1.470336923375725746e-03 9.981277585029602051e-01 3.938396403100341558e-04
3.354460932314395905e-04 9.646205902099609375e-01 3.498743474483489990e-02 5.651658284477889538e-05
3.408529981970787048e-02 2.766117751598358154e-01 4.274306446313858032e-02 6.465598344802856445e-01
9.880620241165161133e-01 1.123520359396934509e-02 2.592657401692122221e-04 4.434747679624706507e-04
9.255131334066390991e-02 8.180001896107569337e-05 9.073458313941955566e-01 2.104923260048963130e-05
7.929468847578391433e-05 4.557561576366424561e-01 2.746757585555315018e-03 5.414177775382995605e-01
1.737259735818952322e-04 9.998251199722290039e-01 1.021080606733448803e-06 9.094267028331159963e-08
4.502925574779510498e-01 3.917519003152847290e-02 1.187514606863260269e-02 4.986571073532104492e-01
