7.026077248156070709e-03 1.299899443984031677e-02 8.769166888669133186e-04 9.790979623794555664e-01
5.141560541233047843e-05 1.698360592126846313e-01 8.300472497940063477e-01 6.526501238113269210e-05
1.921216212213039398e-02 5.009436863474547863e-04 9.793592095375061035e-01 9.277493809349834919e-04
9.306622147560119629e-01 2.969355555251240730e-04 3.869330044835805893e-03 6.517157703638076782e-02
9.466001391410827637e-01 1.088750468625221401e-05 4.411479830741882324e-02 9.274215437471866608e-03
4.123188927769660950e-02 9.057060480117797852e-01 3.189450217178091407e-05 5.303014069795608521e-02
5.643036961555480957e-01 4.045439660549163818e-01 1.308088772930204868e-03 2.984432317316532135e-02
1.714495592750608921e-04 9.970147013664245605e-01 2.342939260415732861e-04 2.579616149887442589e-03
8.824688196182250977e-01 4.184085992164909840e-05 9.445058531127870083e-04 1.165448427200317383e-01
3.176163882017135620e-02 2.322114631533622742e-02 1.765815068210940808e-05 9.449995756149291992e-01
2.687872911337763071e-04 9.054102702066302299e-05 9.895945191383361816e-01 1.004613749682903290e-02
9.091806411743164062e-01 8.889942616224288940e-02 1.125789829529821873e-03 7.940615178085863590e-04
