9.998307824134826660e-01 9.538822632748633623e-05 3.736264989129267633e-05 3.652461964520625770e-05
1.020980030298233032e-01 9.308953885920345783e-04 3.560474724508821964e-04 8.966150879859924316e-01
1.236483687534928322e-03 1.491268165409564972e-02 9.057919383049011230e-01 7.805892080068588257e-02
7.049078249110607430e-06 9.999313354492187500e-01 6.105151260271668434e-05 6.335980060612200759e-07
8.036347571760416031e-05 1.047151684761047363e-01 1.433016210794448853e-01 7.519028186798095703e-01
1.163311079144477844e-01 5.545487510971724987e-04 2.206305228173732758e-02 8.610513210296630859e-01
1.825503713916987181e-04 1.424825284630060196e-03 9.715881347656250000e-01 2.680449560284614563e-02
6.349258183035999537e-05 9.963310360908508301e-01 5.937527748756110668e-04 3.011698136106133461e-03
5.066827361588366330e-05 3.991070116171613336e-05 9.811211824417114258e-01 1.878826133906841278e-02
3.488186048343777657e-03 2.057648450136184692e-02 6.467281579971313477e-01 3.292071819305419922e-01
5.220682173967361450e-02 9.475575089454650879e-01 9.588385000824928284e-05 1.397231826558709145e-04
9.907953739166259766e-01 7.498316932469606400e-03 1.103968679672107100e-04 1.595866051502525806e-03
