7.586992433061823249e-05 9.998621344566345215e-01 2.190689883718732744e-05 4.017695391667075455e-05
4.457831848412752151e-03 2.071618509944528341e-04 9.702582359313964844e-01 2.507676556706428528e-02
7.476583414245396852e-05 1.775705095496959984e-05 9.956991076469421387e-01 4.208366852253675461e-03
4.807483128388412297e-05 1.650796475587412715e-04 9.996652007102966309e-01 1.216331147588789463e-04
4.616157966665923595e-04 3.531199181452393532e-03 9.941055178642272949e-01 1.901627983897924423e-03
8.553072810173034668e-03 9.862544536590576172e-01 1.144323032349348068e-03 4.048143979161977768e-03
9.977831244468688965e-01 1.123645692132413387e-03 1.352706703983130865e-06 1.091834623366594315e-03
1.550962333567440510e-03 9.372175484895706177e-02 8.995406627655029297e-01 5.186628084629774094e-03
9.412833452224731445e-01 1.553905662149190903e-03 1.155139325419440866e-04 5.704722553491592407e-02
1.017644070088863373e-03 1.519614161225035787e-04 5.781484651379287243e-05 9.987725615501403809e-01
8.516781963407993317e-04 9.991207122802734375e-01 2.311413300049025565e-05 4.549649020191282034e-06
9.982189536094665527e-01 6.555099844263168052e-06 1.707719755358994007e-03 6.680441583739593625e-05
