4.825332143809646368e-05 4.534968411462614313e-06 9.796855449676513672e-01 2.026165649294853210e-02
7.357038612099131569e-06 9.989484548568725586e-01 9.231781064045208041e-07 1.043240074068307877e-03
6.664278043899685144e-05 2.242257323814556003e-04 9.975985884666442871e-01 2.110477769747376442e-03
2.434612724755425006e-06 9.999477863311767578e-01 1.196503262690384872e-06 4.857934618485160172e-05
1.863860234152525663e-06 9.994857907295227051e-01 1.940867832672665827e-06 5.104129086248576641e-04
9.709212779998779297e-01 1.882939977804198861e-04 8.737705647945404053e-03 2.015274576842784882e-02
9.225031733512878418e-01 9.802396409213542938e-03 6.463732570409774780e-02 3.056998597458004951e-03
9.999014735221862793e-01 3.350452516315272078e-06 2.821728685376001522e-06 9.226912516169250011e-05
8.855502997562325618e-09 7.205957608391599933e-09 6.861878287800493581e-10 1.000000000000000000e+00
5.726853385567665100e-03 5.039286916144192219e-04 1.306174322962760925e-03 9.924631118774414062e-01
5.779594971500046086e-07 3.358104731887578964e-04 9.996627569198608398e-01 8.423378972111095209e-07
3.048472535738255829e-05 1.449911156669259071e-03 7.145565003156661987e-03 9.913740754127502441e-01
