3.064960706979036331e-03 9.291134476661682129e-01 5.979924649000167847e-02 8.022325113415718079e-03
9.847173094749450684e-01 1.332229003310203552e-02 2.730884589254856110e-04 1.687342417426407337e-03
3.718098159879446030e-04 1.382649391889572144e-01 1.369827240705490112e-01 7.243804931640625000e-01
9.817913451115600765e-06 1.603278724360279739e-05 2.015182108152657747e-04 9.997726678848266602e-01
6.620083749294281006e-02 3.281411947682499886e-03 9.283596277236938477e-01 2.158086281269788742e-03
8.422414213418960571e-02 3.855773684335872531e-05 9.157249331474304199e-01 1.241898826265241951e-05
2.428022344247438014e-05 1.045197714120149612e-02 4.213572293519973755e-02 9.473880529403686523e-01
2.816841937601566315e-02 9.714857339859008789e-01 4.525079930317588151e-06 3.413115919101983309e-04
2.886683505494147539e-04 2.343103697057813406e-04 1.009138375520706177e-01 8.985632061958312988e-01
5.765721201896667480e-01 5.524976950255222619e-05 4.229572415351867676e-01 4.153696354478597641e-04
3.142984807491302490e-01 1.424805168062448502e-02 2.544804010540246964e-05 6.714280247688293457e-01
2.066700972136459313e-06 9.995316863059997559e-01 3.901987497556547169e-07 4.657548270188271999e-04
