9.994840025901794434e-01 7.094398461049422622e-05 3.904533514287322760e-05 4.059990751557052135e-04
3.641858231276273727e-03 9.962175488471984863e-01 4.631641786545515060e-06 1.359483576379716396e-04
6.286333664320409298e-04 3.156358798150904477e-05 3.527702298015356064e-03 9.958120584487915039e-01
9.801396131515502930e-01 1.558749863761477172e-05 5.724828952224925160e-05 1.978753693401813507e-02
9.505019336938858032e-02 7.328707579290494323e-05 7.865507602691650391e-01 1.183257251977920532e-01
4.390977483126334846e-05 3.025908954441547394e-03 5.352139845490455627e-02 9.434087872505187988e-01
3.093238919973373413e-04 7.666292786598205566e-02 8.316513299942016602e-01 9.137637913227081299e-02
1.944745599757879972e-05 3.751409531105309725e-05 7.143697235733270645e-03 9.927993416786193848e-01
5.717588216066360474e-02 5.602210760116577148e-02 4.159782547503709793e-03 8.826422691345214844e-01
8.142948150634765625e-01 1.110710725188255310e-01 5.695755779743194580e-02 1.767657138407230377e-02
2.765513454505708069e-05 6.539721507579088211e-04 2.373256683349609375e-01 7.619926929473876953e-01
7.846964597702026367e-01 8.288322947919368744e-03 1.155163627117872238e-02 1.954635977745056152e-01
