9.984892606735229492e-01 2.219308225903660059e-04 2.688184322323650122e-04 1.019906951114535332e-03
3.156107291579246521e-02 9.650861620903015137e-01 1.457390375435352325e-03 1.895387074910104275e-03
9.145097732543945312e-01 3.295787423849105835e-02 5.317637696862220764e-04 5.200061947107315063e-02
1.018283437588252127e-04 3.863946039928123355e-05 9.301553964614868164e-01 6.970409303903579712e-02
8.613423705101013184e-01 1.477786339819431305e-02 2.332142181694507599e-02 1.005582585930824280e-01
5.642978067044168711e-06 9.201581478118896484e-01 3.746795281767845154e-02 4.236827790737152100e-02
8.574748635292053223e-01 2.472724532708525658e-03 1.409743417752906680e-04 1.399114578962326050e-01
1.140763461589813232e-01 3.226529434323310852e-02 8.532820940017700195e-01 3.762570559047162533e-04
9.939545392990112305e-01 5.855347029864788055e-03 1.189148242701776326e-04 7.116283086361363530e-05
6.886357732582837343e-05 1.754395925672724843e-04 9.996170997619628906e-01 1.385459036100655794e-04
9.884026050567626953e-01 1.648024655878543854e-03 9.873581118881702423e-03 7.581586396554484963e-05
9.815614223480224609e-01 1.746147684752941132e-02 8.718129247426986694e-04 1.053486485034227371e-04
