1.659735403336526360e-06 1.174969474959652871e-05 9.999811649322509766e-01 5.446286650112597272e-06
9.918569326400756836e-01 7.753695826977491379e-03 3.708855074364691973e-04 1.846945633587893099e-05
1.404274371452629566e-04 2.461307076373486780e-06 2.674045972526073456e-03 9.971831440925598145e-01
1.639381480345036834e-05 9.993294477462768555e-01 1.997810431930702180e-05 6.341502303257584572e-04
9.602142572402954102e-01 1.277449540793895721e-03 3.057375736534595490e-02 7.934604771435260773e-03
6.893817801028490067e-03 9.909849166870117188e-01 1.806334475986659527e-04 1.940620481036603451e-03
8.488579769618809223e-04 4.570826786221005023e-05 3.083735646214336157e-04 9.987971186637878418e-01
8.059548214077949524e-03 9.918130040168762207e-01 4.909736162517219782e-05 7.834180723875761032e-05
9.991465806961059570e-01 4.579095693770796061e-04 3.189110429957509041e-05 3.635919129010289907e-04
1.371064409613609314e-02 8.038507075980305672e-06 9.848749637603759766e-01 1.406308379955589771e-03
9.964773654937744141e-01 5.933685315540060401e-05 3.319981275126338005e-03 1.433477300452068448e-04
9.965460300445556641e-01 4.679698322433978319e-04 2.981511410325765610e-03 4.469054601941024885e-06
