9.840264320373535156e-01 1.518644951283931732e-02 4.887251416221261024e-04 2.983840240631252527e-04
1.037091203033924103e-02 2.318700999021530151e-01 7.577443718910217285e-01 1.462631007598247379e-05
2.977516269311308861e-03 2.396719297394156456e-03 1.147550195455551147e-01 8.798707723617553711e-01
8.820327639114111662e-05 2.570207417011260986e-02 2.319320440292358398e-01 7.422777414321899414e-01
1.173239350318908691e-01 7.150563001632690430e-01 1.544358283281326294e-01 1.318382099270820618e-02
9.798621535301208496e-01 2.003313414752483368e-02 1.283669553231447935e-05 9.187109390040859580e-05
7.911046850495040417e-06 3.011413900821935385e-05 9.959673881530761719e-01 3.994652535766363144e-03
2.057095407508313656e-04 9.765381813049316406e-01 1.373244449496269226e-04 2.311863936483860016e-02
9.986595511436462402e-01 1.952665043063461781e-04 1.005130397970788181e-04 1.044624135829508305e-03
1.127502648159861565e-03 7.850537300109863281e-01 2.055976390838623047e-01 8.221151307225227356e-03
1.002407595515251160e-01 8.878553509712219238e-01 9.422103874385356903e-03 2.481811214238405228e-03
1.557468250393867493e-02 9.353476762771606445e-01 6.107543013058602810e-04 4.846684262156486511e-02
