1.855793962022289634e-04 9.741239547729492188e-01 3.087996083195321262e-05 2.565960399806499481e-02
1.990636228583753109e-04 2.473551148796104826e-06 9.997969269752502441e-01 1.508861373622494284e-06
9.743602275848388672e-01 1.347439829260110855e-02 2.015294157899916172e-04 1.196392346173524857e-02
2.895154693760559894e-08 9.988014101982116699e-01 1.193508971482515335e-03 5.101703663967782632e-06
1.112235896289348602e-02 7.823818596079945564e-04 6.978285312652587891e-02 9.183123707771301270e-01
3.650956600904464722e-02 9.566181302070617676e-01 3.520700847730040550e-04 6.520231720060110092e-03
7.449949625879526138e-03 9.870514273643493652e-01 3.519656274875160307e-06 5.495083052664995193e-03
3.912533884431468323e-06 3.861594246700406075e-03 1.053186952049145475e-05 9.961239695549011230e-01
9.999265074729919434e-01 3.849127460853196681e-05 1.329597125732107088e-06 3.370951526449061930e-05
9.985934495925903320e-01 1.201304712594719604e-06 4.226352029945701361e-05 1.363108400255441666e-03
2.503275936760473996e-05 9.996536970138549805e-01 2.254449063912034035e-04 9.589256660547107458e-05
7.074146560626104474e-05 2.617115154862403870e-03 3.724163980223238468e-04 9.969397783279418945e-01
