8.265006542205810547e-01 2.848933800123631954e-04 1.731947064399719238e-01 1.988166695809923112e-05
1.180081907659769058e-02 3.251289715990424156e-03 1.051834478857927024e-04 9.848427176475524902e-01
7.811541557312011719e-01 2.119738459587097168e-01 6.282948423177003860e-03 5.890601314604282379e-04
7.329488992691040039e-01 2.514226362109184265e-02 3.430811688303947449e-03 2.384779900312423706e-01
9.212123155593872070e-01 9.293764014728367329e-05 1.048554666340351105e-03 7.764615863561630249e-02
9.960039854049682617e-01 1.695757498964667320e-03 1.896137720905244350e-03 4.040289495605975389e-04
8.983303904533386230e-01 1.089458004571497440e-03 4.652886837720870972e-02 5.405128747224807739e-02
5.503206921275705099e-06 1.868365529844595585e-06 1.443665969418361783e-04 9.998482465744018555e-01
6.664983183145523071e-02 9.325044751167297363e-01 8.763683581491932273e-05 7.580507663078606129e-04
9.410478924110066146e-06 5.432799458503723145e-03 4.933920354233123362e-05 9.945084452629089355e-01
4.308280476834625006e-04 8.843113183975219727e-01 1.141433045268058777e-01 1.114604412578046322e-03
1.073314160748850554e-05 1.018704642774537206e-05 9.999410510063171387e-01 3.800472768489271402e-05
