2.709135287659591995e-06 1.049280172082944773e-06 9.999960660934448242e-01 1.498641921671151067e-07
3.249830058393854415e-07 1.034689485095441341e-04 9.992099404335021973e-01 6.862079608254134655e-04
1.373996042275393847e-06 2.515854248485993594e-06 9.999169111251831055e-01 7.919948984635993838e-05
1.081727774021601363e-07 9.999437332153320312e-01 5.404592593549750745e-05 2.152691877199686132e-06
9.996713995933532715e-01 3.305149220977909863e-05 9.841843393587623723e-07 2.944996522273868322e-04
9.546467661857604980e-01 4.349330067634582520e-02 2.970580826513469219e-04 1.562857301905751228e-03
9.999975562095642090e-01 1.575112719365279190e-06 6.895169235576759093e-07 1.291735713948582998e-07
1.559642328174959403e-06 4.708878122983151115e-07 3.602870890517806401e-07 9.999976754188537598e-01
1.019713003188371658e-03 9.981145262718200684e-01 7.853530114516615868e-04 8.044866990530863404e-05
1.071850492735393345e-04 5.812317340314621106e-06 9.996051192283630371e-01 2.818926295731216669e-04
1.557421032339334488e-02 3.045073896646499634e-02 6.943561881780624390e-02 8.845394253730773926e-01
4.892723154625855386e-06 9.986112117767333984e-01 3.499544400256127119e-04 1.033889479003846645e-03
