8.316472172737121582e-01 4.035023448523133993e-04 1.671020388603210449e-01 8.472644840367138386e-04
2.568050877016503364e-05 2.118333941325545311e-05 9.992636442184448242e-01 6.894788821227848530e-04
2.213619609392480925e-06 5.648397491313517094e-04 1.667920878389850259e-04 9.992661476135253906e-01
1.551448076497763395e-04 1.645824086153879762e-04 9.995568990707397461e-01 1.233780785696581006e-04
2.417165488004684448e-01 1.844946877099573612e-03 1.499093923484906554e-05 7.564235329627990723e-01
7.162907859310507774e-04 7.406047661788761616e-04 5.138623691891552880e-06 9.985379576683044434e-01
9.286987781524658203e-02 8.619043976068496704e-02 2.176635898649692535e-03 8.187630176544189453e-01
9.259489597752690315e-04 9.509777555649634451e-06 9.990218281745910645e-01 4.268073826096951962e-05
9.957455992698669434e-01 1.852999441325664520e-03 2.743684744928032160e-04 2.126969862729310989e-03
9.978417158126831055e-01 7.066426405799575150e-06 2.114220522344112396e-03 3.691410165629349649e-05
5.816618353128433228e-02 9.409328103065490723e-01 3.610488056438043714e-05 8.649063529446721077e-04
3.329055011272430420e-01 5.153673291206359863e-01 1.516973078250885010e-01 2.983706144732423127e-05
