8.154797228598908987e-07 9.999970197677612305e-01 1.616227336853626184e-06 5.081774929749371950e-07
4.664520383812487125e-04 1.760068698786199093e-05 9.995101094245910645e-01 5.868686457688454539e-06
1.008402396109886467e-04 2.212384529411792755e-02 2.134799398481845856e-02 9.564273357391357422e-01
9.515458259556908160e-06 9.995004534721374512e-01 4.351018287707120180e-04 5.500532279256731272e-05
9.998506903648376465e-01 3.262325481045991182e-05 3.643788295448757708e-05 8.029062155401334167e-05
1.911088824272155762e-02 9.253021562471985817e-04 1.654946058988571167e-02 9.634143114089965820e-01
1.865716330939903855e-05 9.986391067504882812e-01 1.318220514804124832e-03 2.398112155788112432e-05
8.921402354644669686e-07 5.761509783042129129e-06 9.999919533729553223e-01 1.367367758575710468e-06
1.196408484247513115e-04 9.945822358131408691e-01 5.289931315928697586e-03 8.232897926063742489e-06
1.021805437630973756e-04 2.237809821963310242e-02 1.950195431709289551e-01 7.825001478195190430e-01
6.293306796578690410e-05 8.571078651584684849e-04 9.857336878776550293e-01 1.334627810865640640e-02
5.103168077766895294e-04 3.847289481200277805e-04 9.990841746330261230e-01 2.085057894873898476e-05
