8.749339940550271422e-06 9.696018695831298828e-01 4.188389284536242485e-04 2.997050993144512177e-02
4.890483687631785870e-04 1.230371981364442036e-05 1.380359753966331482e-04 9.993606209754943848e-01
1.730161020532250404e-03 1.881995648145675659e-01 1.325840651988983154e-01 6.774862408638000488e-01
1.673060614848509431e-05 4.849011020269244909e-04 3.512679177219979465e-05 9.994632601737976074e-01
2.572362497448921204e-02 5.274790455587208271e-04 9.680795073509216309e-01 5.669394042342901230e-03
7.886048555374145508e-01 6.338771432638168335e-03 2.048292160034179688e-01 2.271518169436603785e-04
1.797198131680488586e-02 2.024719864130020142e-02 7.515308447182178497e-03 9.542655348777770996e-01
8.779902756214141846e-02 9.057854413986206055e-01 6.298273801803588867e-03 1.172456395579501987e-04
2.174350619316101074e-01 1.219673827290534973e-01 6.601290702819824219e-01 4.685052263084799051e-04
1.979545317590236664e-02 2.119361161021515727e-04 1.100776626117294654e-05 9.799816012382507324e-01
5.959136251476593316e-05 9.998091459274291992e-01 4.991870028447920049e-08 1.312095992034301162e-04
3.840676072286441922e-06 1.395162325934506953e-05 1.454702694900333881e-03 9.985274672508239746e-01
