4.788297155755572021e-05 3.300253226257154893e-08 9.999519586563110352e-01 1.073331006296029955e-07
5.659036687575280666e-04 1.973058351723011583e-05 1.036923663377820048e-06 9.994133710861206055e-01
4.080379381775856018e-02 9.591597318649291992e-01 1.522369620943209156e-05 2.123140257026534528e-05
9.988852143287658691e-01 3.003076699314988218e-06 1.103876973502337933e-03 7.931320396892260760e-06
9.998186826705932617e-01 1.471952487008820754e-06 2.387861741226515733e-06 1.773744879756122828e-04
2.963137230835855007e-04 9.990946054458618164e-01 1.878097123153565917e-06 6.073379190638661385e-04
3.639234695583581924e-03 5.595280090346932411e-04 3.103150427341461182e-02 9.647697806358337402e-01
4.883113433606922626e-06 7.861387530283536762e-06 2.582378219813108444e-03 9.974049329757690430e-01
2.365733496844768524e-03 9.706200957298278809e-01 2.676425501704216003e-02 2.499100228305906057e-04
5.364337936043739319e-03 8.306036591529846191e-01 1.558712124824523926e-01 8.160746656358242035e-03
4.171058535575866699e-03 9.914393424987792969e-01 1.239231060026213527e-04 4.265586845576763153e-03
5.772358235844876617e-06 9.952733516693115234e-01 4.549857694655656815e-03 1.709857751848176122e-04
