9.270570874214172363e-01 1.179723418317735195e-03 7.144643366336822510e-02 3.167794493492692709e-04
1.730792410671710968e-02 9.822794198989868164e-01 3.206910332664847374e-04 9.191101707983762026e-05
7.797381840646266937e-05 2.781765260806423612e-06 2.590784570202231407e-03 9.973284006118774414e-01
9.802861809730529785e-01 8.338054612977430224e-06 2.292699537065345794e-05 1.968250796198844910e-02
1.010776907205581665e-01 1.469633877277374268e-01 6.651871800422668457e-01 8.677174150943756104e-02
4.309338692110031843e-04 1.036198882502503693e-04 9.458804726600646973e-01 5.358495190739631653e-02
1.688648917479440570e-04 3.342488780617713928e-02 9.653109312057495117e-01 1.095281564630568027e-03
1.201510545797646046e-03 1.228375919163227081e-02 6.765838265419006348e-01 3.099309206008911133e-01
1.258940203115344048e-03 5.655859708786010742e-01 4.322279393672943115e-01 9.271608432754874229e-04
7.662396819796413183e-05 9.586560726165771484e-01 3.466635243967175484e-04 4.092058166861534119e-02
4.125572443008422852e-01 5.872728824615478516e-01 1.552569301566109061e-04 1.460749263060279191e-05
1.542609993521182332e-06 2.028461676673032343e-05 9.944271445274353027e-01 5.551068112254142761e-03
