1.191940251737833023e-02 6.131303380243480206e-04 9.627442359924316406e-01 2.472327277064323425e-02
9.572547078132629395e-01 4.591284669004380703e-04 3.306879848241806030e-02 9.217416867613792419e-03
9.160941772279329598e-06 9.992408156394958496e-01 2.254769206047058105e-04 5.245591746643185616e-04
3.149636540911160409e-05 2.054855786263942719e-02 9.793641567230224609e-01 5.572196459979750216e-05
2.522199338272912428e-07 8.027873991522938013e-05 9.934821724891662598e-01 6.437250878661870956e-03
6.190678686834871769e-05 1.963117625564336777e-03 9.978270530700683594e-01 1.479164639022201300e-04
9.873987436294555664e-01 2.941316692158579826e-03 9.628277271986007690e-03 3.169394767610356212e-05
2.434288398944772780e-05 4.984070546925067902e-03 9.949842095375061035e-01 7.332866061915410683e-06
2.406322528258897364e-05 2.070415648631751537e-04 9.997652173042297363e-01 3.637949475887580775e-06
4.489745013415813446e-03 4.811563940165797248e-06 9.955052137374877930e-01 2.500248399428528501e-07
2.105422026943415403e-05 9.998432993888854980e-01 3.359488255227915943e-05 1.020698909997008741e-04
1.349700710306933615e-06 3.157255150654236786e-06 2.564570240792818367e-05 9.999698400497436523e-01
