3.470765426754951477e-02 1.582537144422531128e-01 4.540597088634967804e-03 8.024981021881103516e-01
4.343328252434730530e-02 6.849521305412054062e-04 7.443381473422050476e-04 9.551374912261962891e-01
4.639349936041980982e-05 2.312225522473454475e-03 3.191972791682928801e-04 9.973222017288208008e-01
4.504080489277839661e-02 1.343722343444824219e-01 7.314962744712829590e-01 8.909063041210174561e-02
1.023279401124455035e-04 1.155118297901935875e-05 9.998408555984497070e-01 4.525309122982434928e-05
9.996622800827026367e-01 2.605054760351777077e-04 2.614229924802202731e-05 5.104929732624441385e-05
8.168429732322692871e-01 1.802772283554077148e-01 4.262551083229482174e-04 2.453602151945233345e-03
6.543790805153548717e-04 1.452811877243220806e-03 9.808619022369384766e-01 1.703079603612422943e-02
9.796528816223144531e-01 1.812127977609634399e-02 2.171442843973636627e-03 5.445761416922323406e-05
5.132785736350342631e-05 1.666197204031050205e-03 9.970741868019104004e-01 1.208280562423169613e-03
6.448101997375488281e-01 4.710505018010735512e-04 2.446033060550689697e-01 1.101154312491416931e-01
2.198535803472623229e-04 9.912922978401184082e-01 5.561209491133922711e-06 8.482341654598712921e-03
