9.434927701950073242e-01 1.426830235868692398e-02 1.422045286744832993e-03 4.081697016954421997e-02
1.421247124671936035e-01 4.875642480328679085e-05 8.135526180267333984e-01 4.427386447787284851e-02
2.362080849707126617e-03 8.903550505638122559e-01 6.434562383219599724e-04 1.066394820809364319e-01
9.996535778045654297e-01 7.794412226758140605e-09 3.039411385543644428e-04 4.255604289937764406e-05
9.990298748016357422e-01 8.899101521819829941e-05 3.636490146163851023e-05 8.447334403172135353e-04
4.572755424305796623e-04 3.077278379350900650e-04 1.941828429698944092e-01 8.050521612167358398e-01
1.282290555536746979e-02 7.873670458793640137e-01 1.360728947474854067e-05 1.997964233160018921e-01
1.510259317001327872e-04 2.843216643668711185e-04 8.742803707718849182e-03 9.908218383789062500e-01
7.513411692343652248e-04 9.967404603958129883e-01 3.315562207717448473e-05 2.474999753758311272e-03
1.409477442502975464e-01 7.466256618499755859e-01 1.124216467142105103e-01 4.970679583493620157e-06
1.778174005448818207e-02 2.204689189966302365e-05 3.129507973790168762e-02 9.509011507034301758e-01
9.457928827032446861e-04 1.902329153381288052e-03 6.627406492043519393e-06 9.971452355384826660e-01
