2.290635780013983158e-12 1.004374445726584456e-17 8.365234727136794390e-09 1.000000000000000000e+00
9.999958872795104980e-01 3.044404123301150545e-18 4.130498382437508553e-06 3.795267485701137034e-12
9.920365751994974689e-23 2.868590955382581922e-20 1.000000000000000000e+00 7.616075753257078559e-24
2.113867934860902409e-11 9.999688863754272461e-01 2.239450580532320600e-08 3.112912963842973113e-05
2.562339602718566312e-07 6.376318931579589844e-01 3.561793267726898193e-01 6.188543979078531265e-03
9.670151790430736582e-09 1.111440476961433887e-03 7.204279534045454625e-11 9.988885521888732910e-01
1.000000000000000000e+00 9.840369689343049509e-15 1.150305717345645462e-08 6.557119918141065405e-24
2.028406306635588408e-04 5.733489394187927246e-01 7.101105477866755198e-16 4.264482557773590088e-01
9.052723516980075054e-23 1.000000000000000000e+00 3.878712698210976844e-22 1.317954016821231453e-16
3.707142472267150879e-01 1.543310428455194061e-13 6.292856931686401367e-01 2.130580867981679560e-13
1.000000000000000000e+00 1.003930982790279813e-08 3.594833632158955794e-12 1.023502282926358475e-09
5.666471736276434967e-08 8.038243651390075684e-02 2.434118505334481597e-05 9.195932149887084961e-01
