2.753249464149121195e-05 8.603864908218383789e-01 1.392197608947753906e-01 3.662328235805034637e-04
9.922607541084289551e-01 3.356033121235668659e-04 5.906573496758937836e-03 1.497112796641886234e-03
8.346759568667039275e-05 6.090771057642996311e-05 1.419482082128524780e-01 8.579074740409851074e-01
7.495279312133789062e-01 2.436379343271255493e-01 1.141060056397691369e-05 6.822625640779733658e-03
7.543978691101074219e-01 1.418607658706605434e-03 1.226545032113790512e-02 2.319180369377136230e-01
5.665193498134613037e-02 7.687453031539916992e-01 1.618135422468185425e-01 1.278919167816638947e-02
9.612472057342529297e-01 3.824808821082115173e-02 1.301162701565772295e-04 3.746454021893441677e-04
2.632649375300388783e-05 2.292016142746433616e-05 9.999431967735290527e-01 7.574097708129556850e-06
2.202329691499471664e-03 6.971006393432617188e-01 1.455996558070182800e-02 2.861370146274566650e-01
4.033256263937801123e-04 4.802354052662849426e-02 5.297598838806152344e-01 4.218133091926574707e-01
8.917923551052808762e-04 3.514265699777752161e-05 9.990231990814208984e-01 4.990182060282677412e-05
9.141506552696228027e-01 7.095643877983093262e-02 2.461577067151665688e-03 1.243136078119277954e-02
