1.454067677259445190e-01 5.959552072454243898e-05 6.259544752538204193e-04 8.539077043533325195e-01
5.664997388521442190e-06 9.998280405998229980e-01 9.304449122282676399e-06 1.570204185554757714e-04
2.888771414291113615e-04 9.983139634132385254e-01 1.384527073241770267e-03 1.260287990589858964e-05
9.991878271102905273e-01 4.335763605922693387e-06 3.624667879194021225e-04 4.454514710232615471e-04
9.132837057113647461e-01 2.105206996202468872e-02 1.512570027261972427e-02 5.053851380944252014e-02
1.007822902465704829e-05 1.881786374724470079e-05 9.488966464996337891e-01 5.107441544532775879e-02
1.997575891437008977e-04 9.985833764076232910e-01 1.429154071956872940e-04 1.073933206498622894e-03
8.339619636535644531e-02 6.755493879318237305e-01 1.163230044767260551e-04 2.409380674362182617e-01
3.239534635213203728e-05 7.171761393547058105e-01 2.895598299801349640e-04 2.825018763542175293e-01
2.393748400209005922e-05 5.413604867499088868e-06 1.864582765847444534e-03 9.981060624122619629e-01
1.380425244569778442e-01 2.006944268941879272e-04 8.077058792114257812e-01 5.405084416270256042e-02
2.462675869464874268e-01 1.340769324451684952e-02 7.397475242614746094e-01 5.771912401542067528e-04
