8.343902230262756348e-01 4.584906622767448425e-03 2.360406331717967987e-02 1.374207884073257446e-01
9.994363188743591309e-01 2.894523204304277897e-04 9.709093319543171674e-06 2.645105123519897461e-04
9.807600378990173340e-01 5.968327750451862812e-04 1.795779727399349213e-02 6.853817030787467957e-04
1.310201138257980347e-01 1.317141577601432800e-03 7.832819595932960510e-03 8.598299026489257812e-01
2.919911220669746399e-02 9.155251383781433105e-01 3.823781758546829224e-02 1.703795976936817169e-02
3.137919306755065918e-02 8.660593628883361816e-01 3.368815669091418386e-05 1.025277897715568542e-01
5.499705206602811813e-03 7.169348828028887510e-05 3.313134657219052315e-03 9.911155104637145996e-01
1.958593020390253514e-05 1.338338770437985659e-04 9.998059868812561035e-01 4.060999344801530242e-05
2.544574141502380371e-01 8.497827686369419098e-03 6.147686857730150223e-03 7.308970689773559570e-01
1.667329925112426281e-03 9.923045635223388672e-01 1.293304012506268919e-05 6.015183404088020325e-03
9.443839192390441895e-01 5.439330637454986572e-02 4.216099041514098644e-04 8.011698955669999123e-04
9.927065670490264893e-02 1.439586728811264038e-01 7.557953596115112305e-01 9.752758196555078030e-04
