1.835859715938568115e-01 3.163021756336092949e-03 1.341656316071748734e-04 8.131169080734252930e-01
2.034366875886917114e-02 3.661584341898560524e-03 4.538216453511267900e-04 9.755408763885498047e-01
3.624034070526249707e-05 7.949175834655761719e-01 4.198887036181986332e-04 2.046263068914413452e-01
9.937666058540344238e-01 3.532094124238938093e-04 8.784648962318897247e-04 5.001655779778957367e-03
2.627740514071774669e-06 6.777081638574600220e-02 9.256080985069274902e-01 6.618475541472434998e-03
4.353423137217760086e-04 9.983447790145874023e-01 8.133393712341785431e-04 4.065544926561415195e-04
2.013206881201767828e-07 9.993584752082824707e-01 6.291858153417706490e-04 1.214397161675151438e-05
9.118835330009460449e-01 2.552002843003720045e-04 1.724346540868282318e-02 7.061783969402313232e-02
7.564284715044777840e-06 2.231001872132765129e-06 9.998481273651123047e-01 1.420478511136025190e-04
9.980733990669250488e-01 4.888838884653523564e-05 5.220401799306273460e-04 1.355691696517169476e-03
1.126234456896781921e-01 8.864705562591552734e-01 1.665610616328194737e-04 7.393963169306516647e-04
9.999384284019470215e-01 3.513366027618758380e-05 2.341587060072924942e-05 3.065707005589501932e-06
