8.552413741395523128e-15 1.000000000000000000e+00 6.468840220430482901e-13 1.883069573752407799e-13
1.076262668396610334e-12 1.000000000000000000e+00 1.247399592060546287e-20 1.535190863322100085e-09
8.590775728225708008e-01 1.409224420785903931e-01 2.912099814761370808e-13 2.341000726602260329e-09
2.469093540735656234e-10 1.627427637096445778e-09 8.820661215325209525e-12 1.000000000000000000e+00
9.976235983144565722e-12 2.399627518911984225e-08 1.000000000000000000e+00 2.291107937374148529e-21
9.999994635581970215e-01 3.835572570665135572e-08 2.652103695346703233e-14 5.255381552160542924e-07
7.684628348794330134e-19 5.280276127450633794e-06 9.999923110008239746e-01 2.437031525914790109e-06
1.000000000000000000e+00 1.481849598159018229e-16 2.580953962717290097e-21 2.135377378392755432e-12
4.591511632706657409e-12 3.046021166482947598e-22 4.518828541040420532e-02 9.548117518424987793e-01
1.456888858228921890e-03 9.930168390274047852e-01 2.344691257320962509e-17 5.526270251721143723e-03
8.328672647476196289e-01 1.671038419008255005e-01 2.743384720815811306e-05 1.403598730576050002e-06
1.280011725611984730e-03 1.022238890757698471e-11 9.987200498580932617e-01 1.033479909688150267e-19
