3.144488902762532234e-03 1.400418728590011597e-01 1.010687919915653765e-04 8.567125201225280762e-01
2.430472159176133573e-05 5.722784996032714844e-02 7.290257215499877930e-01 2.137221097946166992e-01
2.079113945364952087e-02 3.523240983486175537e-02 7.629593019373714924e-04 9.432135224342346191e-01
1.923754325616755523e-06 7.818506446710671298e-07 9.999952316284179688e-01 2.048860096692806110e-06
9.541007280349731445e-01 1.417923532426357269e-02 3.160678222775459290e-02 1.133202167693525553e-04
4.902620275970548391e-05 1.081524300388991833e-03 9.984360933303833008e-01 4.332467506173998117e-04
9.913620948791503906e-01 5.513051059097051620e-03 1.821280602598562837e-04 2.942814026027917862e-03
1.206370419822633266e-03 9.986892342567443848e-01 6.770109030185267329e-05 3.667514465632848442e-05
9.359340071678161621e-01 3.128205984830856323e-02 3.272800147533416748e-02 5.592127126874402165e-05
5.897032679058611393e-04 8.620620938017964363e-04 5.919921398162841797e-02 9.393489956855773926e-01
3.512154519557952881e-02 5.759674124419689178e-03 8.222626447677612305e-01 1.368561238050460815e-01
3.788913832977414131e-03 6.498516350984573364e-02 9.311437010765075684e-01 8.223655459005385637e-05
