1.000000000000000000e+00 1.143909392588562056e-17 2.764630191443018248e-10 2.484856383460807509e-16
1.785825490951538086e-01 2.512712180614471436e-01 1.006048022667016539e-09 5.701462030410766602e-01
2.907507820054888725e-03 9.970924854278564453e-01 3.717175706390728812e-19 6.724443593099371785e-13
1.058086018974890852e-12 9.997271299362182617e-01 3.034768074859639508e-13 2.728945983108133078e-04
9.993757605552673340e-01 2.747363772128511445e-18 9.304264303455767049e-11 6.242055096663534641e-04
2.585210313554853201e-04 7.704157566068824272e-19 1.758712804295764487e-14 9.997414350509643555e-01
7.178540700509151301e-15 5.465308110588762425e-13 1.000000000000000000e+00 5.376085823091930182e-16
2.643215358257293701e-01 1.201418810524046421e-03 8.094025361060630530e-06 7.344689369201660156e-01
8.216418325901031494e-02 1.686797531874617562e-06 5.068790316581726074e-01 4.109551310539245605e-01
9.474233593209646642e-07 9.999990463256835938e-01 2.024668904754278742e-10 1.035574620847357075e-12
6.232366269091491596e-18 1.054523366406101559e-07 9.999999403953552246e-01 7.236837743103928522e-20
3.688275441527366638e-02 9.059418525688561763e-14 9.631172418594360352e-01 1.070514770579178432e-11
