3.026889171451330185e-04 2.777995541691780090e-04 1.315891313424799591e-05 9.994063377380371094e-01
8.549383282661437988e-02 4.076175682712346315e-04 8.216963410377502441e-01 9.240222722291946411e-02
2.017121203243732452e-02 2.659992128610610962e-02 8.936236500740051270e-01 5.960522219538688660e-02
8.009781595319509506e-05 7.549592992290854454e-04 1.077158376574516296e-02 9.883933663368225098e-01
1.977463439106941223e-02 3.671824233606457710e-04 2.070467919111251831e-02 9.591534733772277832e-01
5.211887881159782410e-03 9.945210814476013184e-01 2.030175437539583072e-06 2.651181712280958891e-04
8.376986384391784668e-01 3.588406252674758434e-04 3.412702062632888556e-04 1.616013199090957642e-01
1.925165206193923950e-02 1.125036086887121201e-02 1.827706910262349993e-05 9.694796800613403320e-01
6.532264706038404256e-06 1.036334360833279788e-04 6.525106437038630247e-05 9.998245835304260254e-01
6.788196414709091187e-02 7.511803880333900452e-03 9.243140816688537598e-01 2.920521073974668980e-04
6.281700188992545009e-05 1.469541108235716820e-03 1.473577722208574414e-04 9.983202815055847168e-01
6.498218774795532227e-01 2.732509374618530273e-01 5.321781150996685028e-03 7.160530984401702881e-02
