3.442272171378135681e-02 7.020788192749023438e-01 1.291087269783020020e-01 1.343897283077239990e-01
6.383048295974731445e-01 1.097107976675033569e-01 1.190613806247711182e-01 1.329229325056076050e-01
1.412270218133926392e-02 8.445984721183776855e-01 1.104201525449752808e-01 3.085864335298538208e-02
1.512178132543340325e-04 8.613690137863159180e-01 8.962936699390411377e-04 1.375834345817565918e-01
6.834900705143809319e-05 9.812871813774108887e-01 1.844672672450542450e-02 1.977143692784011364e-04
1.810092944651842117e-04 8.876098990440368652e-01 1.105957329273223877e-01 1.613365835510194302e-03
7.719216519035398960e-04 7.409852147102355957e-01 2.536260187625885010e-01 4.616854246705770493e-03
9.513760358095169067e-02 9.020543694496154785e-01 2.972022048197686672e-04 2.510899910703301430e-03
1.423207868356257677e-05 3.681632369989529252e-05 9.971808195114135742e-01 2.768191508948802948e-03
4.277974367141723633e-04 5.195599794387817383e-01 4.798326492309570312e-01 1.796201395336538553e-04
5.301369428634643555e-01 1.109803467988967896e-02 2.435984313488006592e-01 2.151665240526199341e-01
1.495508244261145592e-03 1.736122518777847290e-01 1.279977383092045784e-03 8.236122131347656250e-01
