9.975523352622985840e-01 2.342848893022164702e-05 1.971957972273230553e-03 4.523269308265298605e-04
7.716841250658035278e-02 1.338527537882328033e-03 9.210968017578125000e-01 3.962961782235652208e-04
3.335517272353172302e-02 1.277269620914012194e-04 9.626118540763854980e-01 3.905248828232288361e-03
3.802653372986242175e-05 4.528647332335822284e-05 1.174599304795265198e-01 8.824567794799804688e-01
1.287032617256045341e-03 1.485962729930179194e-05 3.304765050415880978e-05 9.986650347709655762e-01
2.977906206069746986e-06 8.702401828486472368e-06 1.100964218494482338e-04 9.998782277107238770e-01
9.753345251083374023e-01 2.364656701683998108e-02 5.218565929681062698e-04 4.971189191564917564e-04
9.997870326042175293e-01 1.241242716787382960e-04 4.063858796143904328e-05 4.822487608180381358e-05
3.856417834758758545e-01 3.578578762244433165e-04 2.138245850801467896e-03 6.118621826171875000e-01
4.129104316234588623e-01 5.467889308929443359e-01 3.774055093526840210e-02 2.560087945312261581e-03
1.862157732248306274e-01 1.890552957775071263e-04 1.279605319723486900e-03 8.123155832290649414e-01
2.945851767435669899e-03 1.753852143883705139e-02 9.351381063461303711e-01 4.437751322984695435e-02
