4.086794797331094742e-05 9.988195896148681641e-01 1.938369241543114185e-04 9.457104606553912163e-04
3.408923657843843102e-05 1.834816771406622138e-06 9.997494816780090332e-01 2.146306651411578059e-04
9.868972301483154297e-01 1.017805002629756927e-02 4.431751440279185772e-04 2.481534844264388084e-03
7.868277316447347403e-05 1.775874523445963860e-03 1.864342018961906433e-02 9.795020222663879395e-01
1.509307185187935829e-03 2.979094628244638443e-03 9.954014420509338379e-01 1.102071619243361056e-04
3.311991691589355469e-03 2.315545827150344849e-02 9.948535589501261711e-04 9.725376963615417480e-01
1.724115136312320828e-04 9.654191671870648861e-05 4.062998294830322266e-02 9.591010808944702148e-01
2.374845353187993169e-04 9.996993541717529297e-01 5.593032710748957470e-06 5.752896322519518435e-05
2.018244564533233643e-02 9.262922406196594238e-02 5.468055605888366699e-04 8.866415023803710938e-01
1.034148863254813477e-05 4.970757436240091920e-05 9.999198317527770996e-01 2.011033029702957720e-05
7.509576622396707535e-03 9.924037456512451172e-01 5.432778380054514855e-06 8.117337711155414581e-05
3.417085390537977219e-04 2.895355457440018654e-03 1.648227451369166374e-03 9.951147437095642090e-01
