1.087073888629674911e-02 2.406082421657629311e-05 5.280658660922199488e-05 9.890523552894592285e-01
7.906817197799682617e-01 2.085436284542083740e-01 5.570346274907933548e-06 7.690492202527821064e-04
1.075573309208266437e-04 2.132761776447296143e-01 1.444265060126781464e-02 7.721735835075378418e-01
9.255373477935791016e-02 8.826796412467956543e-01 1.142303179949522018e-02 1.334363035857677460e-02
5.094584412290714681e-05 1.554299669805914164e-04 7.630982995033264160e-02 9.234837889671325684e-01
9.496704936027526855e-01 1.682303100824356079e-02 4.240678390488028526e-05 3.346410393714904785e-02
8.456978201866149902e-02 3.156523779034614563e-02 8.816523551940917969e-01 2.212607534602284431e-03
1.374505372950807214e-04 9.752616460900753736e-05 3.073827326297760010e-01 6.923822760581970215e-01
9.996409416198730469e-01 3.046794154215604067e-04 2.959698804261279292e-06 5.143761154613457620e-05
8.495956063270568848e-01 1.264419555664062500e-01 5.737481988035142422e-04 2.338865026831626892e-02
6.363910870277322829e-06 1.819065771996974945e-03 9.981727004051208496e-01 1.859967028394748922e-06
9.993578791618347168e-01 2.075733391393441707e-06 7.073226697684731334e-06 6.329094758257269859e-04
