9.919948577880859375e-01 6.979197729378938675e-03 2.214593696407973766e-04 8.044809801504015923e-04
1.778401583433151245e-01 5.817501340061426163e-03 3.841010620817542076e-04 8.159582018852233887e-01
1.373712271451950073e-01 3.311378881335258484e-02 8.293452262878417969e-01 1.697693805908784270e-04
1.388696455251192674e-05 5.851032256032340229e-05 2.678469536476768553e-05 9.999008178710937500e-01
7.136874794960021973e-01 1.041085049510002136e-01 1.932710991241037846e-03 1.802713721990585327e-01
8.930373787879943848e-01 1.067138612270355225e-01 2.739590490818955004e-05 2.213311090599745512e-04
9.710549712181091309e-01 2.286992734298110008e-03 2.665614709258079529e-02 1.837247737057623453e-06
9.995244741439819336e-01 1.178341117338277400e-04 4.852922756981570274e-06 3.528152592480182648e-04
7.607612133142538369e-06 9.149315701506566256e-06 9.999464750289916992e-01 3.674034087453037500e-05
1.858570976764895022e-05 2.585206175353960134e-06 1.434501064068172127e-05 9.999644756317138672e-01
8.030423487070947886e-06 1.039127935655415058e-03 9.988722205162048340e-01 8.055590296862646937e-05
8.864469528198242188e-01 7.927354425191879272e-02 3.264422342181205750e-02 1.635296153835952282e-03
