9.544393105898052454e-05 1.786269843578338623e-01 2.477881498634815216e-04 8.210297822952270508e-01
1.577863440616056323e-04 5.074209719896316528e-02 4.049126058816909790e-03 9.450510144233703613e-01
8.651301264762878418e-01 8.563553541898727417e-02 1.161732431501150131e-02 3.761698305606842041e-02
2.696451883821282536e-05 5.425749719142913818e-02 9.451944828033447266e-01 5.210255621932446957e-04
4.096453485544770956e-04 3.718401771038770676e-03 7.706442265771329403e-04 9.951013326644897461e-01
1.014826775644905865e-04 3.593739529605954885e-05 3.473888909866218455e-06 9.998590946197509766e-01
7.647534948773682117e-05 5.438362360000610352e-01 4.546799659729003906e-01 1.407385105267167091e-03
2.554868813604116440e-03 9.974383711814880371e-01 1.704502892607706599e-06 5.069487997388932854e-06
9.963755011558532715e-01 2.687768545001745224e-03 4.248783443472348154e-05 8.942720596678555012e-04
3.532859981060028076e-01 4.916317266179248691e-05 6.465798020362854004e-01 8.501629781676456332e-05
2.764268545433878899e-03 1.246098428964614868e-03 9.957525730133056641e-01 2.371083246544003487e-04
5.719057662645354867e-05 2.955240309238433838e-01 7.044002413749694824e-01 1.851254273788072169e-05
