5.122636794112622738e-04 1.860087604776961001e-11 1.810232532761801849e-07 9.994875192642211914e-01
3.176746889948844910e-02 9.682295918464660645e-01 2.087045813947696615e-10 2.945187361547141336e-06
1.229800306708586271e-19 1.696081599220633507e-03 4.733518307867855661e-18 9.983038902282714844e-01
9.999992847442626953e-01 1.347623390619175915e-23 7.526148237957386300e-07 1.856410580813872002e-10
7.041633458299070903e-21 1.000000000000000000e+00 1.593972398516996236e-09 6.201097998600503258e-22
2.604934950437129328e-16 4.034565761685371399e-02 7.863432847377134857e-18 9.596543312072753906e-01
5.826103955861585031e-18 1.849430620326614886e-26 9.999998807907104492e-01 1.593650011955105583e-07
5.117078316629886103e-09 9.999951124191284180e-01 1.593075410240340164e-23 4.907792572339531034e-06
1.404074337076438061e-19 1.000000000000000000e+00 1.001711463343574193e-13 1.660827564364808495e-08
5.971834070805925876e-06 3.856833075133181410e-07 4.724673985379013175e-08 9.999936223030090332e-01
6.620677339697067509e-10 9.992280602455139160e-01 1.496747367160048553e-14 7.719834102317690849e-04
2.519244261332763452e-24 1.000000000000000000e+00 5.165073257984431621e-09 8.334566370393758916e-10
