9.877170324325561523e-01 4.139648750424385071e-03 4.444039950612932444e-05 8.098886348307132721e-03
5.668243393301963806e-02 8.344381931237876415e-04 2.416496630758047104e-03 9.400666356086730957e-01
1.722421199083328247e-01 3.750606556423008442e-04 8.266265392303466797e-01 7.562729297205805779e-04
1.999475207412615418e-04 6.599403917789459229e-02 9.133569598197937012e-01 2.044904790818691254e-02
7.001093763392418623e-06 6.999357719905674458e-05 1.048947233357466757e-04 9.998181462287902832e-01
2.763932757079601288e-02 2.802997529506683350e-01 6.891902089118957520e-01 2.870792290195822716e-03
9.153016209602355957e-01 4.693178634624928236e-04 1.735134748741984367e-03 8.249390125274658203e-02
1.554947793483734131e-01 8.444902300834655762e-01 5.667446203005965799e-06 9.302278158429544419e-06
9.835561513900756836e-01 5.494513548910617828e-03 1.055644359439611435e-02 3.929375088773667812e-04
1.630043378099799156e-03 9.889619350433349609e-01 2.421754325041547418e-04 9.165960364043712616e-03
9.998214840888977051e-01 1.284691393266257364e-06 1.047414116328582168e-05 1.668747572693973780e-04
2.977925214509014040e-05 3.948185741901397705e-01 6.051474809646606445e-01 4.159681793680647388e-06
