4.636412268155254424e-05 8.599699940532445908e-04 1.624140292406082153e-01 8.366796374320983887e-01
8.182923197746276855e-01 6.581691559404134750e-04 1.809142678976058960e-01 1.352391991531476378e-04
9.422549192095175385e-05 5.530468374490737915e-02 9.440531134605407715e-01 5.479160463437438011e-04
1.211647093296051025e-01 9.980981051921844482e-02 4.582884535193443298e-02 7.331966161727905273e-01
6.961462553590536118e-03 9.915543794631958008e-01 5.846589920111000538e-04 8.994737290777266026e-04
2.251197770237922668e-02 6.340274121612310410e-04 8.282391718239523470e-06 9.768456816673278809e-01
9.999958872795104980e-01 2.042188043560599908e-06 6.019826628289592918e-07 1.504814008512767032e-06
9.996665120124816895e-01 3.053912951145321131e-05 2.544088929425925016e-04 4.857261228607967496e-05
3.317110836505889893e-01 2.474548062309622765e-03 6.651669740676879883e-01 6.473968387581408024e-04
4.007653114967979491e-05 3.738367740879766643e-05 9.999128580093383789e-01 9.655608664616011083e-06
6.523887515068054199e-01 8.573115919716656208e-04 3.376899063587188721e-01 9.064111858606338501e-03
2.532162179704755545e-04 5.156437623554666061e-07 1.534985813123057596e-06 9.997447133064270020e-01
