2.054062113165855408e-02 1.664960291236639023e-04 9.791925549507141113e-01 1.003682264126837254e-04
8.626739872852340341e-05 3.131555567961186171e-04 2.032425254583358765e-03 9.975681304931640625e-01
5.020431126467883587e-04 2.257947016914840788e-05 1.829559099860489368e-03 9.976457953453063965e-01
2.222623578518323484e-07 9.999132752418518066e-01 6.124028004705905914e-07 8.593902020948007703e-05
9.985054135322570801e-01 7.901720819063484669e-04 9.901351586449891329e-05 6.053639808669686317e-04
4.862424684688448906e-04 9.944620728492736816e-01 9.253615189663833007e-07 5.050694104284048080e-03
9.996857047080993652e-01 1.096215855795890093e-04 9.680845687398687005e-05 1.078943096217699349e-04
1.099396467907354236e-04 8.989086151123046875e-01 9.902389347553253174e-02 1.957543427124619484e-03
1.825001891120336950e-05 9.999033808708190918e-01 2.576947917987126857e-05 5.260802208795212209e-05
1.512058370281010866e-04 9.998376369476318359e-01 8.294230724459339399e-07 1.030621479003457353e-05
2.775527536869049072e-05 4.072551091667264700e-04 1.734040305018424988e-02 9.822245836257934570e-01
9.937701225280761719e-01 6.165107246488332748e-03 4.726824408862739801e-05 1.751676063577178866e-05
