9.998811483383178711e-01 1.020829677145229653e-05 1.729820542095694691e-05 9.131740807788446546e-05
3.948900382965803146e-03 2.079328289255499840e-03 6.250632850424153730e-06 9.939655065536499023e-01
1.359226880595088005e-04 8.502667187713086605e-04 3.231789160054177046e-04 9.986906647682189941e-01
3.774555772542953491e-02 5.008486565202474594e-03 1.979301450774073601e-03 9.552666544914245605e-01
4.041724838316440582e-03 4.694010567618533969e-05 3.579949261620640755e-03 9.923313856124877930e-01
8.074988722801208496e-01 1.765468274243175983e-03 9.533575177192687988e-02 9.539989382028579712e-02
5.260163452476263046e-04 8.998161554336547852e-02 4.188662278465926647e-04 9.090735316276550293e-01
1.370413956465199590e-04 5.271793343126773834e-04 1.039740745909512043e-03 9.982960224151611328e-01
1.175538823008537292e-01 2.687968080863356590e-04 8.818050622940063477e-01 3.722762048710137606e-04
3.144648508168756962e-05 3.902032403857447207e-06 4.884950816631317139e-03 9.950796365737915039e-01
3.769398317672312260e-04 6.616576683882158250e-06 4.477581754326820374e-02 9.548406004905700684e-01
1.805666252039372921e-04 3.393855644389986992e-03 4.577819199766963720e-04 9.959678649902343750e-01
