4.485891258809715509e-05 3.441495064180344343e-04 9.924686551094055176e-01 7.142341230064630508e-03
7.597818505018949509e-03 3.122324997093528509e-04 9.907111525535583496e-01 1.378778601065278053e-03
1.443174900487065315e-03 9.790015220642089844e-01 2.649035013746470213e-04 1.929042302072048187e-02
3.764369990676641464e-03 9.960327148437500000e-01 2.024102432187646627e-04 4.488607885377859930e-07
8.714366122148931026e-04 8.540241396985948086e-04 9.173285070573911071e-05 9.981828331947326660e-01
6.769083483959548175e-06 9.994527101516723633e-01 4.865945666097104549e-04 5.387430064729414880e-05
8.929513910516106989e-07 4.023149609565734863e-03 1.343503780663013458e-02 9.825409054756164551e-01
4.389224341139197350e-04 2.658657357096672058e-02 2.368087734794244170e-04 9.727377295494079590e-01
4.901485517621040344e-02 3.918531365343369544e-05 9.506995081901550293e-01 2.464487333782017231e-04
9.958692789077758789e-01 3.146499395370483398e-03 1.998691732296720147e-05 9.643090306781232357e-04
2.019027946516871452e-03 9.974853992462158203e-01 5.706617045575512748e-08 4.955439362674951553e-04
7.424574869219213724e-05 2.144704200327396393e-02 3.176309913396835327e-02 9.467155933380126953e-01
