7.932874268590239808e-07 2.226343378424644470e-02 9.776760339736938477e-01 5.963552393950521946e-05
7.796396857884246856e-06 1.302764849242521450e-05 4.368044756120070815e-06 9.999747872352600098e-01
9.985676407814025879e-01 2.825422598107252270e-05 5.786796682514250278e-04 8.254515705630183220e-04
5.830571171827614307e-04 3.462941676843911409e-04 9.830688238143920898e-01 1.600183919072151184e-02
3.873714804649353027e-02 1.617355272173881531e-02 9.450879096984863281e-01 1.373642362523241900e-06
9.997485280036926270e-01 1.143410991062410176e-04 7.746801566099748015e-05 5.966272510704584420e-05
2.150211250409483910e-03 5.636937203234992921e-05 2.291103638708591461e-02 9.748823642730712891e-01
3.870485350489616394e-02 9.579045772552490234e-01 7.071550935506820679e-04 2.683457918465137482e-03
2.623360887810122222e-05 6.673773168586194515e-04 4.306595947127789259e-04 9.988757371902465820e-01
7.710171630606055260e-04 3.198016493115574121e-04 1.399873440277588088e-06 9.989078044891357422e-01
9.950623512268066406e-01 4.323275061324238777e-05 7.239750702865421772e-04 4.170520696789026260e-03
9.996497035026550293e-01 1.429351541446521878e-04 1.209208421641960740e-04 8.652325050206854939e-05
