8.836368098855018616e-03 1.870130305178463459e-03 9.892786145210266113e-01 1.491172042733523995e-05
7.303909212350845337e-02 6.809622514992952347e-03 2.381741069257259369e-06 9.201489090919494629e-01
9.984650015830993652e-01 6.484808545792475343e-05 1.042520379996858537e-04 1.365955569781363010e-03
1.430154225090518594e-04 9.994079470634460449e-01 4.649980382964713499e-06 4.444059741217643023e-04
1.760512350301723927e-05 9.999740719795227051e-01 3.303116272945771925e-06 5.038974904891801998e-06
9.962638020515441895e-01 6.261277576413704082e-06 3.462238004431128502e-03 2.676722651813179255e-04
2.454802161082625389e-03 1.834764843806624413e-04 8.447536674793809652e-05 9.972772002220153809e-01
3.241357990191318095e-05 2.923044064573332435e-07 9.988297224044799805e-01 1.137591898441314697e-03
9.965202808380126953e-01 4.286702314857393503e-04 2.973620314151048660e-03 7.747490599285811186e-05
9.798107147216796875e-01 3.340018884046003222e-05 2.015541307628154755e-02 4.651885490147833480e-07
1.136852442868985236e-04 2.253836719319224358e-04 9.977971315383911133e-01 1.863804762251675129e-03
8.642856264486908913e-04 9.346978738903999329e-03 1.463413517922163010e-02 9.751545786857604980e-01
