9.576585888862609863e-01 1.627114485017955303e-03 4.070504754781723022e-02 9.271284397982526571e-06
9.977367520332336426e-01 2.156516304239630699e-03 2.592201417428441346e-05 8.084869477897882462e-05
2.198677277192473412e-03 1.266914792358875275e-02 9.741291403770446777e-02 8.877192735671997070e-01
1.845601036620792001e-05 8.920546174049377441e-01 1.079123094677925110e-01 1.459257691749371588e-05
1.265727223653811961e-05 2.325372770428657532e-04 1.118923955800710246e-05 9.997436404228210449e-01
8.275089930975809693e-05 1.654488146305084229e-01 2.037656486209016293e-05 8.344480991363525391e-01
7.777191058266907930e-06 9.877807497978210449e-01 5.364784505218267441e-03 6.846664007753133774e-03
9.999918341636657715e-01 5.995739797981514130e-07 6.147232852526940405e-06 1.467242668695689645e-06
8.291488289833068848e-01 3.391024470329284668e-02 6.920066196471452713e-03 1.300209015607833862e-01
1.542486133985221386e-04 7.234044671058654785e-01 2.714288830757141113e-01 5.012458655983209610e-03
1.212463062256574631e-02 8.533754225936718285e-06 2.867764979600906372e-02 9.591891765594482422e-01
2.382109910249710083e-01 1.196248194901272655e-04 1.757747977972030640e-01 5.858945250511169434e-01
