6.002636998891830444e-02 1.200579223223030567e-03 2.307820133864879608e-03 9.364652037620544434e-01
6.713131006108596921e-05 2.393021062016487122e-02 7.315904833376407623e-03 9.686867594718933105e-01
1.302104070782661438e-02 3.005504375323653221e-03 8.522712159901857376e-04 9.831212162971496582e-01
1.133645535446703434e-03 9.146238565444946289e-01 8.397264778614044189e-02 2.698082244023680687e-04
2.125389873981475830e-01 7.561187446117401123e-02 5.955608095973730087e-03 7.058935165405273438e-01
2.588665847724769264e-05 2.895018587878439575e-05 9.994755983352661133e-01 4.695648094639182091e-04
4.303858615458011627e-03 5.121539346873760223e-03 1.022955402731895447e-01 8.882790803909301758e-01
9.123068451881408691e-01 5.763784795999526978e-02 3.005256317555904388e-02 2.650770511536393315e-06
7.928675768198445439e-05 2.043987333308905363e-04 4.230339254718273878e-04 9.992932677268981934e-01
9.994239807128906250e-01 1.790063106454908848e-04 2.836933708749711514e-04 1.133128171204589307e-04
7.251775860786437988e-01 3.578278003260493279e-03 2.710421979427337646e-01 2.019483945332467556e-04
8.966945856809616089e-02 9.094887375831604004e-01 6.540942122228443623e-04 1.877247414086014032e-04
