8.380753993988037109e-01 1.089256722480058670e-03 1.198545321822166443e-01 4.098077118396759033e-02
9.034258872270584106e-02 1.292590945959091187e-01 3.289676169515587389e-05 7.803654074668884277e-01
2.113651251420378685e-03 8.122467994689941406e-01 1.842712759971618652e-01 1.368363155052065849e-03
1.528306305408477783e-02 9.419757723808288574e-01 4.477108450373634696e-05 4.269648715853691101e-02
4.474371089600026608e-04 1.140250606113113463e-05 9.994015693664550781e-01 1.395289436914026737e-04
4.921497748000547290e-05 9.781367778778076172e-01 2.009207941591739655e-02 1.721954438835382462e-03
9.022399187088012695e-01 5.279148172121495008e-05 1.150677562691271305e-03 9.655658155679702759e-02
9.106189012527465820e-01 1.386194198857992887e-04 8.920808881521224976e-02 3.439977081143297255e-05
4.378769954200834036e-04 1.445386409759521484e-01 7.396700978279113770e-01 1.153533756732940674e-01
2.995360700879245996e-04 3.866235419991426170e-05 1.733176857233047485e-01 8.263440728187561035e-01
3.396392334252595901e-03 8.821961879730224609e-01 8.441293612122535706e-04 1.135632395744323730e-01
4.737166455015540123e-04 9.954602718353271484e-01 1.882910262793302536e-03 2.183130243793129921e-03
