8.918629884719848633e-01 7.979237288236618042e-02 9.266515262424945831e-03 1.907804422080516815e-02
6.145976856350898743e-02 3.873541578650474548e-02 8.988443017005920410e-01 9.605439263395965099e-04
2.159682363271713257e-01 7.801263928413391113e-01 1.610259641893208027e-03 2.295120852068066597e-03
1.473810523748397827e-01 1.332513638772070408e-04 5.840647034347057343e-03 8.466450572013854980e-01
9.792343974113464355e-01 1.606036908924579620e-02 3.187304828315973282e-04 4.386521875858306885e-03
4.129694571020081639e-05 1.107774878619238734e-04 9.998397827148437500e-01 8.178888492693658918e-06
4.359862208366394043e-02 6.584621034562587738e-03 9.471089839935302734e-01 2.707738429307937622e-03
8.903674483299255371e-01 8.861900120973587036e-02 2.085302956402301788e-02 1.604397693881765008e-04
1.129228621721267700e-05 8.050757605815306306e-05 2.233270369470119476e-02 9.775754809379577637e-01
1.278167910641059279e-04 9.581808262737467885e-05 8.006808161735534668e-01 1.990955621004104614e-01
1.449331920593976974e-02 9.442008100450038910e-03 3.919540345668792725e-02 9.368692636489868164e-01
2.941364189609885216e-03 6.715036630630493164e-01 4.003633931279182434e-02 2.855186164379119873e-01
