6.058251074136933312e-06 6.889962378409109078e-07 9.999930262565612793e-01 1.824022319851792417e-07
6.940063904039561749e-04 6.570525874849408865e-05 8.425754458585288376e-06 9.992318749427795410e-01
9.986257553100585938e-01 6.820522685302421451e-05 1.082099624909460545e-03 2.238378656329587102e-04
1.064685285091400146e-01 1.340827730018645525e-04 3.538104647304862738e-05 8.933620452880859375e-01
9.985389113426208496e-01 6.951164323254488409e-06 1.350827515125274658e-03 1.033126318361610174e-04
4.956042394042015076e-04 1.922015508171170950e-04 9.970531463623046875e-01 2.259092172607779503e-03
2.050484035862609744e-04 9.988479614257812500e-01 8.932956843636929989e-04 5.368869460653513670e-05
7.662483767489902675e-06 1.495863310992717743e-02 9.850245714187622070e-01 9.151872291113249958e-06
8.967279791831970215e-01 9.924892336130142212e-02 1.395360595779493451e-04 3.883614437654614449e-03
9.951061606407165527e-01 4.401345737278461456e-03 4.685186722781509161e-04 2.402741847618017346e-05
4.156625270843505859e-01 5.818366408348083496e-01 5.003095429856330156e-05 2.450920408591628075e-03
6.390038761310279369e-04 2.067295426968485117e-04 6.035234491719165817e-06 9.991482496261596680e-01
