8.365381360054016113e-01 1.622453033924102783e-01 1.126146875321865082e-03 9.043054888024926186e-05
1.170523581095039845e-03 8.240611292421817780e-03 8.999680280685424805e-01 9.062085300683975220e-02
9.850005153566598892e-04 7.850524783134460449e-02 9.174420833587646484e-01 3.067671786993741989e-03
4.679807275533676147e-02 1.012630178593099117e-03 8.343299627304077148e-01 1.178593412041664124e-01
3.503095285850577056e-05 7.440778017044067383e-01 1.967751304619014263e-04 2.556903064250946045e-01
2.293006446052459069e-06 9.972571134567260742e-01 2.829716831911355257e-04 2.457552123814821243e-03
9.533330798149108887e-01 3.338389843702316284e-02 1.326715759932994843e-02 1.583663834026083350e-05
8.301593661308288574e-01 3.579250350594520569e-02 1.180360540747642517e-01 1.601205207407474518e-02
8.915013074874877930e-01 3.066867124289274216e-03 1.021288931369781494e-01 3.302932949736714363e-03
1.249432989425258711e-05 9.999817013740539551e-01 1.525424636383831967e-06 4.256256943335756660e-06
7.932128937682136893e-06 9.990603327751159668e-01 9.337040683021768928e-05 8.384003886021673679e-04
5.047682672739028931e-03 9.898104071617126465e-01 7.991549500729888678e-05 5.061894189566373825e-03
