1.486185149534429166e-17 1.000000000000000000e+00 8.819687202787918068e-09 2.323059062822596665e-12
9.999942183494567871e-01 8.383718699325026075e-18 5.788857379229739308e-06 7.716675063697275849e-13
9.989675283432006836e-01 1.637709878734433522e-13 1.032093307003378868e-03 3.444533263063931372e-07
1.471360949745204039e-10 4.700587792269561582e-13 1.000000000000000000e+00 2.116478433483726107e-12
1.592450064978911440e-17 1.000000000000000000e+00 1.172663922323993390e-24 6.522096751560013672e-11
4.220660230203066021e-07 9.999950528144836426e-01 5.347120046154381966e-21 4.592837740347022191e-06
2.060229320477446890e-08 1.000000000000000000e+00 3.303031405246098506e-13 8.087831737668693677e-09
2.605536446320666499e-12 6.857313650243668235e-08 9.831474423408508301e-01 1.685251109302043915e-02
9.485773944106767885e-09 9.999990463256835938e-01 1.598150848176839098e-15 9.284661928177229129e-07
1.000000000000000000e+00 1.351642972893807304e-12 8.369674731056875316e-09 1.506680002982818678e-09
1.114191516826679162e-10 2.320461314417321397e-12 2.164004615708863721e-24 1.000000000000000000e+00
1.764565809025953058e-07 3.964806705170076384e-09 9.999998211860656738e-01 3.842155326533314152e-12
