1.950231008231639862e-02 9.789493083953857422e-01 1.533019240014255047e-03 1.533944487164262682e-05
3.308868690510280430e-05 8.611207595095038414e-04 9.987604022026062012e-01 3.454094403423368931e-04
1.224994543008506298e-03 9.984694719314575195e-01 3.045375342480838299e-04 1.026270183501765132e-06
1.477333739785535727e-06 9.999976158142089844e-01 8.500203989569854457e-07 1.039388664025864273e-07
5.365912802517414093e-03 6.651852891081944108e-05 9.705380201339721680e-01 2.402958087623119354e-02
2.520280831959098577e-04 6.428320705890655518e-02 4.147241997998207808e-04 9.350500106811523438e-01
4.359793383628129959e-04 9.920224547386169434e-01 7.442618254572153091e-03 9.896299889078363776e-05
9.168169526674319059e-06 9.906936287879943848e-01 2.073888201266527176e-03 7.223318796604871750e-03
9.998340010643005371e-01 1.872776351774518844e-06 5.011751272832043469e-05 1.140428139478899539e-04
2.496149500075262040e-05 9.993278384208679199e-01 7.359232404269278049e-05 5.735880113206803799e-04
9.999176263809204102e-01 4.331726449890993536e-05 3.867582563543692231e-05 3.526825196331628831e-07
9.932165312420693226e-07 2.332223630219232291e-05 1.299735913562471978e-06 9.999743700027465820e-01
