3.830985860986402258e-06 9.914559721946716309e-01 8.441021665930747986e-03 9.915693226503208280e-05
9.152232408523559570e-01 1.683493703603744507e-02 1.057230960577726364e-02 5.736944079399108887e-02
7.955055480124428868e-05 9.991988539695739746e-01 3.168372859363444149e-05 6.899175350554287434e-04
6.017378182150423527e-04 8.853769302368164062e-01 4.674682766199111938e-02 6.727437674999237061e-02
8.968282827481743880e-07 9.992100000381469727e-01 1.849216787377372384e-04 6.041101296432316303e-04
3.719322755932807922e-02 7.602775096893310547e-02 4.986384510993957520e-02 8.369152545928955078e-01
3.130654618144035339e-02 6.351318443194031715e-04 1.045811441144905984e-04 9.679537415504455566e-01
4.223226383328437805e-02 3.003821708261966705e-03 7.330696284770965576e-02 8.814569711685180664e-01
1.615927794773597270e-05 9.995716810226440430e-01 3.011294757016003132e-04 1.110478915506973863e-04
9.994911551475524902e-01 2.481897827237844467e-04 1.095907209673896432e-04 1.510918373242020607e-04
5.815935583086684346e-05 3.817163815256208181e-05 9.807767868041992188e-01 1.912688277661800385e-02
9.908087253570556641e-01 1.012082066154107451e-04 8.420729078352451324e-03 6.693460745736956596e-04
