5.081079434603452682e-03 2.238647267222404480e-02 9.708007574081420898e-01 1.731660915538668633e-03
3.030142806892399676e-06 9.692542552947998047e-01 4.347984795458614826e-04 3.030788898468017578e-02
1.847061525950266514e-06 1.531927591713611037e-05 9.999825954437255859e-01 2.117748181262868457e-07
4.631444880942581221e-06 3.303073390270583332e-05 9.996312260627746582e-01 3.310582251287996769e-04
8.494501526001840830e-05 9.907417297363281250e-01 3.903548233211040497e-03 5.269772838801145554e-03
1.855949871242046356e-02 7.017425959929823875e-04 9.801343083381652832e-01 6.044902838766574860e-04
1.021128118736669421e-04 3.059463342651724815e-04 2.371299342485144734e-04 9.993548393249511719e-01
9.973840117454528809e-01 1.559446449391543865e-03 5.570350913330912590e-04 4.995305207557976246e-04
2.536025363951921463e-03 9.974224567413330078e-01 3.404323433642275631e-05 7.445127721439348534e-06
2.013122662901878357e-03 5.961310118436813354e-03 1.907415253299404867e-06 9.920236468315124512e-01
7.236554210976464674e-06 9.999784231185913086e-01 4.385754834856925299e-07 1.393783259118208662e-05
1.554733898956328630e-05 1.033609658479690552e-01 4.549080878496170044e-02 8.511326313018798828e-01
