3.672643506433814764e-04 1.256141066551208496e-02 9.870622158050537109e-01 9.073685760085936636e-06
1.206876710057258606e-03 1.107375428546220064e-04 9.984037876129150391e-01 2.785891992971301079e-04
9.431238286197185516e-04 9.934123158454895020e-01 5.639355164021253586e-03 5.217832949711009860e-06
5.040495307184755802e-04 6.372987991198897362e-04 9.721777439117431641e-01 2.668096497654914856e-02
5.080628325231373310e-04 8.076632395386695862e-03 6.186114158481359482e-03 9.852291941642761230e-01
7.240021659526973963e-05 1.185448563774116337e-04 2.040959370788186789e-04 9.996050000190734863e-01
9.668504595756530762e-01 6.069543305784463882e-03 1.187555026262998581e-02 1.520450692623853683e-02
8.968723416328430176e-01 8.015951607376337051e-04 8.650112152099609375e-02 1.582490839064121246e-02
8.976979879662394524e-04 9.988353848457336426e-01 7.140470188460312784e-07 2.662061597220599651e-04
7.159708911785855889e-05 3.069949889322742820e-05 9.995976090431213379e-01 3.000410215463489294e-04
9.977434277534484863e-01 2.216207562014460564e-03 1.363618048344505951e-05 2.681314072106033564e-05
9.997310042381286621e-01 2.492091734893620014e-04 7.732374797342345119e-06 1.205050739372381940e-05
