5.320181571732973680e-06 1.206474564969539642e-02 9.878457188606262207e-01 8.415436604991555214e-05
1.056675799190998077e-03 9.186446666717529297e-01 1.027055829763412476e-02 7.002807408571243286e-02
8.821842129691503942e-06 2.619033621158450842e-04 9.988943934440612793e-01 8.348265546374022961e-04
9.998228549957275391e-01 6.062608008505776525e-05 2.287184088345384225e-06 1.142521723522804677e-04
1.180502236820757389e-03 7.875920855440199375e-04 1.706521288724616170e-04 9.978612661361694336e-01
7.953658496262505651e-06 9.999880194664001465e-01 5.232985813563573174e-07 3.463146413196227513e-06
5.284258630126714706e-03 1.205089385621249676e-03 1.548069529235363007e-03 9.919625520706176758e-01
3.155333397444337606e-04 9.995508790016174316e-01 1.308736391365528107e-04 2.627146614031516947e-06
9.995899796485900879e-01 1.630914630368351936e-04 2.091841888613998890e-04 3.775750519707798958e-05
5.106659955345094204e-04 1.068040292011573911e-04 9.990690350532531738e-01 3.134847502224147320e-04
9.698679205030202866e-04 9.982361793518066406e-01 7.663326869078446180e-06 7.863257778808474541e-04
1.246525091119110584e-03 9.968271851539611816e-01 1.573484587424900383e-05 1.910472055897116661e-03
