1.250647157430648804e-01 1.139497309923171997e-01 4.108089208602905273e-02 7.199046611785888672e-01
9.364537000656127930e-01 1.590742031112313271e-04 7.394514977931976318e-03 5.599271133542060852e-02
4.684195118898060173e-06 3.473900724202394485e-04 4.232025457895360887e-05 9.996055960655212402e-01
4.285715520381927490e-03 1.969241946935653687e-01 3.898273687809705734e-03 7.948918342590332031e-01
1.382883340120315552e-01 3.988318610936403275e-03 1.610883139073848724e-02 8.416146039962768555e-01
4.032082870253361762e-06 2.658793032169342041e-01 1.208856003358960152e-03 7.329078316688537598e-01
9.990527033805847168e-01 1.188362803077325225e-04 7.921478390926495194e-05 7.491564028896391392e-04
9.967911839485168457e-01 2.884714631363749504e-03 2.497554232832044363e-04 7.437443855451419950e-05
9.954566955566406250e-01 1.916743058245629072e-04 4.297995474189519882e-03 5.359619899536482990e-05
1.271190285478951409e-05 9.997305274009704590e-01 2.753307308012153953e-05 2.292035642312839627e-04
4.881883069174364209e-05 9.865908026695251465e-01 8.979789912700653076e-03 4.380562342703342438e-03
1.609380990266799927e-01 4.598278974299319088e-05 1.462228538002818823e-04 8.388696908950805664e-01
