9.977421164512634277e-01 4.727690829895436764e-04 1.752759795635938644e-03 3.238264253013767302e-05
7.214708328247070312e-01 1.678336957411374897e-05 7.210388779640197754e-02 2.064085453748703003e-01
1.103450267692096531e-05 9.995397925376892090e-01 4.479618510231375694e-04 1.137195113187772222e-06
7.369616923824651167e-06 2.303377026692032814e-03 8.997914791107177734e-01 9.789769351482391357e-02
2.824975581461330876e-06 9.711861014366149902e-01 2.661048062145709991e-02 2.200596500188112259e-03
4.407036976772360504e-05 6.760207936167716980e-03 9.912475943565368652e-01 1.948128221556544304e-03
9.998463392257690430e-01 7.245366305141942576e-06 8.938494283938780427e-05 5.705310832126997411e-05
1.420883345417678356e-04 5.404652096331119537e-03 9.841365218162536621e-01 1.031676959246397018e-02
3.439540932959062047e-06 9.999484419822692871e-01 8.689474384482309688e-07 4.726651968667283654e-05
6.876479164930060506e-05 3.605461097322404385e-04 5.755878519266843796e-04 9.989951252937316895e-01
2.446139660605695099e-05 6.093156844144687057e-05 9.998402595520019531e-01 7.433388236677274108e-05
7.129120785975828767e-05 1.359492307528853416e-03 9.981780052185058594e-01 3.911812964361160994e-04
