1.634806045331060886e-03 8.545020967721939087e-02 8.168244361877441406e-02 8.312325477600097656e-01
2.163305452995700762e-06 1.718816310167312622e-01 5.765572495874948800e-05 8.280585408210754395e-01
8.517725467681884766e-01 1.621328920009545982e-05 3.139386826660484076e-04 1.478972882032394409e-01
1.652519858907908201e-05 6.513516418635845184e-04 9.118175512412562966e-05 9.992409348487854004e-01
7.158830165863037109e-01 2.508499310351908207e-04 2.383540868759155273e-01 4.551201686263084412e-02
7.444643415510654449e-05 5.213741587795084342e-06 9.676471948623657227e-01 3.227311745285987854e-02
7.799708247184753418e-01 2.182048559188842773e-01 2.742281067185103893e-04 1.550138229504227638e-03
6.826900516898604110e-06 3.311411637696437538e-05 9.999493360519409180e-01 1.074234205589164048e-05
8.695810437202453613e-01 1.162764802575111389e-01 1.339516165899112821e-04 1.400854717940092087e-02
2.284607471665367484e-04 8.525994420051574707e-01 1.471615135669708252e-01 1.065749347617384046e-05
9.990808963775634766e-01 8.162477024598047137e-05 7.409378886222839355e-04 9.655482426751405001e-05
8.506105514243245125e-04 7.424325346946716309e-01 9.059979347512125969e-04 2.558108866214752197e-01
