9.960246086120605469e-01 1.283411169424653053e-03 1.397075247950851917e-03 1.294902176596224308e-03
9.958993792533874512e-01 3.046406789053435205e-07 4.100321326404809952e-03 1.118009439367295688e-12
2.819891542493735415e-11 5.011441046023440378e-25 5.107952952384948730e-01 4.892046451568603516e-01
1.000000000000000000e+00 1.593125309657405595e-35 9.966850456066822517e-09 1.267398246559427698e-15
1.000000000000000000e+00 1.209567303543619260e-32 4.227997726560838066e-41 1.377509432738273343e-16
1.000000000000000000e+00 4.612757193982642278e-30 3.714226398024474909e-33 1.441466119821199193e-21
9.237252473831176758e-01 7.863633072702214122e-05 1.616492631965581726e-16 7.619607448577880859e-02
2.488582603876743349e-11 2.843464987037656660e-16 1.434411264896948146e-13 1.000000000000000000e+00
4.963110089302062988e-01 4.122836732520793537e-15 5.036889910697937012e-01 1.708738595063152843e-09
1.342444738838821650e-05 9.999864697456359863e-01 4.083656968134619092e-09 1.570208070234002662e-07
1.000000000000000000e+00 1.725635738895054511e-17 7.135469860962852054e-19 5.927228154224681778e-29
1.015660446137189865e-02 1.988727785646915436e-02 8.513721823692321777e-02 8.848188519477844238e-01
