9.976148009300231934e-01 1.724641420878469944e-03 2.255608160339761525e-05 6.379931583069264889e-04
9.967630030587315559e-04 4.564721137285232544e-02 9.474115967750549316e-01 5.944435019046068192e-03
1.464480161666870117e-02 1.415978884324431419e-03 7.593315243721008301e-01 2.246077507734298706e-01
1.518060744274407625e-04 9.996316432952880859e-01 5.636437890643719584e-06 2.109273482346907258e-04
2.867253422737121582e-01 5.079307593405246735e-03 1.373003423213958740e-02 6.944652795791625977e-01
3.830866990028880537e-05 9.602045416831970215e-01 3.972537443041801453e-02 3.184708475600928068e-05
8.709129691123962402e-01 3.246557433158159256e-03 4.753090906888246536e-03 1.210874095559120178e-01
1.559508144855499268e-01 3.338073194026947021e-02 8.106640577316284180e-01 4.446329057827824727e-06
1.246454212378012016e-05 2.031912654638290405e-02 9.790112376213073730e-01 6.572318961843848228e-04
1.283974415855482221e-04 1.211866037920117378e-03 2.557293009886052459e-05 9.986341595649719238e-01
8.339134454727172852e-01 1.948858698597177863e-04 1.194714829325675964e-01 4.642019048333168030e-02
6.777960152248851955e-06 9.999836683273315430e-01 6.278247838054085150e-06 3.256166110077174380e-06
