8.784450888633728027e-01 1.024353578686714172e-01 1.849882118403911591e-02 6.206698017194867134e-04
3.213957097614184022e-05 4.213936254382133484e-02 4.838117165490984917e-04 9.573447108268737793e-01
1.610415638424456120e-03 7.939798235893249512e-01 2.041081041097640991e-01 3.015974943991750479e-04
9.981623291969299316e-01 1.181029729195870459e-04 1.706166425719857216e-03 1.330929899268085137e-05
1.114910915493965149e-01 1.458688825368881226e-02 1.377814412117004395e-01 7.361405491828918457e-01
3.493002805043943226e-05 1.128367241472005844e-02 8.237895235652104020e-05 9.885990023612976074e-01
6.832356302766129375e-05 1.813518255949020386e-01 7.965528964996337891e-01 2.202695794403553009e-02
7.558372203675389756e-07 5.622406388283707201e-05 9.995815753936767578e-01 3.614432644098997116e-04
3.862493112683296204e-02 3.166511422023177147e-03 2.851387113332748413e-02 9.296947121620178223e-01
2.368460968136787415e-02 6.007964722812175751e-03 3.252012655138969421e-03 9.670554399490356445e-01
2.103190403431653976e-03 7.364342920482158661e-03 8.362758755683898926e-01 1.542565524578094482e-01
8.532891273498535156e-01 1.460283674532547593e-04 1.460507363080978394e-01 5.141615984030067921e-04
