7.827914357185363770e-01 7.923661614768207073e-04 4.079429432749748230e-02 1.756218373775482178e-01
1.232251815963536501e-04 2.941223101515788585e-05 1.654192209243774414e-01 8.344280719757080078e-01
9.997186660766601562e-01 1.299563009524717927e-04 1.456906611565500498e-04 5.694323135685408488e-06
9.599439501762390137e-01 3.466044290689751506e-05 4.781789612025022507e-03 3.523959964513778687e-02
1.669691409915685654e-03 1.653186529874801636e-01 7.748069763183593750e-01 5.820467323064804077e-02
5.003541082260198891e-05 9.995242357254028320e-01 4.168894665781408548e-04 8.912433258956298232e-06
2.305927313864231110e-02 1.213886588811874390e-01 8.763742633163928986e-03 8.467883467674255371e-01
9.447966003790497780e-04 2.619304577820003033e-04 1.713777965051122010e-05 9.987760782241821289e-01
2.002709079533815384e-04 3.425075556151568890e-04 8.741053938865661621e-01 1.253518760204315186e-01
2.562053799629211426e-01 2.494810614734888077e-03 2.591683296486735344e-04 7.410406470298767090e-01
6.060720188543200493e-04 5.230181850492954254e-04 9.988147616386413574e-01 5.607279672403819859e-05
6.912719607353210449e-01 7.390059065073728561e-03 4.408126324415206909e-02 2.572566866874694824e-01
