8.691428303718566895e-01 1.532435324043035507e-02 6.047620996832847595e-02 5.505653843283653259e-02
1.669138582656159997e-04 1.227291971445083618e-01 8.769496083259582520e-01 1.543147955089807510e-04
6.223297532415017486e-05 1.269116345793008804e-02 1.997404324356466532e-04 9.870468378067016602e-01
5.467690993100404739e-03 2.374351955950260162e-03 4.464853927493095398e-02 9.475094079971313477e-01
9.535952121950685978e-04 4.634445358533412218e-04 7.102713425410911441e-05 9.985119104385375977e-01
1.412204466760158539e-03 1.308809667825698853e-01 1.139952801167964935e-02 8.563073277473449707e-01
8.398190257139503956e-04 1.064268508343957365e-04 1.563513592373055872e-06 9.990521669387817383e-01
1.883750548586249352e-03 9.547295980155467987e-03 4.890162963420152664e-04 9.880799055099487305e-01
1.121247260016389191e-05 1.024248194880783558e-04 9.998498558998107910e-01 3.649956488516181707e-05
9.856260418891906738e-01 8.646494243294000626e-04 1.341054681688547134e-02 9.882252925308421254e-05
8.847792148590087891e-01 7.976049528224393725e-05 1.141688451170921326e-01 9.721147944219410419e-04
8.307387906825169921e-05 1.707897055894136429e-03 2.168175391852855682e-02 9.765272736549377441e-01
