8.389770388603210449e-01 1.590843051671981812e-01 1.052205218002200127e-03 8.864306146278977394e-04
9.978110194206237793e-01 3.109282697550952435e-04 4.059355342178605497e-05 1.837397110648453236e-03
9.719838947057723999e-02 8.247209191322326660e-01 7.795723527669906616e-02 1.235160743817687035e-04
1.169374212622642517e-01 6.783494609408080578e-05 1.016897513181902468e-04 8.828930258750915527e-01
1.720633445074781775e-04 7.779523730278015137e-02 2.813731225614901632e-05 9.220045208930969238e-01
9.667053818702697754e-04 9.983969330787658691e-01 4.068087728228420019e-04 2.295688318554311991e-04
9.599383920431137085e-02 8.266651630401611328e-01 3.937745466828346252e-02 3.796358779072761536e-02
1.384748960845172405e-03 2.482330273778643459e-05 8.221089094877243042e-02 9.163795709609985352e-01
2.913411473855376244e-03 5.249042063951492310e-02 9.390982985496520996e-01 5.497875623404979706e-03
3.158354275001329370e-06 9.999585747718811035e-01 3.357730383868329227e-05 4.594591246132040396e-06
4.081081715412437916e-05 7.468907278962433338e-04 3.624205055530183017e-05 9.991760849952697754e-01
3.222207624276052229e-06 2.435402420815080404e-04 9.997453093528747559e-01 7.860255209379829466e-06
