2.716384369705338031e-05 8.222687174566090107e-04 9.985638260841369629e-01 5.866807186976075172e-04
3.383348666829988360e-05 3.012422285974025726e-02 9.698384404182434082e-01 3.496184035611804575e-06
2.234876228612847626e-05 9.996513128280639648e-01 2.883874694816768169e-04 3.793651558225974441e-05
2.263242276967503130e-05 2.231378667056560516e-02 9.776238203048706055e-01 3.970621401094831526e-05
2.237826993223279715e-05 9.741613268852233887e-01 4.460640775505453348e-04 2.537017501890659332e-02
9.973759055137634277e-01 2.440287964418530464e-03 7.737055420875549316e-05 1.063798990799114108e-04
1.439779880456626415e-04 4.132891626795753837e-05 9.998026490211486816e-01 1.199596499645849690e-05
9.987207651138305664e-01 4.069707647431641817e-04 6.243762618396431208e-05 8.098600665107369423e-04
9.551640152931213379e-01 1.266178791411221027e-03 1.000323798507452011e-02 3.356662020087242126e-02
9.987553954124450684e-01 4.537896311376243830e-04 6.939512677490711212e-04 9.689807484392076731e-05
9.999771118164062500e-01 3.030359948752447963e-06 1.582106619935075287e-06 1.831596819101832807e-05
4.920330643653869629e-02 4.109845962375402451e-03 9.461604952812194824e-01 5.263614002615213394e-04
