9.996161460876464844e-01 2.749042323557659984e-06 4.942767554894089699e-05 3.316823858767747879e-04
8.020937442779541016e-02 3.067398574785329401e-05 3.552506968844681978e-04 9.194046854972839355e-01
1.703761667013168335e-01 1.766195200616493821e-04 8.294222950935363770e-01 2.493222382327076048e-05
2.335559838684275746e-04 4.500673152506351471e-03 1.693128433544188738e-04 9.950964450836181641e-01
6.983613129705190659e-04 1.250053523108363152e-03 9.613608717918395996e-01 3.669064119458198547e-02
8.452118933200836182e-02 2.506914362311363220e-02 5.270827678032219410e-04 8.898826241493225098e-01
8.909664466045796871e-04 1.498883008025586605e-03 3.207521785952849314e-06 9.976069331169128418e-01
2.772184416244272143e-05 3.258363221902982332e-06 9.999535083770751953e-01 1.548329237266443670e-05
9.351126095680228900e-07 3.622559006544179283e-06 9.987727999687194824e-01 1.222699182108044624e-03
7.286733388900756836e-01 1.475215889513492584e-03 2.645134329795837402e-01 5.337939132004976273e-03
6.387323810486122966e-05 7.943156361579895020e-01 1.846457719802856445e-01 2.097480930387973785e-02
4.072309732437133789e-01 3.347075544297695160e-03 5.398193374276161194e-02 5.354399681091308594e-01
