3.331754996906965971e-04 7.697726250626146793e-04 5.510608389158733189e-05 9.988419413566589355e-01
9.982789754867553711e-01 1.638630172237753868e-03 3.985363218816928566e-05 4.256736065144650638e-05
2.111368579789996147e-03 9.964226484298706055e-01 7.558954530395567417e-05 1.390349003486335278e-03
1.417623460292816162e-01 7.404533624649047852e-01 1.113534439355134964e-03 1.166707202792167664e-01
1.283364892005920410e-01 1.766952118487097323e-05 1.413925019733142108e-05 8.716317415237426758e-01
2.363274339586496353e-03 2.321347780525684357e-02 8.336961269378662109e-01 1.407270729541778564e-01
2.283153116877656430e-05 1.307899801759049296e-04 9.997051954269409180e-01 1.411466364515945315e-04
5.982444807887077332e-02 8.051040822465438396e-06 9.291812181472778320e-01 1.098631601780653000e-02
9.934250712394714355e-01 6.515307817608118057e-03 7.234999088723270688e-07 5.889711246709339321e-05
6.582250352948904037e-05 1.160299987532198429e-03 9.984384775161743164e-01 3.354172513354569674e-04
9.005177617073059082e-01 1.123724970966577530e-03 6.679074466228485107e-02 3.156781941652297974e-02
8.835848569869995117e-01 3.035647969227284193e-04 1.161030605435371399e-01 8.567888471588958055e-06
