5.096789682283997536e-04 4.399518002173863351e-05 8.001446258276700974e-05 9.993662834167480469e-01
9.955026507377624512e-01 3.400215646252036095e-03 6.347366434056311846e-05 1.033628941513597965e-03
5.745216039940714836e-04 1.307935565710067749e-01 8.686237931251525879e-01 8.080079169303644449e-06
8.476719856262207031e-01 3.667968884110450745e-02 1.862104982137680054e-03 1.137862429022789001e-01
1.845619454979896545e-02 4.220339760649949312e-04 9.035505056381225586e-01 7.757127285003662109e-02
7.641708361916244030e-04 3.500041738152503967e-02 2.504490548744797707e-04 9.639849662780761719e-01
5.998154636472463608e-03 5.286524295806884766e-01 4.825044015888124704e-04 4.648669660091400146e-01
4.606469534337520599e-03 1.422813627868890762e-03 1.510942005552351475e-03 9.924597740173339844e-01
5.584182143211364746e-01 2.451923675835132599e-03 1.307779252529144287e-01 3.083519637584686279e-01
9.923743605613708496e-01 8.562953735236078501e-05 4.350720904767513275e-03 3.189350478351116180e-03
5.493889451026916504e-01 1.561134238727390766e-03 4.482693672180175781e-01 7.805959321558475494e-04
9.835380315780639648e-01 1.028512325137853622e-02 1.834333670558407903e-04 5.993361584842205048e-03
