2.407803549431264400e-05 9.998373985290527344e-01 1.349866465716331732e-06 1.372498081764206290e-04
2.205693272117059678e-05 5.047233571531251073e-06 7.139570661820471287e-04 9.992589354515075684e-01
9.870526790618896484e-01 1.291998568922281265e-02 3.109133558609755710e-06 2.411153036518953741e-05
2.714343427214771509e-04 7.242635637521743774e-02 8.674602577229961753e-05 9.272154569625854492e-01
6.822053546784445643e-05 3.459975414443761110e-05 1.081453301594592631e-04 9.997890591621398926e-01
2.475863311701687053e-06 1.354966843791771680e-05 1.299197552725672722e-03 9.986848235130310059e-01
3.461098531261086464e-04 1.413386053172871470e-05 1.421410683542490005e-02 9.854256510734558105e-01
2.423325739800930023e-02 1.401509046554565430e-01 1.550400396808981895e-03 8.340654969215393066e-01
1.790823228657245636e-02 2.765975950751453638e-04 1.261592551600188017e-04 9.816889762878417969e-01
1.389046106487512589e-02 7.116552442312240601e-04 1.900549605488777161e-02 9.663923382759094238e-01
1.429456278856378049e-05 9.989491105079650879e-01 1.023421180434525013e-03 1.313928987656254321e-05
9.968452453613281250e-01 7.471457938663661480e-04 2.210906706750392914e-03 1.967107527889311314e-04
