9.998413920402526855e-01 5.531457281904295087e-05 1.025280071189627051e-04 7.383687261608429253e-07
1.665779564063996077e-04 5.831362796016037464e-05 3.793448582291603088e-02 9.618406295776367188e-01
8.327923417091369629e-01 6.926790956640616059e-05 2.553282305598258972e-03 1.645851135253906250e-01
2.139777094125747681e-01 6.040605306625366211e-01 2.557003972469829023e-05 1.819361448287963867e-01
8.919976949691772461e-01 2.889142160711344332e-05 5.954563675913959742e-05 1.079139411449432373e-01
1.345881074666976929e-01 1.504848660260904580e-05 6.241049170494079590e-01 2.412918806076049805e-01
1.079476933227851987e-04 9.998762011528015137e-01 1.439246443624142557e-05 1.435139324712508824e-06
1.595487265149131417e-05 9.983689785003662109e-01 1.264634076505899429e-03 3.504534543026238680e-04
3.135646111331880093e-04 9.451919198036193848e-01 9.979358874261379242e-04 5.349661037325859070e-02
4.436212839209474623e-05 7.938368245959281921e-03 9.919707775115966797e-01 4.646676097763702273e-05
4.745148867368698120e-02 1.489913165569305420e-01 8.018361926078796387e-01 1.721058040857315063e-03
3.751094845938496292e-05 4.890213313046842813e-05 9.997773170471191406e-01 1.362925977446138859e-04
