1.623579919396433979e-05 5.617905990220606327e-04 1.470949798822402954e-01 8.523269891738891602e-01
2.693953433663409669e-07 4.459765623323619366e-04 7.376725319772958755e-03 9.921770095825195312e-01
4.395745322108268738e-02 1.219962388277053833e-01 5.678920424543321133e-04 8.334784507751464844e-01
3.994867950677871704e-02 3.545445506460964680e-04 1.753422897309064865e-03 9.579433798789978027e-01
1.479715228924760595e-05 9.914713501930236816e-01 4.593377932906150818e-03 3.920446150004863739e-03
1.606906153028830886e-05 1.019668430089950562e-01 1.660901457071304321e-01 7.319269180297851562e-01
5.447193980216979980e-03 2.076031640172004700e-03 1.335435956716537476e-01 8.589332103729248047e-01
5.007386207580566406e-04 1.815188443288207054e-05 3.524173807818442583e-04 9.991286396980285645e-01
9.976022243499755859e-01 8.021617541089653969e-04 3.481789317447692156e-04 1.247463049367070198e-03
7.132016420364379883e-01 1.879104238469153643e-04 1.682402342557907104e-01 1.183701679110527039e-01
9.373809695243835449e-01 1.873736910056322813e-04 3.371952101588249207e-02 2.871216647326946259e-02
1.322445343248546124e-03 9.682321548461914062e-01 3.017854876816272736e-02 2.668272936716675758e-04
