1.330152153968811035e-01 7.124935090541839600e-02 1.368333399295806885e-01 6.589021086692810059e-01
1.090931327780708671e-04 1.786149889230728149e-01 9.477287530899047852e-03 8.117985725402832031e-01
2.973703667521476746e-03 1.105448510497808456e-02 2.233704290119931102e-04 9.857484102249145508e-01
2.005008747801184654e-03 7.705956697463989258e-01 1.705026030540466309e-01 5.689664185047149658e-02
5.143580710864625871e-05 8.071405887603759766e-01 4.326186608523130417e-04 1.923753768205642700e-01
3.371555358171463013e-03 5.747257918119430542e-02 8.536762557923793793e-03 9.306190609931945801e-01
5.464406311511993408e-02 2.046400186372920871e-04 9.451508522033691406e-01 4.592212690113228746e-07
6.730255699949339032e-05 9.884604215621948242e-01 2.086688531562685966e-03 9.385579265654087067e-03
9.409459829330444336e-01 4.807335138320922852e-02 5.654660344589501619e-05 1.092419307678937912e-02
1.514597806817619130e-05 1.554808020591735840e-01 8.444446921348571777e-01 5.931431223871186376e-05
4.224947042530402541e-05 3.340930640697479248e-01 6.658529639244079590e-01 1.180600611405679956e-05
2.250910029033548199e-06 2.223890805908013135e-05 9.998685717582702637e-01 1.069523495971225202e-04
