1.658839391893707216e-05 3.460947084477083990e-07 8.236527210101485252e-04 9.991593956947326660e-01
8.639953011879697442e-05 2.020113617181777954e-01 6.920755840837955475e-04 7.972100973129272461e-01
1.415283186361193657e-04 3.690536232170416042e-06 2.863937697838991880e-05 9.998261332511901855e-01
4.546223580837249756e-02 7.215876132249832153e-02 8.870963938534259796e-04 8.814918994903564453e-01
6.651579141616821289e-01 4.915826139040291309e-05 2.139936685562133789e-01 1.207992509007453918e-01
1.515265703201293945e-01 7.714137900620698929e-03 2.710652165114879608e-02 8.136527538299560547e-01
6.283708898990880698e-06 9.998235106468200684e-01 1.645390730118378997e-04 5.689265435648849234e-06
4.837250889977440238e-05 9.986051321029663086e-01 1.308687962591648102e-03 3.781417399295605719e-05
2.058769314317032695e-05 9.901061058044433594e-01 9.806644171476364136e-03 6.667837442364543676e-05
7.565923929214477539e-01 9.715831279754638672e-02 1.461065262556076050e-01 1.428552641300484538e-04
2.420094460248947144e-01 1.168081769719719887e-03 7.566220164299011230e-01 2.004965936066582799e-04
4.358829464763402939e-03 5.500673055648803711e-01 4.448408782482147217e-01 7.329283398576080799e-04
