2.894709359679836780e-05 3.382330396561883390e-05 9.970145225524902344e-01 2.922697924077510834e-03
2.390165068209171295e-02 1.343782059848308563e-02 1.529592373117338866e-05 9.626452326774597168e-01
2.170802190448739566e-06 9.771882891654968262e-01 2.277169004082679749e-02 3.789412585319951177e-05
1.487878616899251938e-04 4.060627179569564760e-05 9.997999072074890137e-01 1.071709357347572222e-05
1.054156018653884530e-04 4.285649338271468878e-04 9.992741942405700684e-01 1.918619527714326978e-04
1.612240821123123169e-02 1.343860328197479248e-01 2.294662743806838989e-01 6.200252771377563477e-01
2.380621619522571564e-02 9.752523899078369141e-01 9.358806419186294079e-04 5.524297648662468418e-06
1.659706048667430878e-02 2.637488651089370251e-04 9.831351637840270996e-01 4.009008534922031686e-06
5.140706431120634079e-03 9.945140480995178223e-01 2.511367201805114746e-04 9.404923912370577455e-05
1.845127117121592164e-04 4.414016075315885246e-06 9.989740848541259766e-01 8.369480492547154427e-04
5.594214599113911390e-05 9.999078512191772461e-01 2.014817073359154165e-05 1.596391666680574417e-05
2.065243752440437675e-04 1.177271769847720861e-05 7.044169469736516476e-04 9.990772604942321777e-01
