7.929849624633789062e-02 8.998749256134033203e-01 6.679723039269447327e-03 1.414686162024736404e-02
1.808832287788391113e-01 8.147230744361877441e-01 4.310981370508670807e-03 8.268996316473931074e-05
9.860631689662113786e-05 6.413026130758225918e-05 7.276958967850077897e-06 9.998300075531005859e-01
9.160649962723255157e-03 1.385066658258438110e-01 8.481894731521606445e-01 4.143208265304565430e-03
7.914344668388366699e-01 2.925769053399562836e-02 9.450697689317166805e-04 1.783627569675445557e-01
4.752054519485682249e-05 7.453695870935916901e-04 3.149212861899286509e-04 9.988921880722045898e-01
8.865119889378547668e-04 1.473287411499768496e-04 7.186367292888462543e-05 9.988942742347717285e-01
9.924162924289703369e-02 1.577140210429206491e-05 9.006051421165466309e-01 1.374179119011387229e-04
4.193320125341415405e-02 9.565462470054626465e-01 1.107237767428159714e-04 1.409905264154076576e-03
2.345885895192623138e-02 3.484883159399032593e-02 1.249787455890327692e-04 9.415673613548278809e-01
5.095821339637041092e-03 8.398608770221471786e-04 9.940357208251953125e-01 2.858121843019034714e-05
9.041676521301269531e-01 9.240948408842086792e-02 2.644221065565943718e-03 7.786549977026879787e-04
