7.377104163169860840e-01 1.492272019386291504e-01 4.126124456524848938e-02 7.180114835500717163e-02
9.996078014373779297e-01 3.906594884028891101e-06 3.858670825138688087e-04 2.396898480583331548e-06
9.997652173042297363e-01 1.315410627285018563e-04 8.877256186679005623e-05 1.451222487958148122e-05
1.899321796372532845e-05 9.818684458732604980e-01 8.508599712513387203e-04 1.726170256733894348e-02
7.353525161743164062e-01 2.452191412448883057e-01 9.786460548639297485e-03 9.641854092478752136e-03
9.976091980934143066e-01 2.994126043631695211e-05 2.119451761245727539e-03 2.413524489384144545e-04
4.805365279025863856e-07 1.176287241833051667e-05 9.221971849910914898e-04 9.990655779838562012e-01
1.567409926792606711e-04 1.533641011519648600e-06 2.017240331042557955e-04 9.996399879455566406e-01
9.757584929466247559e-01 1.843567751348018646e-02 3.576139453798532486e-03 2.229702426120638847e-03
3.029429899470414966e-05 2.930904924869537354e-01 3.724954731296747923e-04 7.065066695213317871e-01
9.967815876007080078e-01 2.695299685001373291e-03 4.075908800587058067e-04 1.155462159658782184e-04
4.239737689495086670e-01 5.729634761810302734e-01 4.948654677718877792e-04 2.567920135334134102e-03
