9.811874479055404663e-04 1.089202487492002547e-04 5.046016303822398186e-04 9.984053373336791992e-01
8.257017731666564941e-01 1.719622611999511719e-01 1.540926634334027767e-03 7.950873696245253086e-04
3.558222088031470776e-04 1.248927265405654907e-01 8.744064569473266602e-01 3.449764044489711523e-04
9.535567369312047958e-04 1.549503067508339882e-04 2.155876951292157173e-03 9.967356324195861816e-01
1.697969250380992889e-02 9.823712706565856934e-01 2.983865306305233389e-05 6.192408618517220020e-04
5.114304367452859879e-04 8.225195779232308269e-05 2.896942605730146170e-04 9.991166591644287109e-01
7.520186901092529297e-02 9.243742227554321289e-01 2.782326373562682420e-05 3.961271722801029682e-04
1.996863647946156561e-05 9.532994031906127930e-01 4.664278402924537659e-02 3.780411861953325570e-05
6.634555291384458542e-03 8.257656591013073921e-04 3.996787965297698975e-02 9.525718688964843750e-01
7.061627507209777832e-02 6.417045593261718750e-01 1.290015294216573238e-03 2.863891422748565674e-01
5.130194872617721558e-02 7.196068763732910156e-02 8.025217684917151928e-04 8.759347796440124512e-01
7.023119542282074690e-05 8.543207049369812012e-01 5.062859505414962769e-02 9.498040378093719482e-02
