6.163915531942620873e-05 9.998046755790710449e-01 1.274786627618595958e-04 6.228534857655176893e-06
2.056401535810437053e-05 9.317905306816101074e-01 6.817302107810974121e-02 1.585624522704165429e-05
1.001673168502748013e-03 2.842176333069801331e-02 1.751457341015338898e-03 9.688251018524169922e-01
2.311513708264101297e-05 2.056259254459291697e-04 8.430027402937412262e-03 9.913412332534790039e-01
7.212708624138031155e-06 1.021393018163507804e-05 4.959406214766204357e-04 9.994866251945495605e-01
7.812937838025391102e-06 1.661432615946978331e-04 4.839020675717620179e-06 9.998211860656738281e-01
8.252981305122375488e-01 3.516654018312692642e-03 4.179581534117460251e-03 1.670056581497192383e-01
1.181085482239723206e-01 8.815730810165405273e-01 1.128101794165559113e-04 2.055972290690988302e-04
7.643211483955383301e-01 1.490808837115764618e-02 1.297061535296961665e-04 2.206410616636276245e-01
2.724466025829315186e-01 1.530936453491449356e-03 6.805889308452606201e-02 6.579635739326477051e-01
9.845233580563217402e-05 3.447128087282180786e-02 9.622514843940734863e-01 3.178791375830769539e-03
3.514504714985378087e-05 9.990143775939941406e-01 9.373208158649504185e-04 1.320311457675416023e-05
