9.160176268778741360e-04 8.167231082916259766e-01 1.806723177433013916e-01 1.688550924882292747e-03
8.071208000183105469e-01 3.101720940321683884e-04 1.924994438886642456e-01 6.961109465919435024e-05
9.957423210144042969e-01 1.028134283842518926e-04 4.144376609474420547e-03 1.048596823238767684e-05
2.032990101724863052e-03 3.173268213868141174e-02 8.539801836013793945e-01 1.122541129589080811e-01
3.292424604296684265e-03 9.979212656617164612e-03 1.308324954152340069e-06 9.867270588874816895e-01
6.977942585945129395e-01 8.381922962144017220e-04 2.953960001468658447e-01 5.971523467451334000e-03
1.140556647442281246e-03 1.821483075618743896e-01 8.166866302490234375e-01 2.448778104735538363e-05
1.282648183405399323e-03 5.151569348527118564e-05 8.513696193695068359e-01 1.472961902618408203e-01
3.665895434096455574e-03 1.971941441297531128e-03 9.941285252571105957e-01 2.336616016691550612e-04
3.575148584786802530e-04 1.822315007448196411e-01 8.172714114189147949e-01 1.396135776303708553e-04
3.169707208871841431e-02 6.297041475772857666e-02 7.456485033035278320e-01 1.596840620040893555e-01
4.446490493137389421e-04 3.808380067348480225e-01 6.186935901641845703e-01 2.368558489251881838e-05
