3.707118739839643240e-04 7.437261501763714477e-06 4.335109144449234009e-03 9.952867031097412109e-01
3.281073179095983505e-03 9.962857961654663086e-01 1.330389204667881131e-04 3.001080476678907871e-04
2.169076935842895182e-07 1.495975652687775437e-06 9.995322823524475098e-01 4.659621918108314276e-04
2.332522171855089255e-06 6.254118052311241627e-04 1.188255846500396729e-02 9.874897003173828125e-01
2.132808417081832886e-02 4.908953327685594559e-03 9.733019471168518066e-01 4.610235046129673719e-04
4.388279558042995632e-05 1.291301217861473560e-03 5.527503890334628522e-05 9.986095428466796875e-01
3.436442784732207656e-05 9.945992380380630493e-03 9.900123476982116699e-01 7.305755843844963238e-06
2.421162789687514305e-04 6.200341740623116493e-04 9.692302942276000977e-01 2.990767918527126312e-02
6.241376831894740462e-05 3.928083169739693403e-04 6.023269452271051705e-05 9.994845390319824219e-01
4.884093068540096283e-04 5.810974980704486370e-04 9.989258646965026855e-01 4.601802629622397944e-06
6.469718646258115768e-04 3.204993481631390750e-05 9.433742889086715877e-06 9.993115663528442383e-01
1.246943022124469280e-03 9.986051321029663086e-01 1.029913546517491341e-04 4.495531175052747130e-05
