3.913309410563670099e-05 2.441322198137640953e-03 8.368140459060668945e-02 9.138382077217102051e-01
6.785627988392661791e-07 2.037908961938228458e-05 9.999066591262817383e-01 7.226515299407765269e-05
9.999071955680847168e-01 8.663532935315743089e-05 5.065106961410492659e-06 1.061193188434117474e-06
8.939172625541687012e-01 1.056217029690742493e-01 2.080893900711089373e-04 2.529878984205424786e-04
3.032245149370282888e-04 9.988647699356079102e-01 5.815268377773463726e-05 7.739104330539703369e-04
9.998827576637268066e-01 9.644001693231984973e-05 2.022912485699634999e-05 5.797672884000348859e-07
2.235353179275989532e-02 3.101016022264957428e-02 2.073419541120529175e-01 7.392943501472473145e-01
1.761380008247215301e-05 1.568064326420426369e-04 6.291353201959282160e-05 9.997626543045043945e-01
5.215494311414659023e-04 1.361379027366638184e-01 8.632491827011108398e-01 9.133610728895291686e-05
8.963834494352340698e-02 8.763919472694396973e-01 3.395904228091239929e-02 1.071102178684668615e-05
5.111443623900413513e-02 2.232035547494888306e-01 4.492324311286211014e-03 7.211896777153015137e-01
6.238580215722322464e-03 7.364504933357238770e-01 3.574355796445161104e-04 2.569535076618194580e-01
