4.865982191404327750e-05 9.923592805862426758e-01 2.924253465607762337e-03 4.667880013585090637e-03
9.966208338737487793e-01 3.475593302937340923e-06 3.373911837115883827e-03 1.815113591874251142e-06
1.399896718794479966e-04 4.688265733420848846e-03 9.945529699325561523e-01 6.187871913425624371e-04
8.683676123619079590e-01 6.435389164835214615e-03 1.251810342073440552e-01 1.601960684638470411e-05
3.136455688945716247e-06 1.836695628298912197e-05 9.954987168312072754e-01 4.479783121496438980e-03
1.522765774279832840e-02 1.824383437633514404e-02 9.563162922859191895e-01 1.021227240562438965e-02
7.759128930047154427e-04 9.135941043496131897e-03 9.897366762161254883e-01 3.514271811582148075e-04
8.035305738449096680e-01 5.445615202188491821e-02 1.373214460909366608e-02 1.282812058925628662e-01
6.494964659214019775e-02 6.987285451032221317e-05 9.349291920661926270e-01 5.125368261360563338e-05
2.326721369172446430e-05 1.117652645916678011e-04 9.989963173866271973e-01 8.686966612003743649e-04
8.818715214729309082e-01 2.207264769822359085e-03 1.142743602395057678e-02 1.044937893748283386e-01
6.321888417005538940e-03 3.602895276344497688e-06 9.936593174934387207e-01 1.511527534603374079e-05
