6.677487981505692005e-04 7.632435858249664307e-02 6.128772720694541931e-02 8.617201447486877441e-01
8.278492689132690430e-01 1.552432030439376831e-01 1.650648377835750580e-02 4.010106495115906000e-04
4.049856215715408325e-05 1.844491780502721667e-04 2.641930950630921870e-05 9.997486472129821777e-01
4.209250619169324636e-05 1.676807999610900879e-01 7.913568057119846344e-03 8.243635296821594238e-01
4.785916768014431000e-03 1.830569002777338028e-03 9.933663606643676758e-01 1.714556128717958927e-05
1.710803335299715400e-04 1.856017410755157471e-01 8.137695193290710449e-01 4.576978099066764116e-04
9.254304170608520508e-01 1.414872799068689346e-02 5.975025892257690430e-02 6.705432315357029438e-04
3.044795989990234375e-02 1.417169696651399136e-03 4.314175993204116821e-02 9.249930977821350098e-01
1.309423078055260703e-05 2.375590702285990119e-04 9.996907711029052734e-01 5.859837619937025011e-05
4.685264684667345136e-06 1.585548016009852290e-04 5.779885213996749371e-06 9.998310208320617676e-01
2.502621710300445557e-01 1.479440252296626568e-03 7.482508420944213867e-01 7.540467322542099282e-06
1.169708557426929474e-04 1.057749886967940256e-05 2.213543513789772987e-03 9.976588487625122070e-01
