3.652478335425257683e-05 1.775160245597362518e-02 1.864988589659333229e-04 9.820253849029541016e-01
3.454193938523530960e-04 1.673465073108673096e-01 8.304003477096557617e-01 1.907723722979426384e-03
9.295563697814941406e-01 6.686654686927795410e-02 3.303021076135337353e-04 3.246772103011608124e-03
2.508255653083324432e-03 3.261756896972656250e-02 8.805219829082489014e-02 8.768219947814941406e-01
1.767306093825027347e-04 4.916458856314420700e-03 8.473594207316637039e-04 9.940594434738159180e-01
9.791702628135681152e-01 1.899866387248039246e-02 1.359835616312921047e-03 4.712323425337672234e-04
1.941178925335407257e-02 4.045276436954736710e-04 2.716378076002001762e-03 9.774673581123352051e-01
2.495282515883445740e-02 1.249084249138832092e-02 4.872578084468841553e-01 4.752984642982482910e-01
2.532027196139097214e-03 1.534632444381713867e-01 5.952405333518981934e-01 2.487641870975494385e-01
9.997583031654357910e-01 6.026027767802588642e-05 6.835981821495806798e-06 1.746595225995406508e-04
2.787144621834158897e-04 7.519004940986633301e-01 2.134976238012313843e-01 3.432320803403854370e-02
6.193548324517905712e-05 6.557388305664062500e-01 3.441612720489501953e-01 3.789013135246932507e-05
