9.280719161033630371e-01 1.832857728004455566e-03 7.006502896547317505e-02 3.015289075847249478e-05
8.310006260871887207e-01 1.639313548803329468e-01 8.133240044116973877e-05 4.986710846424102783e-03
2.002435773611068726e-01 1.779221184551715851e-02 3.280526958405971527e-03 7.786837220191955566e-01
9.748719930648803711e-01 1.111520123231457546e-05 2.505332417786121368e-02 6.360003317240625620e-05
1.838083937764167786e-02 4.480888310354202986e-04 9.658759832382202148e-01 1.529508363455533981e-02
9.206526875495910645e-01 5.740531196352094412e-05 3.391978971194475889e-04 7.895073294639587402e-02
4.024017835035920143e-04 9.992799758911132812e-01 2.943709550891071558e-04 2.321762622159440070e-05
7.351981475949287415e-03 3.014287904079537839e-05 2.324628410860896111e-03 9.902932643890380859e-01
7.253422141075134277e-01 2.724445760250091553e-01 7.340071024373173714e-04 1.479203463532030582e-03
2.778353291432722472e-06 1.127054420066997409e-04 9.998801350593566895e-01 4.376099695946322754e-06
9.734973311424255371e-01 2.423676475882530212e-02 1.882739481516182423e-03 3.831543435808271170e-04
6.156981726235244423e-06 9.674171805381774902e-01 3.250711783766746521e-02 6.949872476980090141e-05
