7.528298348188400269e-02 2.196161076426506042e-02 3.093990962952375412e-03 8.996613621711730957e-01
4.332029202487319708e-04 1.650071862968616188e-05 9.994671344757080078e-01 8.317557512782514095e-05
8.038527369499206543e-01 1.945711374282836914e-01 2.388960456300992519e-05 1.552199129946529865e-03
8.378266543149948120e-02 7.017225027084350586e-01 2.107189595699310303e-01 3.775849705561995506e-03
1.275274553336203098e-04 6.261148024350404739e-03 1.778438920155167580e-03 9.918329119682312012e-01
1.640072127884195652e-06 8.567985147237777710e-02 2.592385862953960896e-04 9.140592813491821289e-01
4.802527278661727905e-02 2.781847142614424229e-04 2.307014510734006763e-04 9.514657855033874512e-01
2.120780292898416519e-03 7.405511736869812012e-01 2.572050690650939941e-01 1.229419140145182610e-04
7.838707566261291504e-01 2.979696169495582581e-02 1.715588732622563839e-03 1.846166700124740601e-01
3.411791846156120300e-02 5.571992460318142548e-06 9.484225511550903320e-01 1.745402440428733826e-02
1.281085224036360160e-05 9.998010993003845215e-01 8.337182225659489632e-05 1.027475300361402333e-04
9.795525670051574707e-01 9.573871502652764320e-04 3.889204235747456551e-03 1.560083869844675064e-02
