5.918663009651936591e-05 2.649351336003746837e-05 9.998924732208251953e-01 2.185291850764770061e-05
3.067245997954159975e-04 4.553078906610608101e-04 4.834440071135759354e-03 9.944035410881042480e-01
9.982194304466247559e-01 1.571598259033635259e-04 1.615513232536613941e-03 7.942519005155190825e-06
1.963534625247120857e-03 9.523811936378479004e-01 1.026747399009764194e-03 4.462851583957672119e-02
3.231757546018343419e-06 7.191384065663442016e-05 9.997290372848510742e-01 1.958471111720427871e-04
9.867987036705017090e-01 3.018311872438061982e-05 9.013601578772068024e-03 4.157491959631443024e-03
9.328937530517578125e-01 7.745240349322557449e-03 5.849499627947807312e-02 8.660337189212441444e-04
1.109181102947331965e-04 9.766770601272583008e-01 4.022514913231134415e-03 1.918957196176052094e-02
8.713330626487731934e-01 1.238711702171713114e-04 1.280188113451004028e-01 5.243324558250606060e-04
2.492329105734825134e-03 2.744718358371756040e-06 9.910455942153930664e-01 6.459390744566917419e-03
9.888587594032287598e-01 8.795975707471370697e-03 2.329941140487790108e-03 1.532759233668912202e-05
9.836927056312561035e-01 1.329383999109268188e-02 1.443599350750446320e-03 1.569863990880548954e-03
