6.225505494512617588e-04 7.671213895082473755e-02 2.863600617274641991e-03 9.198017120361328125e-01
4.955018870532512665e-03 9.944679737091064453e-01 4.400046891532838345e-04 1.369262754451483488e-04
8.537595272064208984e-01 1.429678052663803101e-01 2.019783016294240952e-03 1.252907211892306805e-03
1.791366958059370518e-05 1.413292344659566879e-02 6.321450200630351901e-05 9.857859015464782715e-01
5.917586167925037444e-05 3.518643323332071304e-03 9.964156150817871094e-01 6.575573479494778439e-06
3.198769118171185255e-04 6.225451081991195679e-02 1.027538776397705078e-01 8.346717357635498047e-01
2.255820436403155327e-04 9.997450113296508789e-01 2.818166649376507849e-05 1.285648181692522485e-06
1.307829825236694887e-05 8.945330977439880371e-01 1.054108440876007080e-01 4.292914309189654887e-05
6.296044588088989258e-01 3.698101043701171875e-01 5.632867687381803989e-04 2.224923628091346473e-05
1.807167427614331245e-03 1.434406787157058716e-01 8.351155519485473633e-01 1.963660679757595062e-02
8.461480736732482910e-01 1.164600551128387451e-01 3.326496109366416931e-02 4.126873333007097244e-03
9.992282986640930176e-01 8.197458373615518212e-05 6.862038862891495228e-04 3.398004309929092415e-06
