9.957349300384521484e-01 4.181878641247749329e-03 6.809249316575005651e-05 1.508330660726642236e-05
7.747397758066654205e-04 1.814051121473312378e-01 7.618185281753540039e-01 5.600161850452423096e-02
6.147452513687312603e-04 8.646547198295593262e-01 1.346917152404785156e-01 3.873906825901940465e-05
7.535517960786819458e-02 3.325921297073364258e-02 1.612498983740806580e-02 8.752606511116027832e-01
6.828365148976445198e-04 9.491678476333618164e-01 4.361718893051147461e-02 6.532227154821157455e-03
8.670030236244201660e-01 4.098980221897363663e-03 7.059321505948901176e-04 1.281920969486236572e-01
9.995995759963989258e-01 3.302229742985218763e-04 2.966915599245112389e-05 4.063091910211369395e-05
1.992072314023971558e-01 2.831270285241771489e-05 8.006860613822937012e-01 7.831979746697470546e-05
1.352023184299468994e-01 4.371215030550956726e-02 1.022809999994933605e-03 8.200626969337463379e-01
9.997237920761108398e-01 1.596330694155767560e-04 1.020060153678059578e-04 1.460963449062546715e-05
9.998108744621276855e-01 2.187709287682082504e-05 3.801058119279332459e-05 1.291703520109876990e-04
7.977768837008625269e-05 8.348373174667358398e-01 7.244740147143602371e-03 1.578381806612014771e-01
