1.342907827347517014e-02 1.713612526655197144e-01 8.144724965095520020e-01 7.371932733803987503e-04
3.821897962552611716e-07 1.625128934392705560e-04 9.996764063835144043e-01 1.607338635949417949e-04
5.707907839678227901e-04 1.493535004556179047e-03 9.978194832801818848e-01 1.162411426776088774e-04
6.537044537253677845e-04 1.927038771100342274e-03 9.881345629692077637e-01 9.284633211791515350e-03
1.593969063833355904e-03 9.829726815223693848e-01 1.677872147411108017e-03 1.375545188784599304e-02
1.453240111004561186e-04 1.990566262975335121e-03 9.964830875396728516e-01 1.380959176458418369e-03
6.521783769130706787e-03 7.879036664962768555e-02 7.850753143429756165e-03 9.068371057510375977e-01
2.192882820963859558e-03 5.943060750723816454e-05 9.752807617187500000e-01 2.246689237654209137e-02
1.534457260277122259e-05 4.391462061903439462e-05 9.994383454322814941e-01 5.024031270295381546e-04
4.413616261444985867e-04 4.346188234194414690e-06 2.377805139985866845e-05 9.995304942131042480e-01
9.542184472084045410e-01 4.575634375214576721e-02 2.326083631487563252e-06 2.283044523210264742e-05
9.854606389999389648e-01 8.230764797190204263e-05 1.216118130832910538e-02 2.295919461175799370e-03
