5.544648593058809638e-05 1.816608164517674595e-05 9.812284111976623535e-01 1.869797334074974060e-02
1.101141060644295067e-05 9.963183403015136719e-01 6.220392533577978611e-04 3.048535669222474098e-03
1.507783657871186733e-03 5.568745473283343017e-05 1.773385447449982166e-03 9.966631531715393066e-01
1.316935173235833645e-03 2.204507403075695038e-02 8.796001202426850796e-04 9.757584333419799805e-01
3.847421612590551376e-04 1.899034134112298489e-03 9.976988434791564941e-01 1.741690903145354241e-05
1.396381321683293208e-05 2.623775117172044702e-07 7.213512162707047537e-06 9.999786019325256348e-01
1.691466313786804676e-04 1.114017140935175121e-04 8.308010874316096306e-04 9.988886713981628418e-01
1.248497824235528242e-06 5.683055132976733148e-05 1.248366170329973102e-04 9.998170733451843262e-01
1.474847813369706273e-04 3.083411138504743576e-05 1.027114194585010409e-04 9.997189640998840332e-01
1.984801841899752617e-03 9.980064034461975098e-01 1.705558076992019778e-07 8.589177923568058759e-06
9.999179840087890625e-01 4.462311335373669863e-05 6.922199645487125963e-06 3.045292396564036608e-05
4.863877165917074308e-06 7.222205749712884426e-04 9.992713332176208496e-01 1.633405076972849201e-06
