3.134316939394921064e-04 7.346051931381225586e-01 1.279794573783874512e-01 1.371018886566162109e-01
6.845394091214984655e-05 9.490800499916076660e-01 5.080727860331535339e-02 4.418738535605370998e-05
6.918107974343001842e-04 8.223764896392822266e-01 2.480121329426765442e-02 1.521304845809936523e-01
1.288991770707070827e-03 9.506553760729730129e-04 1.688533090054988861e-02 9.808750748634338379e-01
8.505955338478088379e-05 1.293504331260919571e-02 2.487000226974487305e-01 7.382798790931701660e-01
4.576923383865505457e-04 1.873404020443558693e-03 7.804568409919738770e-01 2.172121107578277588e-01
3.834022441878914833e-03 1.270780223421752453e-03 5.146474577486515045e-04 9.943805336952209473e-01
1.727186900097876787e-04 9.991882443428039551e-01 6.049714866094291210e-04 3.401296635274775326e-05
8.182535879313945770e-03 3.209963440895080566e-01 6.706132292747497559e-01 2.079097466776147485e-04
1.637464156374335289e-04 4.981037229299545288e-03 1.246128886123187840e-05 9.948427677154541016e-01
7.999354004859924316e-01 1.103485701605677605e-03 6.494439439848065376e-04 1.983117461204528809e-01
8.164672255516052246e-01 2.957764081656932831e-04 3.841779893264174461e-03 1.793952286243438721e-01
