2.689971856373318815e-10 1.653561635692523332e-23 1.000000000000000000e+00 1.210140321283859066e-10
5.900359951738209929e-07 2.932563480245731213e-12 5.675821900367736816e-01 4.324172139167785645e-01
6.646451765845995396e-06 9.155311175845781690e-09 3.965785726904869080e-02 9.603354334831237793e-01
3.490207815310805643e-20 1.000000000000000000e+00 1.704559583759479580e-11 6.951547027243510619e-20
4.394051416056754533e-07 1.390832300674979538e-13 9.999995827674865723e-01 2.357200268310322144e-10
9.739941358566284180e-01 1.446061541658218944e-25 2.600467763841152191e-02 1.152499635281856172e-06
3.913380175468716970e-10 8.154364250006219638e-21 1.000000000000000000e+00 2.504344388115642417e-13
7.008409852460317779e-08 1.489506114257707061e-16 9.999999403953552246e-01 8.478597869360920969e-14
4.651832294275974073e-24 7.950090504580328051e-24 1.000000000000000000e+00 3.415244852738239316e-25
2.936997665095598527e-28 9.987612042088358796e-23 1.000000000000000000e+00 5.020575500638075711e-26
3.154061687933411295e-14 8.520275354385375977e-02 9.147971868515014648e-01 6.379434994992867411e-16
3.899986495525809005e-06 9.999961256980895996e-01 5.499916660785517170e-26 4.351191706433089781e-18
