1.340005269412358757e-06 9.999943971633911133e-01 3.280052624177187681e-06 9.493776929048181046e-07
6.844296507324543200e-08 1.652061037020757794e-04 9.998042583465576172e-01 3.045080666197463870e-05
8.964492590166628361e-04 9.910983443260192871e-01 7.324054022319614887e-04 7.272739429026842117e-03
9.991949796676635742e-01 9.927099199558142573e-06 7.386821089312434196e-04 5.635380875901319087e-05
8.711207774467766285e-04 7.640624535270035267e-04 9.975008368492126465e-01 8.639556472189724445e-04
3.699708904605358839e-04 9.995927214622497559e-01 5.266925654723308980e-06 3.206769906682893634e-05
8.277758955955505371e-01 1.830712333321571350e-02 1.448301225900650024e-01 9.086781181395053864e-03
9.935135245323181152e-01 2.906186040490865707e-03 1.723355846479535103e-03 1.856885617598891258e-03
9.878016710281372070e-01 1.189764309674501419e-02 1.777304419192660134e-06 2.988477353937923908e-04
9.975171089172363281e-01 6.800509436288848519e-05 2.366842003539204597e-03 4.799836460733786225e-05
6.139058314147405326e-06 9.965337085304781795e-06 2.349099486309569329e-05 9.999604821205139160e-01
8.949559560278430581e-05 4.491176456212997437e-03 9.730853438377380371e-01 2.233393862843513489e-02
