9.074126137420535088e-05 9.595919251441955566e-01 1.452822005376219749e-03 3.886450082063674927e-02
5.630508810281753540e-02 1.300584608543431386e-05 9.432094693183898926e-01 4.724522004835307598e-04
2.154305391013622284e-02 9.783982634544372559e-01 7.721014867456688080e-07 5.789852002635598183e-05
8.920083928387612104e-05 2.482544805388897657e-04 9.996615052223205566e-01 1.015775637824845035e-06
2.209712768319604947e-08 9.999990463256835938e-01 8.785370368968870025e-07 9.691483882079410250e-08
8.449416782241314650e-05 1.434650621376931667e-04 9.992827177047729492e-01 4.892540746368467808e-04
1.213369614561088383e-05 2.790901809930801392e-03 3.307574615973862819e-06 9.971936941146850586e-01
6.663247011601924896e-03 9.930394887924194336e-01 1.349854428553953767e-04 1.622822455829009414e-04
6.617178587475791574e-05 9.892086386680603027e-01 9.756807237863540649e-03 9.683873504400253296e-04
7.891769200796261430e-05 2.671256661415100098e-03 1.049832790158689022e-03 9.962000250816345215e-01
9.999970793724060059e-01 7.207066232695069630e-07 1.543734015285735950e-06 6.915924473105405923e-07
9.441024661064147949e-01 5.557269230484962463e-02 1.472921285312622786e-04 1.775567070581018925e-04
