8.659058809280395508e-01 9.500832855701446533e-02 3.838019073009490967e-02 7.056570029817521572e-04
2.300813503097742796e-04 1.791174709796905518e-01 1.615313635738857556e-06 8.206508159637451172e-01
4.775155957759125158e-06 8.101508137769997120e-05 1.305713783949613571e-03 9.986084699630737305e-01
8.932249248027801514e-02 2.191962266806513071e-04 8.342862874269485474e-02 8.270297050476074219e-01
9.999732375144958496e-01 6.296285846474347636e-06 1.008019899018108845e-05 1.046030229190364480e-05
3.504226042423397303e-04 7.294121980667114258e-01 2.685941457748413086e-01 1.643210882321000099e-03
2.708842512220144272e-04 9.466683864593505859e-01 3.791787102818489075e-02 1.514280401170253754e-02
9.083787444978952408e-04 9.987509250640869141e-01 1.319926814176142216e-04 2.087057655444368720e-04
7.616985589265823364e-02 1.586837788636330515e-05 3.013868257403373718e-02 8.936756253242492676e-01
9.228658080101013184e-01 5.433809710666537285e-04 7.651418447494506836e-02 7.666576857445761561e-05
9.711300581693649292e-02 5.091679841279983521e-02 5.537028482649475336e-05 8.519147634506225586e-01
2.026309084612876177e-04 2.487081289291381836e-01 7.475228309631347656e-01 3.566364757716655731e-03
