1.711232471279799938e-04 8.354206681251525879e-01 1.643524318933486938e-01 5.577658885158598423e-05
5.855137947946786880e-03 9.935477972030639648e-01 4.267317417543381453e-04 1.703331217868253589e-04
9.974719882011413574e-01 3.930742593638569815e-07 2.326467540115118027e-03 2.011704928008839488e-04
1.543807387351989746e-01 8.406020402908325195e-01 4.454290028661489487e-03 5.629197694361209869e-04
1.343676703982055187e-04 6.222542142495512962e-04 1.690952340140938759e-04 9.990742206573486328e-01
3.747447952628135681e-02 8.404354006052017212e-02 7.329893112182617188e-01 1.454926580190658569e-01
7.109308242797851562e-01 2.367353066802024841e-02 2.623814344406127930e-01 3.014198504388332367e-03
2.924987673759460449e-01 6.917882561683654785e-01 1.448081992566585541e-02 1.232138136401772499e-03
8.533907021046616137e-06 4.551309302769368514e-06 2.331363612029235810e-05 9.999636411666870117e-01
7.812138795852661133e-01 4.425984248518943787e-02 1.667893677949905396e-01 7.736920379102230072e-03
2.184058030252344906e-05 2.487205165380146354e-06 9.999526143074035645e-01 2.306808710272889584e-05
9.994679689407348633e-01 9.705007687443867326e-05 6.423059403459774330e-06 4.284660099074244499e-04
