8.252210021018981934e-01 9.336296468973159790e-03 1.050569396466016769e-02 1.549370884895324707e-01
5.936402827501296997e-02 7.703164815902709961e-01 1.602159887552261353e-01 1.010359358042478561e-02
9.002550840377807617e-01 6.145004135760245845e-06 2.293763495981693268e-02 7.680109888315200806e-02
2.072473580483347178e-04 2.084484994411468506e-01 7.912707328796386719e-01 7.351448584813624620e-05
2.097745686769485474e-01 6.881204433739185333e-03 3.011474327649921179e-04 7.830430865287780762e-01
2.097206888720393181e-03 1.527573331259191036e-03 9.951489567756652832e-01 1.226304797455668449e-03
6.910908268764615059e-04 9.874936342239379883e-01 1.041180003085173666e-04 1.171122491359710693e-02
8.882511854171752930e-01 5.336068198084831238e-02 2.228926023235544562e-04 5.816528573632240295e-02
1.639373600482940674e-03 9.979895353317260742e-01 2.961748396046459675e-05 3.414777456782758236e-04
9.692999883554875851e-04 1.718334294855594635e-02 8.977528214454650879e-01 8.409452438354492188e-02
6.161065357446204871e-06 6.210228893905878067e-03 9.936697483062744141e-01 1.138741572503931820e-04
4.501670191530138254e-04 6.502620577812194824e-01 3.459835052490234375e-01 3.304278012365102768e-03
