9.992724061012268066e-01 7.025302329566329718e-05 1.235879153682617471e-05 6.449929787777364254e-04
7.302885060198605061e-04 6.067708454793319106e-06 8.177971903933212161e-05 9.991818666458129883e-01
3.867754712700843811e-02 9.612737894058227539e-01 3.793698488152585924e-05 1.075682121154386550e-05
2.110626399517059326e-01 1.190283969044685364e-01 1.388606033287942410e-04 6.697700619697570801e-01
3.578396353987045586e-05 1.146935625001788139e-03 6.581207708222791553e-05 9.987514615058898926e-01
8.477935194969177246e-02 6.792774200439453125e-01 2.357641011476516724e-01 1.791386603144928813e-04
2.667682419996708632e-04 5.576368948823073879e-06 8.267371413239743561e-06 9.997194409370422363e-01
6.710681598633527756e-03 4.442492965608835220e-03 2.191113680601119995e-01 7.697354555130004883e-01
9.292865991592407227e-01 4.631020419765263796e-04 6.985824555158615112e-02 3.920638700947165489e-04
1.918078396556666121e-06 9.987750649452209473e-01 9.555930155329406261e-04 2.674577408470213413e-04
8.682085275650024414e-01 1.240402634721249342e-04 1.316385418176651001e-01 2.891233452828601003e-05
9.998759031295776367e-01 4.209242888464359567e-06 3.489414302748627961e-05 8.504507422912865877e-05
