9.475921280682086945e-03 8.174521327018737793e-01 1.725800633430480957e-01 4.918489139527082443e-04
1.584723144769668579e-01 1.133870705962181091e-01 2.993712667375802994e-03 7.251469492912292480e-01
9.930456872098147869e-05 3.825445219263201579e-06 2.197608118876814842e-03 9.976993203163146973e-01
6.368354377173091052e-08 6.845433745183981955e-06 9.999929666519165039e-01 8.341505974840401905e-08
5.817379057407379150e-02 7.636789232492446899e-02 8.462892174720764160e-01 1.916904002428054810e-02
9.996252059936523438e-01 4.879136758972890675e-05 2.759543131105601788e-04 5.005259299650788307e-05
6.018130225129425526e-04 9.993853569030761719e-01 1.150595562648959458e-05 1.345212240266846493e-06
9.980033636093139648e-01 8.192766836145892739e-05 1.912904554046690464e-03 1.816641201912716497e-06
9.056541603058576584e-04 8.368295966647565365e-04 4.344773944467306137e-03 9.939126968383789062e-01
5.030211806297302246e-02 1.936920434236526489e-01 7.257748842239379883e-01 3.023094683885574341e-02
3.664424923499609577e-07 6.183067853271495551e-06 9.999207854270935059e-01 7.264698797371238470e-05
6.773549102945253253e-05 9.999141097068786621e-01 1.131013232225086540e-05 6.901396773173473775e-06
