9.992402195930480957e-01 2.521652495488524437e-04 4.492962616495788097e-04 5.831932139699347317e-05
8.589122444391250610e-04 9.356819987297058105e-01 6.266442686319351196e-02 7.945901597850024700e-04
9.954962134361267090e-01 2.077321056276559830e-03 3.757502418011426926e-05 2.388943685218691826e-03
9.984495639801025391e-01 1.113131875172257423e-04 1.431922544725239277e-03 7.210509011201793328e-06
6.992382463067770004e-03 9.913856983184814453e-01 1.545812847325578332e-04 1.467306166887283325e-03
6.225124234333634377e-04 8.311037719249725342e-02 5.055863037705421448e-02 8.657085299491882324e-01
1.097943186323391274e-05 2.345999237149953842e-03 1.062458679080009460e-01 8.913971781730651855e-01
2.733243703842163086e-01 7.157316803932189941e-01 9.268361143767833710e-03 1.675566658377647400e-03
4.372014664113521576e-04 9.250538945198059082e-01 3.345273435115814209e-02 4.105618968605995178e-02
6.723743863403797150e-04 9.105125069618225098e-01 1.112096477299928665e-02 7.769418507814407349e-02
1.664190925657749176e-02 1.844923794269561768e-01 1.107506826519966125e-01 6.881150007247924805e-01
6.475037336349487305e-01 2.144758999347686768e-01 2.055531740188598633e-02 1.174650192260742188e-01
