4.937352612614631653e-03 2.279136242577806115e-04 1.729852706193923950e-01 8.218494653701782227e-01
8.291250467300415039e-01 9.376279264688491821e-02 4.966458305716514587e-03 7.214575260877609253e-02
2.987402258440852165e-04 2.882609143853187561e-03 2.604999963295995258e-06 9.968160390853881836e-01
1.460025901906192303e-03 9.981312155723571777e-01 6.264705007197335362e-05 3.461210289970040321e-04
2.461292024236172438e-04 4.719039797782897949e-02 1.095619797706604004e-02 9.416072368621826172e-01
9.676595926284790039e-01 1.444757363060489297e-04 3.214322030544281006e-02 5.262074409984052181e-05
4.088808418600820005e-05 3.866275947075337172e-04 9.276740456698462367e-05 9.994797110557556152e-01
6.307483272394165397e-05 9.998524785041809082e-01 8.241197792813181877e-05 2.052632680715760216e-06
7.885706424713134766e-01 2.347059315070509911e-03 2.089651823043823242e-01 1.170788382296450436e-04
9.999389052391052246e-01 2.102273901982698590e-05 3.614434172050096095e-05 3.910392479156143963e-06
5.625904123007785529e-06 5.180469015613198280e-04 9.990588426589965820e-01 4.174408386461436749e-04
5.689871311187744141e-01 2.849986217916011810e-02 4.521090304479002953e-04 4.020609557628631592e-01
