9.420425295829772949e-01 6.505139754153788090e-04 4.831799119710922241e-02 8.988910354673862457e-03
2.446644648443907499e-04 1.497156481491401792e-04 9.866706132888793945e-01 1.293497812002897263e-02
9.905558824539184570e-01 9.305425919592380524e-03 6.903777375555364415e-06 1.318353024544194341e-04
7.054090965539216995e-04 9.984216690063476562e-01 4.145720959058962762e-05 8.313920116052031517e-04
9.959385991096496582e-01 8.879949455149471760e-04 4.667395260185003281e-04 2.706623403355479240e-03
3.859297605231404305e-03 1.169285476207733154e-01 8.767905235290527344e-01 2.421657787635922432e-03
1.785402595996856689e-01 4.697502590715885162e-03 2.678318135440349579e-02 7.899790406227111816e-01
1.671901792287826538e-01 8.256117105484008789e-01 1.349005615338683128e-04 7.063281722366809845e-03
7.582224011421203613e-01 2.261094599962234497e-01 3.296251408755779266e-03 1.237191539257764816e-02
9.310985333286225796e-04 9.990157485008239746e-01 7.640352123416960239e-06 4.550889570964500308e-05
9.593709111213684082e-01 2.550499513745307922e-02 8.138928562402725220e-03 6.985109299421310425e-03
8.399358391761779785e-01 7.546908454969525337e-05 9.447658061981201172e-02 6.551217287778854370e-02
