9.991801381111145020e-01 3.778324753511697054e-04 1.200973783852532506e-04 3.219643258489668369e-04
7.053505396470427513e-04 2.785678661894053221e-04 9.989303946495056152e-01 8.563821756979450583e-05
1.940489560365676880e-01 1.801090082153677940e-03 3.429684322327375412e-03 8.007202744483947754e-01
9.461929202079772949e-01 6.954142008908092976e-04 7.116962660802528262e-05 5.304050818085670471e-02
9.866026043891906738e-01 7.456019520759582520e-04 3.909237217158079147e-03 8.742545731365680695e-03
5.671886538038961589e-05 2.208199352025985718e-01 7.790391445159912109e-01 8.419300138484686613e-05
7.511858940124511719e-01 5.870890337973833084e-03 8.025870774872601032e-04 2.421406805515289307e-01
7.429998517036437988e-01 1.827213447540998459e-03 1.509349909611046314e-03 2.536635398864746094e-01
2.797526831272989511e-04 5.970940925180912018e-03 7.469747066497802734e-01 2.467746436595916748e-01
3.602166194468736649e-03 2.780470065772533417e-02 9.608746170997619629e-01 7.718489971011877060e-03
9.259312748908996582e-01 1.480569626437500119e-04 1.712521916488185525e-04 7.374935597181320190e-02
9.463338181376457214e-03 7.583128213882446289e-01 2.312904000282287598e-01 9.334295173175632954e-04
