9.978253245353698730e-01 1.953050727024674416e-03 5.653473272104747593e-05 1.650788617553189397e-04
1.506314496509730816e-03 4.824265779461711645e-04 4.050019488204270601e-04 9.976062774658203125e-01
3.251644549891352654e-03 9.893090128898620605e-01 5.349695129552856088e-05 7.385880220681428909e-03
9.057037830352783203e-01 7.473028381355106831e-04 1.421745764673687518e-05 9.353476017713546753e-02
9.992840886116027832e-01 2.931517374236136675e-04 4.075772303622215986e-04 1.514707764727063477e-05
9.539012908935546875e-01 1.274089096114039421e-03 4.457242786884307861e-02 2.522931317798793316e-04
2.817224012687802315e-03 5.627878904342651367e-01 4.172175228595733643e-01 1.717728190124034882e-02
5.173668265342712402e-02 3.740641847252845764e-02 5.183893814682960510e-02 8.590179085731506348e-01
2.619723379611968994e-01 3.205598841304890811e-05 7.379638552665710449e-01 3.173004370182752609e-05
9.801598265767097473e-03 3.651498630642890930e-02 8.403960466384887695e-01 1.132872775197029114e-01
7.025787234306335449e-02 2.534643281251192093e-04 1.435924554243683815e-03 9.280527830123901367e-01
3.848741576075553894e-02 6.707648038864135742e-01 5.369808422983624041e-05 2.906940281391143799e-01
