9.770678877830505371e-01 2.284860610961914062e-02 4.876913226325996220e-05 3.475247649475932121e-05
6.535310745239257812e-01 1.330410540103912354e-01 9.114601463079452515e-02 1.222818270325660706e-01
2.765150838968111202e-06 9.994171857833862305e-01 6.528870812871900853e-07 5.794036551378667355e-04
8.367130756378173828e-01 1.090132296085357666e-01 1.846607960760593414e-02 3.580760583281517029e-02
4.010387347079813480e-04 2.420419156551361084e-01 7.073843735270202160e-04 7.568497061729431152e-01
7.249050395330414176e-05 2.729240804910659790e-02 9.726239442825317383e-01 1.112654354074038565e-05
1.227369904518127441e-02 2.843195199966430664e-01 7.012469768524169922e-01 2.159839728847146034e-03
9.965125322341918945e-01 8.941219857661053538e-05 3.173917764797806740e-03 2.241972979390993714e-04
9.857478737831115723e-01 1.326268259435892105e-02 9.725126437842845917e-04 1.690044700808357447e-05
1.009735837578773499e-01 9.110950632020831108e-04 8.656990528106689453e-01 3.241621330380439758e-02
1.193509597214870155e-04 4.319906583987176418e-04 9.970880150794982910e-01 2.360646612942218781e-03
1.182933989912271500e-02 1.878779148682951927e-03 9.810903072357177734e-01 5.201577208936214447e-03
