7.146811694838106632e-04 8.567742952436674386e-06 5.905468697164906189e-06 9.992707967758178711e-01
1.179380774374294560e-06 7.809771923348307610e-04 1.803439226932823658e-04 9.990375041961669922e-01
4.371292016003280878e-05 9.998894929885864258e-01 6.416194810299202800e-05 2.554948650868027471e-06
9.864825010299682617e-01 7.487340553780086339e-06 5.904407007619738579e-04 1.291961688548326492e-02
4.198271781206130981e-03 4.717408155556768179e-04 9.235420227050781250e-01 7.178797572851181030e-02
6.967954104766249657e-04 2.929533831775188446e-02 9.699897766113281250e-01 1.808301385608501732e-05
2.048724144697189331e-02 9.717114567756652832e-01 6.340875755995512009e-03 1.460458384826779366e-03
1.031995816447306424e-05 2.069189678877592087e-03 6.225510787771781906e-06 9.979143142700195312e-01
1.125094741582870483e-01 3.351796418428421021e-03 8.833152055740356445e-01 8.234519627876579762e-04
9.963492751121520996e-01 2.308525381522485986e-06 7.338085652008885518e-06 3.641073592007160187e-03
5.532877445220947266e-01 2.081275684759020805e-03 2.130104005336761475e-01 2.316206395626068115e-01
1.547229941934347153e-03 2.074504969641566277e-03 5.643535405397415161e-04 9.958139061927795410e-01
