5.174692347645759583e-02 9.345574378967285156e-01 4.302210640162229538e-03 9.393383748829364777e-03
8.221595287322998047e-01 4.129198845475912094e-03 1.624839007854461670e-01 1.122731436043977737e-02
9.795822501182556152e-01 2.038219384849071503e-02 2.431319626339245588e-05 1.121487821365008131e-05
4.687132686376571655e-02 1.991448253393173218e-01 4.880825872533023357e-04 7.534957528114318848e-01
3.652705112472176552e-03 8.774444722803309560e-05 9.961837530136108398e-01 7.575432391604408622e-05
4.817009321413934231e-04 5.404108762741088867e-02 9.388037323951721191e-01 6.673482246696949005e-03
2.380867451429367065e-01 4.199620452709496021e-04 4.586100205779075623e-02 7.156323194503784180e-01
1.733409881126135588e-04 9.919769763946533203e-01 2.670563291758298874e-03 5.179113708436489105e-03
9.683901071548461914e-01 3.127814829349517822e-02 3.532081336743431166e-06 3.282584075350314379e-04
3.054927947232499719e-05 1.090699923224747181e-03 1.557913124561309814e-01 8.430873751640319824e-01
2.692388661671429873e-04 5.206632195040583611e-04 9.800503849983215332e-01 1.915974542498588562e-02
3.007331397384405136e-04 6.870776414871215820e-01 3.124336004257202148e-01 1.880561030702665448e-04
