2.684712817426770926e-04 1.989012962440028787e-04 9.993374943733215332e-01 1.951240556081756949e-04
1.212924020364880562e-03 4.762187600135803223e-02 7.122157694539055228e-05 9.510939717292785645e-01
1.938986088134697638e-06 5.627974314847961068e-05 6.912467256370291580e-07 9.999411106109619141e-01
1.453940931241959333e-04 9.494208693504333496e-01 1.469763956265524030e-04 5.028678849339485168e-02
6.901887827552855015e-04 9.989470243453979492e-01 3.222549566999077797e-04 4.059838465764187276e-05
2.665222609721240588e-06 1.942749076988548040e-04 9.997999072074890137e-01 3.202960215276107192e-06
9.053394198417663574e-01 2.364794490858912468e-04 3.304396057501435280e-03 9.111974388360977173e-02
7.260614656843245029e-04 3.638982889242470264e-05 9.991580843925476074e-01 7.945401011966168880e-05
1.116125565022230148e-02 9.886498451232910156e-01 5.526421955437399447e-05 1.336624700343236327e-04
1.180120889330282807e-04 8.663068413734436035e-01 1.327325999736785889e-01 8.425752166658639908e-04
1.997214043512940407e-03 1.329258702753577381e-05 2.179316245019435883e-03 9.958101511001586914e-01
1.422764500603079796e-03 2.657591830939054489e-04 9.981904029846191406e-01 1.210728514706715941e-04
