2.571675395302008837e-06 9.757396578788757324e-01 2.356694079935550690e-02 6.907865754328668118e-04
7.835926226107403636e-06 2.042824053205549717e-04 9.997859001159667969e-01 2.032368684012908489e-06
1.830126508139073849e-03 3.839558758045313880e-06 3.717067045272415271e-07 9.981656670570373535e-01
1.345451623201370239e-01 8.645970225334167480e-01 8.150217036018148065e-05 7.763390312902629375e-04
9.983485937118530273e-01 1.211253460496664047e-03 1.512500602984800935e-04 2.889587485697120428e-04
2.050396613776683807e-02 2.955645140900742263e-05 9.790807366371154785e-01 3.857307892758399248e-04
1.413692254573106766e-02 9.758722782135009766e-01 3.073318861424922943e-03 6.917499471455812454e-03
8.504230380058288574e-01 1.232785508036613464e-01 9.989669779315590858e-04 2.529945597052574158e-02
4.463442735413991613e-07 6.475981081166537479e-06 9.999927878379821777e-01 3.003295603321021190e-07
4.017713945358991623e-04 3.280645178165286779e-04 3.032224776688963175e-04 9.989669322967529297e-01
9.996873140335083008e-01 2.074025396723300219e-04 8.473401976516470313e-05 2.064924228761810809e-05
2.433817368000745773e-03 8.163999300450086594e-04 9.959880113601684570e-01 7.617740775458514690e-04
