2.920309780165553093e-04 1.319220662117004395e-02 4.355730779934674501e-04 9.860801696777343750e-01
9.277553908759728074e-05 3.480111672615748830e-06 1.229067449457943439e-03 9.986746907234191895e-01
9.898006319999694824e-01 2.688354470592457801e-05 2.011520264204591513e-04 9.971279650926589966e-03
2.491374325472861528e-04 4.112855996936559677e-03 1.825197541620582342e-04 9.954555034637451172e-01
2.998835965991020203e-02 2.386986743658781052e-04 9.378936886787414551e-01 3.187924250960350037e-02
1.546268761157989502e-01 2.224656380712985992e-02 1.455384190194308758e-03 8.216711282730102539e-01
8.843399584293365479e-03 1.442896667867898941e-02 8.046416565775871277e-03 9.686812758445739746e-01
3.559436416253447533e-03 1.336429268121719360e-04 7.197047671070322394e-05 9.962349534034729004e-01
3.555781673640012741e-03 6.841472932137548923e-04 9.876317381858825684e-01 8.128376677632331848e-03
6.758943200111389160e-02 8.265738487243652344e-01 3.215240722056478262e-04 1.055151969194412231e-01
1.141740940511226654e-02 2.650591341080144048e-05 9.559803875163197517e-04 9.876000881195068359e-01
5.964521784335374832e-03 5.518157035112380981e-02 5.545513331890106201e-02 8.833987712860107422e-01
