3.293741319794207811e-04 4.238723777234554291e-04 9.693511128425598145e-01 2.989568933844566345e-02
1.373746927129104733e-04 9.950878024101257324e-01 2.104219514876604080e-03 2.670584479346871376e-03
2.299007064721081406e-07 9.968772530555725098e-01 3.089431440457701683e-03 3.305838254163973033e-05
6.275437044678255916e-06 3.335289875394664705e-05 9.995926618576049805e-01 3.676797787193208933e-04
9.999883770942687988e-01 4.113443992537213489e-06 1.373979898744437378e-06 6.041684628144139424e-06
9.271859526634216309e-01 7.349295541644096375e-03 5.933791026473045349e-02 6.126805208623409271e-03
1.735599653329700232e-05 9.999393224716186523e-01 3.777940219151787460e-05 5.542674898606492206e-06
4.159518575761467218e-04 9.995301365852355957e-01 2.170102379750460386e-05 3.225036562071181834e-05
9.999746680259704590e-01 5.174778834771132097e-06 2.846387815225170925e-06 1.734869692882057279e-05
1.849275395215954632e-05 6.591462064534425735e-03 9.933583140373229980e-01 3.173263394273817539e-05
4.581912944559007883e-04 3.540731733664870262e-03 5.894590020179748535e-01 4.065421223640441895e-01
2.672239672392606735e-03 3.375962376594543457e-03 9.716867804527282715e-01 2.226500399410724640e-02
