3.931019953995473770e-09 4.941516220569610596e-01 3.796754754148423672e-04 5.054687261581420898e-01
6.532448370171641317e-18 1.000000000000000000e+00 8.876596128471125859e-19 1.546250373406599739e-17
9.486074850428849459e-05 1.700723329528530670e-12 9.999051094055175781e-01 7.766551984866865155e-11
4.657440781593322754e-01 1.066118837655949392e-08 5.311101078987121582e-01 3.145758528262376785e-03
1.521377712488174438e-01 7.997664752679156663e-09 8.478622436523437500e-01 1.891155898547935976e-09
3.858058317263157733e-10 1.000000000000000000e+00 8.440256414783686711e-15 1.372681916050888518e-12
6.205036839901367784e-08 9.639607014833018184e-06 1.319327205419540405e-02 9.867970347404479980e-01
1.000000000000000000e+00 4.493832837987356469e-20 4.269727746277623970e-14 1.920299993990245484e-22
1.000000000000000000e+00 7.900421311081429199e-14 6.995845569512937345e-11 3.163354300728116186e-10
2.901450781023218184e-13 1.000000000000000000e+00 3.742051113420075126e-09 1.765725411241906521e-15
6.121269543534903321e-17 9.711673305823342872e-12 2.734012696237186901e-06 9.999973177909851074e-01
2.242524317352945218e-07 9.999996423721313477e-01 4.661200136979459785e-08 6.877871161492521423e-09
