1.203329861164093018e-01 3.660034853965044022e-04 7.152619305998086929e-03 8.721483945846557617e-01
9.665128588676452637e-01 5.201905150897800922e-04 3.281098604202270508e-02 1.560123346280306578e-04
6.768969446420669556e-02 1.580408588051795959e-02 9.164840579032897949e-01 2.211275750596541911e-05
8.771771565079689026e-03 9.136934876441955566e-01 7.639529556035995483e-02 1.139339059591293335e-03
9.994852542877197266e-01 2.037861704593524337e-04 3.068733785767108202e-04 4.142236321058589965e-06
7.565677911043167114e-02 9.121340513229370117e-01 1.730112489894963801e-05 1.219180412590503693e-02
9.272306561470031738e-01 5.398671055445447564e-05 5.723285139538347721e-04 7.214308530092239380e-02
1.225414872169494629e-02 2.537011168897151947e-02 3.997263556811958551e-04 9.619759917259216309e-01
9.878196287900209427e-04 9.989134073257446289e-01 5.100974931337987073e-07 9.830232738750055432e-05
3.782539351959712803e-05 6.164611876010894775e-02 3.032948449254035950e-02 9.079865813255310059e-01
7.663344591856002808e-02 5.860556848347187042e-03 7.993216514587402344e-01 1.181843504309654236e-01
7.386339902877807617e-01 2.214963751612231135e-04 4.480195231735706329e-03 2.566643059253692627e-01
