8.398750424385070801e-01 1.574723869562149048e-01 2.195612294599413872e-03 4.568832810036838055e-04
1.125405542552471161e-04 2.202018052339553833e-01 8.564197923988103867e-05 7.795999646186828613e-01
7.212287187576293945e-01 1.783574521541595459e-01 9.951917082071304321e-02 8.945831796154379845e-04
2.295489013195037842e-01 7.362558245658874512e-01 3.296636417508125305e-02 1.228903536684811115e-03
9.221988320350646973e-01 4.218184039928019047e-04 9.974877350032329559e-03 6.740450859069824219e-02
8.717578649520874023e-01 1.953183440491557121e-03 1.010112557560205460e-02 1.161878407001495361e-01
1.636565230000996962e-06 1.238361001014709473e-03 9.983496069908142090e-01 4.103576648049056530e-04
4.749551299028098583e-04 7.553356289863586426e-01 2.290704101324081421e-01 1.511896681040525436e-02
1.937231980264186859e-03 5.266738310456275940e-02 3.202300369739532471e-01 6.251653432846069336e-01
4.473578519537113607e-05 9.902788996696472168e-01 9.651902131736278534e-03 2.446470352879259735e-05
2.219071939180139452e-05 9.690240621566772461e-01 3.092624992132186890e-02 2.748597398749552667e-05
5.127671640366315842e-03 4.500674605369567871e-01 5.729712545871734619e-03 5.390751957893371582e-01
