7.609486929140985012e-04 7.139841272874036804e-06 1.803767681121826172e-01 8.188551068305969238e-01
8.081275154836475849e-05 9.998349547386169434e-01 8.198452269425615668e-05 2.157530161639442667e-06
2.437589317560195923e-02 1.876775026321411133e-01 1.933196000754833221e-02 7.686145901679992676e-01
1.031280234456062317e-01 1.938238143920898438e-01 6.103712320327758789e-02 6.420110464096069336e-01
6.650607567280530930e-03 7.647186517715454102e-01 2.285854220390319824e-01 4.535019252216443419e-05
1.809321256587281823e-04 3.662239015102386475e-02 1.593570341356098652e-04 9.630373120307922363e-01
3.517329969326965511e-05 2.583636902272701263e-03 6.502563337562605739e-05 9.973161816596984863e-01
2.568045056250412017e-05 2.747480524703860283e-03 1.328402850776910782e-02 9.839428067207336426e-01
2.007377333939075470e-03 6.949100497877225280e-05 8.077189326286315918e-01 1.902041882276535034e-01
9.255107045173645020e-01 3.965072100982069969e-04 7.213186472654342651e-02 1.960894558578729630e-03
3.588929985198774375e-06 2.858702373487176374e-06 1.975373606910579838e-06 9.999915957450866699e-01
9.991469979286193848e-01 8.490782929584383965e-04 3.224813326596631669e-06 7.541204354311048519e-07
