2.177054062485694885e-02 8.575020474381744862e-04 3.404120681807398796e-03 9.739678502082824707e-01
3.098391182720661163e-02 8.016354986466467381e-04 9.681965708732604980e-01 1.791386057448107749e-05
1.985888779163360596e-01 7.145331501960754395e-01 7.440552115440368652e-02 1.247255131602287292e-02
4.550888389348983765e-02 1.841998164309188724e-04 1.292510546591074672e-06 9.543055891990661621e-01
1.018937327899038792e-03 9.828810691833496094e-01 1.604874618351459503e-02 5.125832831254228950e-05
2.597289159893989563e-03 5.835693809785880148e-05 9.972617626190185547e-01 8.257883018814027309e-05
2.049015847660484724e-06 5.513145588338375092e-04 2.213421976193785667e-05 9.994245171546936035e-01
4.423466511070728302e-03 1.131502985954284668e-01 3.097903728485107422e-01 5.726358890533447266e-01
8.062926353886723518e-04 9.475507540628314018e-04 1.645058946451172233e-04 9.980816841125488281e-01
4.185949563980102539e-01 2.134530586772598326e-05 3.238593535570544191e-06 5.813804864883422852e-01
1.111674500862136483e-04 6.697915792465209961e-01 8.994921809062361717e-04 3.291977643966674805e-01
1.630254322662949562e-03 6.468790769577026367e-01 3.513497114181518555e-01 1.408861717209219933e-04
