3.844643011689186096e-02 4.839391294808592647e-06 9.613936543464660645e-01 1.551384921185672283e-04
1.396175660192966461e-02 9.420729428529739380e-02 8.916156291961669922e-01 2.153309178538620472e-04
5.375943146646022797e-06 9.391316175460815430e-01 6.084609031677246094e-02 1.687889744061976671e-05
2.839760963979642838e-05 1.378947199555113912e-04 9.935410618782043457e-01 6.292605772614479065e-03
2.756294328719377518e-03 5.272382870316505432e-02 9.146959185600280762e-01 2.982399612665176392e-02
2.412252570138662122e-06 3.743115667020902038e-05 9.999577999114990234e-01 2.440359139654901810e-06
9.709838923299685121e-05 9.998382329940795898e-01 3.031112646567635238e-05 3.446399932727217674e-05
9.729351997375488281e-01 8.482554694637656212e-04 2.576734498143196106e-02 4.492385778576135635e-04
1.130627970269415528e-05 9.511894859315361828e-06 9.999445676803588867e-01 3.467260467004962265e-05
5.031350156059488654e-06 6.778796315193176270e-01 1.017028262140229344e-05 3.221051692962646484e-01
4.446209932211786509e-04 9.916580915451049805e-01 2.683372236788272858e-03 5.213839467614889145e-03
8.793070912361145020e-03 3.683958993860869668e-06 1.062792216544039547e-04 9.910969138145446777e-01
