9.999218583106994629e-01 2.280472108395770192e-05 3.729600211954675615e-05 1.806579348340164870e-05
9.986387491226196289e-01 1.313544344156980515e-03 3.285299681010656059e-05 1.489258465880993754e-05
1.193409040570259094e-01 1.299717405345290899e-04 8.092185854911804199e-01 7.131049782037734985e-02
8.314583301544189453e-01 3.369142767041921616e-03 1.644063293933868408e-01 7.662216085009276867e-04
9.917984604835510254e-01 7.919062860310077667e-03 1.319708098890259862e-05 2.693351125344634056e-04
5.374840475269593298e-05 5.266192019917070866e-04 9.992356896400451660e-01 1.839119504438713193e-04
2.597426772117614746e-01 1.324066659435629845e-03 7.365669608116149902e-01 2.366345608606934547e-03
4.975032061338424683e-02 7.409974467009305954e-03 6.541873328387737274e-03 9.362978339195251465e-01
4.401587694883346558e-02 1.465133973397314548e-04 5.622594151645898819e-03 9.502149820327758789e-01
1.836433693824801594e-05 9.996666908264160156e-01 2.396209674770943820e-05 2.910071052610874176e-04
7.560497522354125977e-01 1.618827693164348602e-03 3.031454798474442214e-05 2.423011809587478638e-01
3.328169137239456177e-02 4.337091231718659401e-04 9.661328196525573730e-01 1.517669879831373692e-04
