9.705324769020080566e-01 2.045316994190216064e-02 9.013567119836807251e-03 7.485889454983407632e-07
1.179260380013147369e-06 9.999979734420776367e-01 8.984351751450958545e-08 7.558746801805682480e-07
2.411765308352187276e-06 1.799422170734032989e-04 1.349054276943206787e-03 9.984685778617858887e-01
9.820708632469177246e-01 1.864883779489900917e-05 9.481785818934440613e-04 1.696231029927730560e-02
9.983956217765808105e-01 1.470600953325629234e-03 4.100469141121720895e-06 1.296520495088770986e-04
1.890119016170501709e-01 4.380318569019436836e-05 6.823044419288635254e-01 1.286397576332092285e-01
5.911922454833984375e-01 1.195383444428443909e-01 2.499348670244216919e-01 3.933447599411010742e-02
1.183839282020926476e-03 9.947471022605895996e-01 1.740375228109769523e-05 4.051556345075368881e-03
9.948197007179260254e-01 4.112143069505691528e-03 1.055878470651805401e-03 1.228371365868952125e-05
1.148059163824655116e-04 9.935945272445678711e-01 6.282858550548553467e-03 7.836313670850358903e-06
6.386774202837841585e-07 5.516416058526374400e-05 3.232995027246943209e-07 9.999439120292663574e-01
3.616545873228460550e-04 3.335502445697784424e-01 6.627182960510253906e-01 3.369811223819851875e-03
