5.114435043651610613e-05 9.999231100082397461e-01 1.018578495859401301e-05 1.548057116451673210e-05
5.635259731207042933e-05 5.606314167380332947e-03 2.423352794721722603e-03 9.919139742851257324e-01
7.362547516822814941e-02 1.561215380206704140e-03 5.723684444092214108e-04 9.242410063743591309e-01
2.129795961081981659e-03 1.111650690436363220e-01 3.153367288177832961e-05 8.866736292839050293e-01
9.999418258666992188e-01 4.471892680157907307e-05 7.595500392199028283e-06 5.846573003509547561e-06
1.467115283012390137e-01 2.842237241566181183e-02 4.287471249699592590e-02 7.819913625717163086e-01
1.732831879053264856e-04 2.670284302439540625e-04 1.487955705670174211e-05 9.995447993278503418e-01
9.544633626937866211e-01 1.595812645973637700e-04 4.537343606352806091e-02 3.714667627718881704e-06
9.990450739860534668e-01 8.242033072747290134e-04 7.730563993391115218e-06 1.230031484737992287e-04
9.171211422653868794e-05 9.668565392494201660e-01 6.160041084513068199e-04 3.243571147322654724e-02
7.372860272880643606e-05 8.395478944294154644e-04 2.686881721019744873e-01 7.303985357284545898e-01
7.748526334762573242e-01 3.856353461742401123e-02 1.786910295486450195e-01 7.892837747931480408e-03
