1.356684151687659323e-06 9.999965429306030273e-01 1.994777676372905262e-06 1.526467343637705198e-07
1.920721115311607718e-04 9.997400045394897461e-01 1.009942752716597170e-05 5.777614205726422369e-05
3.197007345079327933e-06 4.262651145836571231e-06 9.971797466278076172e-01 2.812804421409964561e-03
1.769155204556227545e-07 4.302269007894210517e-05 9.999567270278930664e-01 9.696648106682914658e-08
2.832919918000698090e-02 1.361374506814172491e-05 8.117406832752749324e-05 9.715760350227355957e-01
1.315133739262819290e-02 1.081046182662248611e-02 9.758266806602478027e-01 2.115152601618319750e-04
1.072751558695017593e-07 9.994393587112426758e-01 8.477967639919370413e-05 4.757773131132125854e-04
2.617766149342060089e-03 7.444929906341712922e-06 9.973373413085937500e-01 3.746803122339770198e-05
9.706137776374816895e-01 5.304835667629959062e-06 2.908824384212493896e-02 2.926873858086764812e-04
1.086206827312707901e-02 9.863152503967285156e-01 2.620313083752989769e-03 2.023531851591542363e-04
1.606691967026563361e-06 1.213556242873892188e-05 9.999835491180419922e-01 2.664985004230402410e-06
9.245068213203921914e-06 9.997878074645996094e-01 1.530488952994346619e-04 4.984782572137191892e-05
