1.093842089176177979e-03 2.397645963355898857e-03 4.111081827431917191e-03 9.923974275588989258e-01
2.915493387263268232e-04 8.112906813621520996e-01 2.387257525697350502e-03 1.860305368900299072e-01
7.692185044288635254e-01 1.731641143560409546e-01 2.150037325918674469e-03 5.546736344695091248e-02
1.443080836907029152e-03 1.352082705125212669e-03 1.257787953363731503e-04 9.970790743827819824e-01
2.164548262953758240e-03 2.210378646850585938e-03 5.434236675500869751e-02 9.412826895713806152e-01
6.036295741796493530e-02 5.807676166296005249e-02 1.471663825213909149e-03 8.800886273384094238e-01
7.515617012977600098e-01 2.342734634876251221e-01 1.385033037513494492e-02 3.144752990920096636e-04
9.398940205574035645e-02 2.985574677586555481e-02 3.162761859130114317e-04 8.758385777473449707e-01
7.128868699073791504e-01 3.973214188590645790e-05 2.867711186408996582e-01 3.022313758265227079e-04
2.483310643583536148e-03 9.921397577272728086e-06 1.477862133469898254e-05 9.974920153617858887e-01
9.991300702095031738e-01 8.238050213549286127e-06 5.841850452270591632e-06 8.558717672713100910e-04
2.449214844091329724e-05 9.981287717819213867e-01 2.594439138192683458e-05 1.820826088078320026e-03
