9.352252163807861507e-06 9.985553622245788574e-01 1.433690544217824936e-03 1.557795371809334029e-06
6.852161884307861328e-02 2.708823594730347395e-04 1.515869284048676491e-03 9.296916723251342773e-01
7.481117546558380127e-02 1.309583021793514490e-04 7.442302107810974121e-01 1.808276623487472534e-01
2.901990199461579323e-03 7.341361604630947113e-03 8.842970728874206543e-01 1.054595783352851868e-01
9.985920190811157227e-01 4.501055082073435187e-05 1.111624413169920444e-03 2.513551735319197178e-04
9.514867088000755757e-06 4.277263997209956869e-06 9.999474883079528809e-01 3.872072920785285532e-05
5.115293338894844055e-02 8.199848816730082035e-04 8.569090366363525391e-01 9.111805260181427002e-02
8.083601295948028564e-02 3.280767472460865974e-03 1.415239330526674166e-05 9.158690571784973145e-01
2.527613251004368067e-04 8.301709294319152832e-01 1.680553555488586426e-01 1.520942896604537964e-03
1.531440764665603638e-03 8.493487834930419922e-01 5.698807910084724426e-02 9.213168174028396606e-02
9.636177420616149902e-01 3.133839694783091545e-03 2.839208173099905252e-04 3.296451270580291748e-02
5.106465425342321396e-03 4.034281882923096418e-04 9.942986369132995605e-01 1.914593012770637870e-04
