8.658015576656907797e-05 9.366580247879028320e-01 5.709015578031539917e-02 6.165171507745981216e-03
9.985502362251281738e-01 7.635288638994097710e-04 6.837803521193563938e-04 2.506643113520112820e-06
9.995548725128173828e-01 5.686807526217307895e-06 3.523845225572586060e-04 8.704456558916717768e-05
9.939509034156799316e-01 1.100460300222039223e-03 1.433532133887638338e-06 4.947228822857141495e-03
6.479687243700027466e-02 2.083047106862068176e-02 1.243177335709333420e-02 9.019408822059631348e-01
2.546401461586356163e-03 1.211796179413795471e-01 8.656600713729858398e-01 1.061391923576593399e-02
7.454088330268859863e-01 2.178515680134296417e-02 2.273662984371185303e-01 5.439657252281904221e-03
7.914978777989745140e-05 2.334711552975932136e-06 9.998885989189147949e-01 2.995967952301725745e-05
3.279493466834537685e-05 2.757225047389511019e-05 2.507742941379547119e-01 7.491652965545654297e-01
3.005247414112091064e-01 2.893339842557907104e-04 6.991600990295410156e-01 2.586931623227428645e-05
1.426995247602462769e-01 6.196883623488247395e-05 8.570415973663330078e-01 1.969545264728367329e-04
7.272877693176269531e-01 9.846328757703304291e-04 2.697551846504211426e-01 1.972456928342580795e-03
