8.120944499969482422e-01 4.072565934620797634e-05 1.716666854918003082e-03 1.861481666564941406e-01
3.469930015853606164e-05 2.043918892741203308e-02 1.670506894588470459e-01 8.124753832817077637e-01
1.644984353333711624e-03 1.546149178466293961e-05 6.500550359487533569e-02 9.333340525627136230e-01
2.362231956794857979e-03 8.304516226053237915e-02 2.830741686921101063e-05 9.145642518997192383e-01
4.128856016905046999e-05 8.829584839986637235e-05 7.798488695698324591e-06 9.998626112937927246e-01
9.931162595748901367e-01 6.492617540061473846e-03 3.690681187435984612e-04 2.208843579865060747e-05
8.004917617654427886e-06 5.371492588892579079e-04 9.994454383850097656e-01 9.396821042173542082e-06
1.479647606611251831e-01 8.499519228935241699e-01 8.207147038774564862e-05 2.001179382205009460e-03
9.995427727699279785e-01 5.390176374930888414e-05 6.768388993805274367e-05 3.356405650265514851e-04
9.968450665473937988e-01 2.521040849387645721e-03 6.253444589674472809e-04 8.630240699858404696e-06
9.878962009679526091e-05 2.421563658572267741e-05 2.233788818120956421e-01 7.764980792999267578e-01
4.469181931199273095e-06 9.998590946197509766e-01 1.326929050264880061e-04 3.741332193385460414e-06
