9.944483637809753418e-01 6.115878204582259059e-05 5.444742273539304733e-03 4.571752651827409863e-05
6.738084554672241211e-02 1.783387851901352406e-03 1.340260205324739218e-04 9.307017326354980469e-01
9.315421581268310547e-01 1.108894497156143188e-02 6.574282888323068619e-03 5.079458653926849365e-02
7.448331713676452637e-01 2.139096148312091827e-02 2.920927293598651886e-02 2.045665979385375977e-01
1.080412621377035975e-04 4.414091563376132399e-06 9.959409832954406738e-01 3.946569282561540604e-03
3.909098915755748749e-03 2.793602459132671356e-02 1.209157471748767421e-05 9.681428074836730957e-01
7.257395982742309570e-01 5.791822331957519054e-04 2.716571688652038574e-01 2.024027518928050995e-03
1.942128688097000122e-01 6.207405589520931244e-03 3.630805294960737228e-03 7.959489226341247559e-01
9.261492959922179580e-05 8.428130745887756348e-01 1.463656080886721611e-03 1.556306630373001099e-01
4.315382614731788635e-02 7.127047777175903320e-01 1.318691065534949303e-04 2.440095245838165283e-01
2.799345020321197808e-05 9.989138841629028320e-01 7.098382338881492615e-04 3.482501488178968430e-04
7.062610983848571777e-01 4.184748046100139618e-03 2.001385390758514404e-01 8.941560238599777222e-02
