1.360990281682461500e-04 9.998361468315124512e-01 2.149529973394237459e-05 6.216683686943724751e-06
6.121151149272918701e-02 2.905144647229462862e-04 9.384960532188415527e-01 1.980361048481427133e-06
9.998542666435241699e-01 3.053937234653858468e-06 1.314276596531271935e-04 1.123301899497164413e-05
2.378147561103105545e-03 6.659427890554070473e-05 9.759454131126403809e-01 2.160982042551040649e-02
1.231449935585260391e-02 6.740882061421871185e-03 1.181179191917181015e-03 9.797634482383728027e-01
3.549933535396121442e-05 9.993843436241149902e-01 5.136497784405946732e-04 6.662469968432560563e-05
1.594325294718146324e-03 9.925500154495239258e-01 5.692258011549711227e-03 1.633610809221863747e-04
9.859922528266906738e-01 4.164141428191214800e-04 1.357076689600944519e-02 2.043932181550189853e-05
1.337522524408996105e-03 6.545954965986311436e-04 5.038238130509853363e-03 9.929696917533874512e-01
8.499456569552421570e-03 6.205308600328862667e-04 9.908675551414489746e-01 1.242283906321972609e-05
2.630504220724105835e-02 8.165758481482043862e-05 3.951219841837882996e-03 9.696621298789978027e-01
9.999679327011108398e-01 2.264810791530180722e-05 2.200310973421437666e-06 7.271635695360600948e-06
