8.642213344573974609e-01 1.356807947158813477e-01 2.290823431394528598e-05 7.494251622119918466e-05
7.957152724266052246e-01 1.727567166090011597e-01 1.607898448128253222e-04 3.136724978685379028e-02
7.120749447494745255e-03 5.488445094670169055e-05 2.834965416695922613e-04 9.925408959388732910e-01
2.982655772939324379e-03 6.558161228895187378e-02 9.305341839790344238e-01 9.015519754029810429e-04
8.502216637134552002e-02 1.039389222860336304e-01 2.660686150193214417e-02 7.844320535659790039e-01
4.487305413931608200e-03 9.174340963363647461e-01 1.227170514539466240e-06 7.807730883359909058e-02
6.716453004628419876e-03 3.373729288578033447e-01 1.765282638370990753e-02 6.382578015327453613e-01
3.180043026804924011e-02 7.558675861218944192e-06 9.681336283683776855e-01 5.840405719936825335e-05
3.912865649908781052e-03 9.960650205612182617e-01 1.821439218474552035e-05 3.863831807393580675e-06
1.635184016777202487e-04 9.997845292091369629e-01 4.430447006598114967e-05 7.666201781830750406e-06
4.623501561582088470e-03 2.809484722092747688e-03 1.955638144863769412e-04 9.923714399337768555e-01
2.235390394926071167e-01 7.760853171348571777e-01 2.908011374529451132e-04 8.475127833662554622e-05
