1.363535411655902863e-03 9.226652383804321289e-01 2.004229827434755862e-05 7.595124840736389160e-02
2.740430063568055630e-04 7.084868411766365170e-05 8.651923271827399731e-04 9.987899661064147949e-01
1.884511113166809082e-01 1.875817216932773590e-02 1.160088228061795235e-03 7.916306257247924805e-01
9.894628601614385843e-05 5.205413699150085449e-02 9.136722087860107422e-01 3.417472913861274719e-02
7.568039931356906891e-03 2.345131039619445801e-01 1.409003324806690216e-02 7.438288331031799316e-01
2.395835816860198975e-01 7.575492262840270996e-01 8.740947669139131904e-05 2.779878210276365280e-03
1.421425607986748219e-03 3.440405416768044233e-04 7.863234728574752808e-02 9.196022152900695801e-01
7.368157821474596858e-05 2.325673401355743408e-02 9.736757278442382812e-01 2.993885194882750511e-03
1.229815483093261719e-01 8.194713154807686806e-04 8.761868476867675781e-01 1.210141272167675197e-05
3.662585513666272163e-04 2.602343913167715073e-03 9.970030784606933594e-01 2.830405901477206498e-05
7.205119729042053223e-01 2.506957054138183594e-01 4.125481937080621719e-03 2.466684579849243164e-02
1.330723166465759277e-01 9.433632716536521912e-03 8.571727275848388672e-01 3.213400486856698990e-04
