6.576295010745525360e-03 3.573118738131597638e-05 9.932984113693237305e-01 8.952272764872759581e-05
8.389614777115639299e-06 1.900003850460052490e-02 9.809839725494384766e-01 7.615039976371917874e-06
4.221822018735110760e-04 5.269525572657585144e-04 4.766866550198756158e-05 9.990031719207763672e-01
7.684192496526520699e-06 9.425643656868487597e-05 2.004303496505599469e-06 9.998960494995117188e-01
6.759526877431198955e-05 9.839262020250316709e-06 9.998504519462585449e-01 7.209109753603115678e-05
9.992688894271850586e-01 6.912336102686822414e-04 9.076234164240304381e-06 3.092881524935364723e-05
7.594036287628114223e-04 9.983770251274108887e-01 1.269815129489870742e-05 8.508985629305243492e-04
9.992410540580749512e-01 6.340758318401640281e-06 3.113187267445027828e-04 4.412066773511469364e-04
3.624474338721483946e-04 1.209962181746959686e-02 1.984589267522096634e-03 9.855533242225646973e-01
9.966208934783935547e-01 3.943560004699975252e-04 2.943962579593062401e-03 4.068915586685761809e-05
4.802328476216644049e-06 6.737656146287918091e-02 9.325072765350341797e-01 1.113277394324541092e-04
6.616964583372464404e-06 3.615168679971247911e-04 9.996301531791687012e-01 1.786734515007992741e-06
