9.099254384636878967e-05 7.852605108382704202e-07 9.999063014984130859e-01 1.869399966381024569e-06
9.911339879035949707e-01 6.098979065427556634e-05 9.796657104743644595e-05 8.707064203917980194e-03
1.644039429038457456e-07 9.999932646751403809e-01 1.603480654921440873e-07 6.497033609775826335e-06
2.986828562256960140e-08 2.759894869086565450e-06 9.994830489158630371e-01 5.141464644111692905e-04
2.275024307891726494e-03 1.112482550524873659e-06 9.543318748474121094e-01 4.339204356074333191e-02
1.052274554967880249e-02 9.890108704566955566e-01 4.671081114793196321e-05 4.196384688839316368e-04
9.981168508529663086e-01 1.109906239435076714e-03 6.695895717712119222e-05 7.062691147439181805e-04
9.879022836685180664e-01 5.148026048118481413e-06 1.205030642449855804e-02 4.219605762045830488e-05
1.643689116463065147e-03 9.961258172988891602e-01 6.276724775489128660e-07 2.229843987151980400e-03
9.858639240264892578e-01 7.521820254623889923e-03 6.093364674597978592e-03 5.208020447753369808e-04
1.804615021683275700e-05 9.999755620956420898e-01 2.794847205223049968e-06 3.692058498927508481e-06
1.564124104334041476e-04 9.997808337211608887e-01 6.025460606906563044e-05 2.490118049536249600e-06
