5.246303771855309606e-06 9.411665797233581543e-01 5.360429733991622925e-02 5.223896354436874390e-03
8.072415948845446110e-05 2.730896812863647938e-04 9.993304610252380371e-01 3.156496386509388685e-04
1.432201543138944544e-06 9.992037415504455566e-01 2.705070301090017892e-06 7.921701762825250626e-04
1.248150329047348350e-05 9.999820590019226074e-01 1.432058116535017689e-08 5.380811217037262395e-06
3.716031415024190210e-06 4.600791260600090027e-03 1.786954817362129688e-05 9.953776597976684570e-01
9.999794363975524902e-01 1.302169584960211068e-05 1.940268475664197467e-06 5.648474143526982516e-06
3.871820410950022051e-07 9.999509453773498535e-01 4.841438931180164218e-05 2.439846582547033904e-07
4.725994585896842182e-05 4.913078100798884407e-06 9.999075531959533691e-01 4.033241930301301181e-05
9.968506097793579102e-01 3.265486157033592463e-04 2.822614740580320358e-03 2.451812122217233991e-07
1.704908162355422974e-02 9.287426248192787170e-03 1.392378471791744232e-02 9.597396850585937500e-01
2.105611019942443818e-05 4.662867468141485006e-06 3.017220251422259025e-06 9.999712705612182617e-01
5.102511568111367524e-05 3.446472343057394028e-03 9.949122667312622070e-01 1.590290223248302937e-03
