9.991638064384460449e-01 9.723374387249350548e-05 3.446007031016051769e-05 7.044174126349389553e-04
9.990803003311157227e-01 3.825288149528205395e-04 2.226149663329124451e-04 3.145559458062052727e-04
9.405052661895751953e-01 4.500081413425505161e-04 5.904110893607139587e-02 3.588718527680612169e-06
1.288829225813969970e-04 9.100812077522277832e-01 8.388406968151684850e-06 8.978150784969329834e-02
1.811887323856353760e-02 8.305371403694152832e-01 1.117114879889413714e-04 1.512322574853897095e-01
7.808969616889953613e-01 8.591874939156696200e-05 2.184137254953384399e-01 6.034696707502007484e-04
8.775830864906311035e-01 1.123904599808156490e-03 3.059955500066280365e-02 9.069336205720901489e-02
1.782541221473366022e-05 8.350617289543151855e-01 1.648772358894348145e-01 4.321767119108699262e-05
9.714916348457336426e-01 2.909772156272083521e-04 2.630151249468326569e-02 1.915852888487279415e-03
6.261088419705629349e-04 2.677178084850311279e-01 7.316175103187561035e-01 3.862698940793052316e-05
9.960276484489440918e-01 3.413514932617545128e-03 5.561303114518523216e-04 2.709031377889914438e-06
1.958431312232278287e-05 4.153371628490276635e-05 1.057875342667102814e-04 9.998331069946289062e-01
