6.722567923134192824e-05 8.999369144439697266e-01 1.273033092729747295e-03 9.872279316186904907e-02
8.440384990535676479e-04 1.849050633609294891e-02 5.561245605349540710e-02 9.250530600547790527e-01
9.999931454658508301e-01 2.175230065404321067e-06 2.588781171652954072e-06 2.117573558280128054e-06
4.688864919444313273e-06 6.584667744391481392e-07 4.583949339576065540e-05 9.999487996101379395e-01
6.645014882087707520e-01 1.422842741012573242e-01 1.931609660387039185e-01 5.318016337696462870e-05
8.621298670768737793e-01 1.440860651200637221e-04 4.074683412909507751e-02 9.697929024696350098e-02
6.569567918777465820e-01 3.696248307824134827e-02 2.872709333896636963e-01 1.880984380841255188e-02
9.311651587486267090e-01 2.781739924103021622e-03 3.360987082123756409e-02 3.244322910904884338e-02
4.792099389305803925e-06 5.839180175826186314e-06 9.998468160629272461e-01 1.425823720637708902e-04
1.739202253520488739e-02 9.296118617057800293e-01 1.386809512041509151e-03 5.160930007696151733e-02
1.315975445322692394e-03 9.716821908950805664e-01 3.247226821258664131e-03 2.375466749072074890e-02
1.423734374839114025e-06 9.999846816062927246e-01 1.365566731692524627e-05 2.630834501360368449e-07
