6.201120018959045410e-01 2.718860805034637451e-01 1.079460829496383667e-01 5.588611384155228734e-05
4.593980847857892513e-04 9.460322856903076172e-01 5.037152767181396484e-02 3.136745421215891838e-03
1.152030677076254506e-06 2.195235424551356118e-07 9.993790984153747559e-01 6.195183959789574146e-04
9.927135705947875977e-01 1.622242416488006711e-05 3.150300108245573938e-05 7.238700985908508301e-03
9.239286300726234913e-04 3.451498196227476001e-05 2.508173224669008050e-07 9.990413188934326172e-01
9.999788403511047363e-01 2.162941655114991590e-06 1.506198600509378593e-06 1.748501927067991346e-05
1.622534182388335466e-04 9.998139142990112305e-01 2.121757461281958967e-05 2.636071030792663805e-06
6.630321731790900230e-04 2.187107565987389535e-05 4.063575470354408026e-04 9.989087581634521484e-01
1.628221434657461941e-05 2.648677082106587477e-07 3.464932888164184988e-06 9.999799728393554688e-01
9.336556792259216309e-01 7.072164444252848625e-04 1.308458577841520309e-02 5.255256965756416321e-02
6.116480217315256596e-04 9.993789792060852051e-01 4.041883130412315950e-06 5.308286290528485551e-06
7.405903306789696217e-05 2.088440349325537682e-03 1.206867978908121586e-03 9.966306090354919434e-01
