8.833644390106201172e-01 1.130853369832038879e-01 2.242209302494302392e-04 3.326067700982093811e-03
6.047697970643639565e-04 1.487265527248382568e-01 1.508264522999525070e-02 8.355860114097595215e-01
3.386906428204383701e-06 9.959919378161430359e-03 9.620605707168579102e-01 2.797619253396987915e-02
1.156949074356816709e-04 9.723488688468933105e-01 2.637127414345741272e-02 1.164074055850505829e-03
1.214796677231788635e-01 8.780430555343627930e-01 1.657203247305005789e-04 3.115805156994611025e-04
5.834177136421203613e-04 4.065375833306461573e-05 2.162711927667260170e-03 9.972132444381713867e-01
8.498514294624328613e-01 1.490501165390014648e-01 1.033644541166722775e-03 6.489318184321746230e-05
4.960141330957412720e-02 2.613961994647979736e-01 6.871697902679443359e-01 1.832591835409402847e-03
2.569024582044221461e-05 2.583964727818965912e-03 1.786821849236730486e-05 9.973724484443664551e-01
2.089185873046517372e-03 4.492241423577070236e-03 4.365419149398803711e-01 5.568767189979553223e-01
9.986745119094848633e-01 8.341755019500851631e-04 4.026212554890662432e-04 8.868889563018456101e-05
1.335576962446793914e-04 1.900174422189593315e-03 2.612512186169624329e-02 9.718410968780517578e-01
