9.866425395011901855e-01 5.653760861605405807e-03 2.603357188490917906e-06 7.701092865318059921e-03
9.979937672615051270e-01 1.124874339438974857e-03 2.894405952247325331e-05 8.524201693944633007e-04
3.880294389091432095e-04 9.939920855686068535e-04 9.985272288322448730e-01 9.076826245291158557e-05
9.607807993888854980e-01 2.246537187602370977e-04 3.221068158745765686e-02 6.783898454159498215e-03
5.747516988776624203e-04 2.298544713994488120e-04 9.863758087158203125e-01 1.281960494816303253e-02
5.074109594715991989e-06 2.110820641973987222e-04 9.997269511222839355e-01 5.683440394932404160e-05
1.660385634750127792e-03 8.847368955612182617e-01 3.584067523479461670e-02 7.776204496622085571e-02
9.986893534660339355e-01 8.577170774515252560e-06 5.422574467957019806e-04 7.597826188430190086e-04
8.853414654731750488e-01 3.192105505149811506e-04 1.133127287030220032e-01 1.026575104333460331e-03
9.998558759689331055e-01 3.686736454255878925e-05 1.012495631584897637e-04 5.976532065687933937e-06
3.886883705854415894e-02 6.099676465964876115e-05 9.598537683486938477e-01 1.216416363604366779e-03
5.019865036010742188e-01 1.627517677843570709e-02 4.632391631603240967e-01 1.849907077848911285e-02
