7.087926864624023438e-01 1.496789455413818359e-01 1.391945034265518188e-01 2.333795884624123573e-03
8.759312913753092289e-05 5.341174528439296409e-06 1.915261149406433105e-03 9.979918003082275391e-01
1.948546241692383774e-06 9.999829530715942383e-01 1.147699549619574100e-06 1.399216762365540490e-05
4.852119460701942444e-02 7.294977456331253052e-02 2.819556742906570435e-02 8.503333926200866699e-01
9.912639856338500977e-01 3.944200463593006134e-03 4.782263655215501785e-03 9.575505828252062201e-06
9.151397272944450378e-03 7.254777550697326660e-01 2.641510069370269775e-01 1.219814992509782314e-03
4.101369631825946271e-05 2.450578051593765849e-07 3.938858571927994490e-05 9.999194145202636719e-01
3.172055119648575783e-03 6.596500752493739128e-04 9.959670901298522949e-01 2.012004115385934711e-04
2.329257875680923462e-02 9.740545153617858887e-01 2.610577736049890518e-03 4.235261440044268966e-05
2.040748768195044249e-06 1.548779778204334434e-06 2.159381256205961108e-05 9.999747872352600098e-01
2.754227221012115479e-01 9.072387963533401489e-02 2.403871417045593262e-01 3.934662044048309326e-01
3.069191006943583488e-04 4.310667216777801514e-01 5.677572488784790039e-01 8.691040566191077232e-04
