1.918570887937676162e-06 2.949454483314184472e-06 9.999920725822448730e-01 3.087325239903293550e-06
6.778497714549303055e-03 4.932814408675767481e-05 9.930481314659118652e-01 1.240784913534298539e-04
9.983345270156860352e-01 1.221289159730076790e-03 9.998810128308832645e-05 3.442319575697183609e-04
1.054080552421510220e-03 9.989181756973266602e-01 1.281101845052035060e-06 2.646831489983014762e-05
6.666199965366104152e-07 1.696526624073158018e-06 9.999974966049194336e-01 7.601044416105651180e-08
7.046750852168770507e-06 9.991851449012756348e-01 2.168863102269824594e-05 7.860731566324830055e-04
3.316313950563198887e-06 4.359578713774681091e-03 4.095339681953191757e-03 9.915417432785034180e-01
1.602995246648788452e-01 9.529530070722103119e-04 5.620924010872840881e-02 7.825382947921752930e-01
1.301267475355416536e-04 9.998514056205749512e-01 1.419723957951646298e-05 4.360717866802588105e-06
8.188598789274692535e-03 9.852033853530883789e-01 4.798235837370157242e-03 1.809751964174211025e-03
1.608821679838001728e-03 4.039035120513290167e-04 9.979742169380187988e-01 1.305118439631769434e-05
1.967902062460780144e-03 9.970968365669250488e-01 1.214731018990278244e-04 8.137440891005098820e-04
