3.206747584044933319e-03 3.681936732391477562e-06 9.964476823806762695e-01 3.419446002226322889e-04
6.812517676735296845e-05 1.514763385057449341e-01 5.085310433059930801e-03 8.433702588081359863e-01
5.473008845001459122e-03 8.056828379631042480e-01 1.709654629230499268e-01 1.787875778973102570e-02
9.962962269783020020e-01 2.981375728268176317e-04 2.911392133682966232e-03 4.943130188621580601e-04
5.236277866060845554e-05 5.398290159064345062e-05 9.797828793525695801e-01 2.011075615882873535e-02
9.907573461532592773e-01 8.087447844445705414e-03 1.039464550558477640e-04 1.051182509399950504e-03
1.310341712087392807e-02 2.398224547505378723e-03 9.826269149780273438e-01 1.871475484222173691e-03
4.266960240784101188e-05 9.919756054878234863e-01 1.438496052287518978e-03 6.543282885104417801e-03
3.702399553731083870e-04 9.984471201896667480e-01 8.684204658493399620e-04 3.142185450997203588e-04
6.150348577648401260e-03 2.331893938389839604e-06 1.020980271277949214e-04 9.937452673912048340e-01
8.864448755048215389e-04 4.554575752990785986e-06 9.990536570549011230e-01 5.532597424462437630e-05
5.086197052150964737e-03 9.946604371070861816e-01 8.233324479078873992e-06 2.451542823109775782e-04
