4.465164616703987122e-03 5.838421732187271118e-02 4.265115421731024981e-05 9.371079802513122559e-01
9.751549921929836273e-03 3.280480159446597099e-03 8.037330508232116699e-01 1.832349151372909546e-01
1.453468799591064453e-01 3.774915635585784912e-02 4.357011243700981140e-02 7.733339071273803711e-01
1.778845489025115967e-02 8.275863528251647949e-01 1.367761343717575073e-01 1.784902811050415039e-02
9.823877215385437012e-01 1.465378608554601669e-02 1.108897035010159016e-03 1.849538180977106094e-03
8.020634055137634277e-01 1.509886533021926880e-01 8.570653153583407402e-04 4.609089344739913940e-02
7.776866853237152100e-02 3.021708289452362806e-05 2.165459154639393091e-04 9.219845533370971680e-01
3.313945140689611435e-03 7.580084726214408875e-03 2.738215516728814691e-05 9.890785813331604004e-01
2.988962223753333092e-03 9.967500567436218262e-01 3.175027586621581577e-06 2.578692801762372255e-04
9.996078014373779297e-01 3.448627539910376072e-04 1.514770792709896341e-05 3.218534766347147524e-05
7.202197313308715820e-01 1.921043622132856399e-05 2.756800949573516846e-01 4.080975893884897232e-03
8.635894628241658211e-04 9.917092919349670410e-01 7.175368722528219223e-03 2.518186229281127453e-04
