1.315371482633054256e-03 9.749531745910644531e-01 2.267201803624629974e-02 1.059441128745675087e-03
9.903865456581115723e-01 8.605674840509891510e-03 9.430901845917105675e-04 6.470605148933827877e-05
8.343600034713745117e-01 1.642428785562515259e-01 1.300838193856179714e-04 1.266980194486677647e-03
9.970474243164062500e-01 2.894010860472917557e-03 4.427502426551654935e-05 1.420823991793440655e-05
8.573685045121237636e-05 2.958512368422816508e-06 2.563459474913543090e-06 9.999087452888488770e-01
7.885759114287793636e-04 1.811730544432066381e-05 9.988212585449218750e-01 3.720215463545173407e-04
8.599666953086853027e-01 7.229412347078323364e-02 6.769420951604843140e-02 4.498370617511682212e-05
2.850910277629736811e-06 2.508957777536124922e-06 9.999676346778869629e-01 2.699428841879125684e-05
1.116833882406353951e-03 5.201395106269046664e-05 8.683990240097045898e-01 1.304321438074111938e-01
9.325207471847534180e-01 4.515387117862701416e-03 6.273695081472396851e-02 2.268208481837064028e-04
7.955276966094970703e-01 2.012815773487091064e-01 1.519753568572923541e-04 3.038685070350766182e-03
9.896904826164245605e-01 5.082745701656676829e-06 1.096163992770016193e-03 9.208323433995246887e-03
