8.899035453796386719e-01 6.456099450588226318e-03 3.714179229064029641e-06 1.036366149783134460e-01
1.445082307327538729e-05 5.785304892924614251e-05 9.743830561637878418e-01 2.554469928145408630e-02
2.859911473933607340e-04 9.992664456367492676e-01 4.739854193758219481e-05 4.001664347015321255e-04
2.200418384745717049e-04 9.561655521392822266e-01 5.103049799799919128e-03 3.851132467389106750e-02
8.754830360412597656e-01 6.386801396729424596e-05 9.852122748270630836e-04 1.234677433967590332e-01
1.963663101196289062e-01 7.773196697235107422e-01 2.539522387087345123e-02 9.186962852254509926e-04
3.027014463441446424e-05 6.508595106424763799e-05 2.541174646466970444e-03 9.973635077476501465e-01
7.825832068920135498e-02 8.789523839950561523e-01 4.164947196841239929e-02 1.139748725108802319e-03
4.982104874216020107e-04 9.325166940689086914e-01 1.797892339527606964e-02 4.900619015097618103e-02
1.570354652358219028e-04 1.609091758728027344e-01 2.355474792420864105e-02 8.153790831565856934e-01
2.894979479606263340e-05 9.812256097793579102e-01 8.737442112760618329e-05 1.865814439952373505e-02
9.378556013107299805e-01 1.353207480860874057e-04 1.856630660768132657e-05 6.199047341942787170e-02
