9.625580906867980957e-01 1.353497384116053581e-03 3.555446863174438477e-02 5.338827031664550304e-04
1.824243515729904175e-01 2.215909189544618130e-04 8.172782063484191895e-01 7.586675201309844851e-05
1.149274483323097229e-01 1.070950329303741455e-01 7.770791053771972656e-01 8.983960724435746670e-04
8.906822040444239974e-05 8.368410468101501465e-01 1.609648913145065308e-01 2.105008112266659737e-03
1.227064151316881180e-02 3.011303720995783806e-03 9.839996695518493652e-01 7.184182177297770977e-04
3.062363015487790108e-03 9.089491367340087891e-01 8.040847023949027061e-04 8.718436211347579956e-02
1.046586409211158752e-01 7.583116292953491211e-01 1.258615520782768726e-04 1.369039118289947510e-01
9.975493550300598145e-01 2.229532692581415176e-03 9.402639261679723859e-05 1.270819921046495438e-04
4.217886307742446661e-04 8.990040078060701489e-05 9.994875192642211914e-01 7.260002234943385702e-07
6.436361582018435001e-05 8.361675776541233063e-03 9.915276169776916504e-01 4.638258178601972759e-05
3.901707896147854626e-05 9.995815753936767578e-01 5.945730663370341063e-05 3.199326456524431705e-04
2.027267873927485198e-05 6.658396124839782715e-01 3.344931610627099872e-05 3.341066241264343262e-01
