1.474215532653033733e-03 1.887868531048297882e-02 9.647127389907836914e-01 1.493436470627784729e-02
4.808991507161408663e-04 5.874976523045916110e-06 2.984074235428124666e-04 9.992148280143737793e-01
1.699379354249686003e-04 9.998240470886230469e-01 5.394337676989380270e-06 5.540486540667188819e-07
3.777152232942171395e-05 9.985044002532958984e-01 1.177224563434720039e-03 2.806397969834506512e-04
1.872649043798446655e-02 8.053290247917175293e-01 1.686101965606212616e-02 1.590834856033325195e-01
9.998736381530761719e-01 1.167938826256431639e-04 1.689691089268308133e-07 9.436970685783307999e-06
4.702338192146271467e-04 9.978662729263305664e-01 4.008681935374625027e-05 1.623410731554031372e-03
3.102767732343636453e-05 6.299607921391725540e-04 9.972752332687377930e-01 2.063788240775465965e-03
1.391859650611877441e-01 4.268659744411706924e-03 8.557573556900024414e-01 7.880321354605257511e-04
7.773105608066543937e-06 9.998905658721923828e-01 2.212934487033635378e-05 7.950530562084168196e-05
4.393440394778735936e-05 5.683700554072856903e-03 9.217536449432373047e-01 7.251871377229690552e-02
1.394593564327806234e-04 6.151389097794890404e-04 9.992411732673645020e-01 4.185691523161949590e-06
