4.367843503132462502e-04 2.381728962063789368e-03 7.599019590998068452e-05 9.971055388450622559e-01
9.606225490570068359e-01 4.318106221035122871e-04 1.449546194635331631e-03 3.749605640769004822e-02
7.272159457206726074e-01 9.279964119195938110e-02 9.291700273752212524e-02 8.706744015216827393e-02
9.998591542243957520e-01 1.156694816017989069e-05 7.564796396763995290e-05 5.364347452996298671e-05
9.226489663124084473e-01 6.490308791399002075e-02 1.201644074171781540e-02 4.315194673836231232e-04
4.085816908627748489e-04 9.771828055381774902e-01 1.993987895548343658e-02 2.468833001330494881e-03
8.389161825180053711e-01 1.974302157759666443e-02 5.946745164692401886e-03 1.353940516710281372e-01
4.367855435702949762e-04 9.993564486503601074e-01 8.226386853493750095e-05 1.244666491402313113e-04
1.015702411532402039e-01 3.383025177754461765e-04 2.717504103202372789e-04 8.978196978569030762e-01
1.016440455714473501e-05 9.994448423385620117e-01 2.680103716556914151e-05 5.182082531973719597e-04
9.994632601737976074e-01 1.706410985207185149e-04 1.336526911472901702e-04 2.324196830159053206e-04
8.515335917472839355e-01 7.888802327215671539e-03 2.613634569570422173e-03 1.379639953374862671e-01
