3.092737868428230286e-03 1.502606319263577461e-03 8.340228796005249023e-01 1.613817512989044189e-01
4.193731001578271389e-06 2.523149487387854606e-05 1.053267553174919158e-07 9.999704360961914062e-01
4.441809840500354767e-03 2.031566255027428269e-04 9.948320388793945312e-01 5.230264505371451378e-04
1.011562999337911606e-03 3.949041456507984549e-06 1.325837336480617523e-02 9.857261180877685547e-01
1.250944845378398895e-02 1.485900138504803181e-03 9.657590985298156738e-01 2.024547383189201355e-02
1.842887741076992825e-06 9.999778270721435547e-01 1.977497959160245955e-05 4.831835553886776324e-07
1.589306746609508991e-03 1.289134797843871638e-05 8.091019392013549805e-01 1.892958581447601318e-01
1.308504259213805199e-03 2.188565986216417514e-06 1.562046918479609303e-07 9.986891746520996094e-01
1.254114249604754150e-05 9.987335801124572754e-01 5.330592830432578921e-05 1.200499245896935463e-03
8.395688491873443127e-04 6.094109266996383667e-05 2.927790209650993347e-02 9.698215723037719727e-01
4.844632640015333891e-04 5.750779528170824051e-04 9.989351034164428711e-01 5.269167559163179249e-06
5.860623559783562087e-07 1.034054002957418561e-05 3.047614125534892082e-03 9.969414472579956055e-01
