8.448396329185925424e-06 2.772127976641058922e-03 1.980173838092014194e-04 9.970213770866394043e-01
8.486340753734111786e-03 8.648010492324829102e-01 7.219345867633819580e-02 5.451917275786399841e-02
2.039708197116851807e-03 6.193680223077535629e-03 1.542001541565696243e-06 9.917651414871215820e-01
9.848237782716751099e-02 6.942430138587951660e-02 1.512894523330032825e-04 8.319419622421264648e-01
4.796605207957327366e-04 1.345190394204109907e-04 3.034401743207126856e-06 9.993827939033508301e-01
5.747808609157800674e-04 1.578287774464115500e-04 3.116362131549976766e-05 9.992361664772033691e-01
7.225349545478820801e-01 2.709402935579419136e-03 2.745020687580108643e-01 2.535345265641808510e-04
2.828810364007949829e-03 3.042803291464224458e-05 1.280819177627563477e-01 8.690588474273681641e-01
1.696926919976249337e-04 1.823017257265746593e-03 9.979189038276672363e-01 8.835981861921027303e-05
7.223820313811302185e-03 1.450938143534585834e-04 5.281135672703385353e-04 9.921029210090637207e-01
9.174103736877441406e-01 1.754804688971489668e-04 8.241207897663116455e-02 2.104054146911948919e-06
2.733370959758758545e-01 7.262456417083740234e-01 3.448565257713198662e-05 3.827660111710429192e-04
