3.001725068315863609e-03 9.969475269317626953e-01 6.041197138983989134e-06 4.469064151635393500e-05
4.608710878528654575e-04 1.295503578148782253e-03 9.982329010963439941e-01 1.076437911251559854e-05
1.162502914667129517e-03 9.987427592277526855e-01 4.300467537632357562e-07 9.419036359759047627e-05
9.642208814620971680e-01 3.431865572929382324e-02 1.406993987984606065e-06 1.459100167267024517e-03
9.984505772590637207e-01 1.854959118645638227e-04 6.634353776462376118e-04 7.004719809629023075e-04
6.563632632605731487e-05 5.678275101672625169e-06 9.999281764030456543e-01 4.602116518981347326e-07
9.982614517211914062e-01 8.983905718196183443e-05 9.319041273556649685e-04 7.168321753852069378e-04
1.070849597454071045e-02 2.907476574182510376e-02 2.433183253742754459e-04 9.599734544754028320e-01
7.879320764914155006e-05 1.493484247475862503e-03 1.124938018620014191e-03 9.973028302192687988e-01
5.428570439107716084e-04 7.210469902929617092e-06 9.994397163391113281e-01 1.015430643747095019e-05
1.474853022955358028e-03 2.794193476438522339e-02 3.428509831428527832e-02 9.362981319427490234e-01
1.345478958683088422e-04 2.792017348110675812e-02 3.053577165701426566e-05 9.719147086143493652e-01
