6.499150767922401428e-04 2.190464783780043945e-06 2.392855549260275438e-06 9.993455410003662109e-01
3.404822573065757751e-02 2.259440225316211581e-05 1.123367546824738383e-04 9.658167958259582520e-01
1.225220561027526855e-01 6.319483873085118830e-06 1.503163725137710571e-01 7.271552681922912598e-01
9.512897729873657227e-01 8.220875635743141174e-03 1.776649244129657745e-02 2.272284403443336487e-02
9.929245114326477051e-01 5.617206261376850307e-05 2.837526379153132439e-03 4.181756637990474701e-03
2.691655419766902924e-02 9.889006614685058594e-04 8.458523079752922058e-03 9.636359810829162598e-01
2.613889612257480621e-02 9.604849815368652344e-01 1.209385506808757782e-02 1.282351091504096985e-03
2.070401824312284589e-04 9.345603585243225098e-01 6.520573794841766357e-02 2.692958514671772718e-05
9.964123368263244629e-01 3.777950951189268380e-06 8.205566700780764222e-05 3.501886734738945961e-03
9.525300264358520508e-01 9.555222466588020325e-03 1.439541019499301910e-02 2.351939678192138672e-02
8.406581878662109375e-01 4.824907053261995316e-03 7.575874915346503258e-04 1.537593305110931396e-01
8.492925189784727991e-06 5.925544996898679528e-07 6.778455485800805036e-07 9.999902844429016113e-01
