1.023165998049080372e-03 5.611805617809295654e-02 7.479900866746902466e-02 8.680598139762878418e-01
8.198844641447067261e-02 9.179583787918090820e-01 1.653499930398538709e-05 3.669291618280112743e-05
3.415474111534422264e-06 9.999965429306030273e-01 6.687534437332942616e-08 2.251339559222742537e-08
6.966156419366598129e-03 5.826201662421226501e-02 2.861254382878541946e-03 9.319105744361877441e-01
9.262443054467439651e-04 4.967101290822029114e-02 6.976564228534698486e-02 8.796371221542358398e-01
2.177328678953927010e-05 3.899387763794948114e-07 9.999507665634155273e-01 2.703025529626756907e-05
7.835305333137512207e-01 3.937584161758422852e-02 1.770903170108795166e-01 3.284777221779222600e-06
1.966785276863447507e-07 6.493731348200526554e-07 9.999984502792358398e-01 6.538866728078573942e-07
4.483165144920349121e-01 1.802218854427337646e-01 3.703139722347259521e-01 1.147596514783799648e-03
3.218161964468890801e-06 1.319360882043838501e-01 8.678339719772338867e-01 2.267050876980647445e-04
9.813513755798339844e-01 1.864387281239032745e-02 2.913991920650005341e-06 1.820834199861565139e-06
2.115363486154819839e-06 1.539007876999676228e-03 9.983941912651062012e-01 6.468609353760257363e-05
