7.692611688980832696e-05 4.887171089649200439e-04 8.566458127461373806e-04 9.985776543617248535e-01
9.990922808647155762e-01 7.219290710054337978e-04 1.449013798264786601e-04 4.087839988642372191e-05
7.742086648941040039e-01 2.172094434499740601e-01 8.569104596972465515e-03 1.286458791582845151e-05
1.554132252931594849e-01 7.028693653410300612e-05 1.881824992597103119e-02 8.256982564926147461e-01
1.524639278650283813e-01 2.050410512310918421e-05 1.756252050399780273e-01 6.718903183937072754e-01
1.520297024399042130e-02 2.470463979989290237e-03 1.276657134294509888e-01 8.546608090400695801e-01
7.780914660543203354e-03 7.514759898185729980e-01 4.521124996244907379e-03 2.362219840288162231e-01
2.891734038712456822e-05 9.467414021492004395e-01 5.317468941211700439e-02 5.500309998751617968e-05
1.315164408879354596e-04 7.459217158611863852e-05 1.103625819087028503e-02 9.887576103210449219e-01
1.756669720634818077e-03 9.475930929183959961e-01 1.625039242208003998e-02 3.439983353018760681e-02
7.108204590622335672e-05 9.961082339286804199e-01 3.751896554604172707e-03 6.881122681079432368e-05
1.237782929092645645e-02 8.762554526329040527e-01 6.382537633180618286e-02 4.754140973091125488e-02
