9.999862909317016602e-01 5.955146775704633910e-07 1.281637878491892479e-06 1.185674864245811477e-05
3.535375071805901825e-06 5.909406580030918121e-03 1.801032776711508632e-04 9.939069151878356934e-01
1.213798183016479015e-03 1.866064816713333130e-01 8.064497709274291992e-01 5.729949567466974258e-03
4.344251006841659546e-03 1.466760337352752686e-01 9.252653690055012703e-04 8.480544686317443848e-01
9.147206583293154836e-06 9.982522130012512207e-01 1.708653056994080544e-03 3.002819539688061923e-05
5.864182603545486927e-04 9.891437888145446777e-01 1.351265236735343933e-04 1.013459451496601105e-02
9.245983958244323730e-01 8.528952021151781082e-04 7.453581690788269043e-02 1.285188045585528016e-05
3.064953386783599854e-01 8.477573283016681671e-05 5.777065753936767578e-01 1.157133504748344421e-01
2.568457741290330887e-03 1.221706916112452745e-04 9.973087310791015625e-01 6.554505489475559443e-07
1.915579475462436676e-02 2.328815404325723648e-03 8.068488240242004395e-01 1.716665625572204590e-01
9.999578595161437988e-01 4.743737918033730239e-06 3.629451020970009267e-05 1.202555267809657380e-06
6.929079294204711914e-01 6.511595074698561803e-06 9.350260370410978794e-06 3.070761859416961670e-01
