9.877175762085244060e-05 1.837131381034851074e-01 1.334997941739857197e-04 8.160545825958251953e-01
8.072434067726135254e-01 1.262922435998916626e-01 1.881248317658901215e-02 4.765194654464721680e-02
2.662460319697856903e-03 6.610452546738088131e-04 8.887308835983276367e-01 1.079455986618995667e-01
1.524186809547245502e-03 1.805971609428524971e-03 7.911295890808105469e-01 2.055402994155883789e-01
6.287659052759408951e-04 3.249233259339234792e-06 1.682295646787679289e-06 9.993662834167480469e-01
6.065181456506252289e-03 9.087431430816650391e-01 1.563455953146331012e-05 8.517599105834960938e-02
1.054005348123610020e-03 4.500006907619535923e-04 4.088244866579771042e-03 9.944077730178833008e-01
8.466885446978267282e-06 9.996677637100219727e-01 3.102417977061122656e-04 1.355513722955947742e-05
4.936500452458858490e-03 1.387716911267489195e-04 5.105323507450520992e-04 9.944142103195190430e-01
9.997007250785827637e-01 1.444161316612735391e-04 7.625434591318480670e-06 1.472125004511326551e-04
6.912980675697326660e-01 2.937522716820240021e-03 1.728903298499062657e-04 3.055915236473083496e-01
3.019955940544605255e-03 9.567338824272155762e-01 3.987166658043861389e-02 3.744578862097114325e-04
