8.425099622400011867e-06 1.708947820588946342e-04 9.998168349266052246e-01 3.864550762955332175e-06
1.061694711097516119e-04 4.882829263806343079e-03 5.636182613670825958e-04 9.944473505020141602e-01
4.519343783613294363e-04 9.995419979095458984e-01 5.107097877043997869e-06 9.311494295616284944e-07
6.631026975810527802e-03 9.522376656532287598e-01 1.573447370901703835e-03 3.955789655447006226e-02
1.884049270302057266e-04 1.822801772505044937e-03 9.975237250328063965e-01 4.650400951504707336e-04
7.199090905487537384e-03 4.785843775607645512e-04 9.879384040832519531e-01 4.383988212794065475e-03
1.169151437352411449e-05 1.673183305683778599e-06 4.864506081503350288e-06 9.999817609786987305e-01
3.615670493672951125e-06 2.287281688495568233e-07 9.204858031353069237e-08 9.999960064888000488e-01
1.017193571897223592e-04 1.618303599570936058e-06 9.998964667320251465e-01 2.334985964580482687e-07
6.797257345169782639e-03 1.173444790765643120e-03 9.920238852500915527e-01 5.385734311857959256e-06
6.798991002142429352e-03 7.224300061352550983e-04 9.922783970832824707e-01 2.001300163101404905e-04
9.999495744705200195e-01 1.899398284876951948e-06 4.737521885544992983e-05 1.137767299042025115e-06
