3.383659571409225464e-02 2.018874074565246701e-04 1.025673374533653259e-02 9.557048082351684570e-01
2.388920165685703978e-06 1.203055232763290405e-01 8.753889203071594238e-01 4.303184803575277328e-03
8.157400297932326794e-04 2.736054302658885717e-04 2.289657422807067633e-04 9.986816644668579102e-01
5.530176349566318095e-05 5.163440164324129000e-06 9.997894763946533203e-01 1.500004000263288617e-04
3.490437165964976884e-06 1.047746185213327408e-02 3.645620017778128386e-04 9.891545176506042480e-01
4.355513374321162701e-05 1.523801911389455199e-04 1.903268694877624512e-02 9.807713627815246582e-01
1.818592572817578912e-04 2.419722080230712891e-02 3.099882451351732016e-05 9.755898714065551758e-01
4.204830527305603027e-02 6.058540195226669312e-03 1.120684016495943069e-02 9.406863451004028320e-01
1.516960037406533957e-05 9.992431402206420898e-01 5.541939117392757908e-06 7.361451862379908562e-04
1.944280578754842281e-03 9.272989630699157715e-01 1.336512621492147446e-03 6.942029297351837158e-02
4.290771539672277868e-05 2.944639709312468767e-05 2.080613739963155240e-05 9.999068975448608398e-01
3.359124297276139259e-03 2.052523195743560791e-04 8.765976428985595703e-01 1.198379993438720703e-01
