5.429998273029923439e-04 9.648867249488830566e-01 2.020334592089056969e-03 3.255004063248634338e-02
9.043834805488586426e-01 2.708099037408828735e-02 6.499792635440826416e-02 3.537608310580253601e-03
1.563658770464826375e-05 3.643970936536788940e-03 1.152332552010193467e-04 9.962251782417297363e-01
1.900368260976392776e-05 4.661454819142818451e-03 8.744450807571411133e-01 1.208745166659355164e-01
1.136805117130279541e-02 7.634236826561391354e-04 8.945558874984271824e-06 9.878596067428588867e-01
8.609616011381149292e-02 8.792268633842468262e-01 8.655370213091373444e-03 2.602169290184974670e-02
2.565339505672454834e-01 7.265868782997131348e-01 1.562862098217010498e-02 1.250568777322769165e-03
7.124252915382385254e-01 2.760834991931915283e-01 1.104171946644783020e-02 4.495627654250711203e-04
4.398988932371139526e-02 1.869782339781522751e-03 9.385305456817150116e-04 9.532017707824707031e-01
6.750870670657604933e-05 6.258091330528259277e-01 1.702800542116165161e-01 2.038432359695434570e-01
9.911897778511047363e-01 4.884572234004735947e-03 3.819580422714352608e-03 1.061553193721920252e-04
4.559032095130532980e-04 4.687208856921643019e-04 2.525719404220581055e-01 7.465034127235412598e-01
