8.858423097990453243e-04 1.589884608983993530e-01 8.889192031347192824e-06 8.401167988777160645e-01
9.997241497039794922e-01 2.541330468375235796e-04 9.779391803022008389e-06 1.196451557916589081e-05
2.623350701469462365e-05 4.292513494874583557e-06 9.999496936798095703e-01 1.977793544938322157e-05
9.407514333724975586e-01 7.543335086666047573e-04 5.488850921392440796e-02 3.605650272220373154e-03
2.200017888753791340e-06 9.999048113822937012e-01 9.058484283741563559e-05 2.451459977237391286e-06
1.013308484107255936e-02 7.836831212043762207e-01 2.450971631333231926e-03 2.037328779697418213e-01
6.545673608779907227e-01 2.388261556625366211e-01 1.912082225317135453e-04 1.064152494072914124e-01
1.827802479965612292e-04 4.118502602068474516e-06 9.997965693473815918e-01 1.651050843065604568e-05
8.459750562906265259e-02 1.371097896480932832e-04 4.380641621537506580e-05 9.152215123176574707e-01
2.382278293371200562e-01 6.898970603942871094e-01 7.134877890348434448e-02 5.263146013021469116e-04
3.830535104498267174e-03 1.092680767178535461e-01 2.828281605616211891e-03 8.840730786323547363e-01
2.768481075763702393e-01 2.199812093749642372e-03 7.206388115882873535e-01 3.133301506750285625e-04
