1.245494931936264038e-03 5.658019217662513256e-04 9.981769919395446777e-01 1.176127079816069454e-05
3.731388831511139870e-03 1.541231176815927029e-03 9.704512953758239746e-01 2.427612990140914917e-02
5.758354440331459045e-02 9.415453672409057617e-01 3.943875490222126245e-04 4.768052313011139631e-04
2.680464967852458358e-05 9.999404549598693848e-01 7.165943770814919844e-06 2.551903344283346087e-05
7.993182953214272857e-05 1.810764544643461704e-03 9.980885982513427734e-01 2.070574919343926013e-05
2.621091844048351049e-04 3.381425631232559681e-05 2.161730639636516571e-02 9.780867695808410645e-01
3.567573428153991699e-02 9.643133878707885742e-01 6.161851160868536681e-06 4.756344424095004797e-06
8.364904715563170612e-06 9.995003342628479004e-01 7.107464625732973218e-06 4.842140770051628351e-04
4.210098722978727892e-06 3.006453916896134615e-04 9.923808574676513672e-01 7.314252667129039764e-03
5.212768446654081345e-04 9.990366697311401367e-01 3.961191687267273664e-04 4.591348988469690084e-05
1.017351132759358734e-05 1.533910253783687949e-04 5.622913595288991928e-04 9.992741346359252930e-01
9.206335544586181641e-01 7.733336836099624634e-02 2.016328508034348488e-03 1.680135392234660685e-05
