1.720110070891678333e-03 7.469797134399414062e-02 6.326802074909210205e-02 8.603138923645019531e-01
9.326451420783996582e-01 4.190781153738498688e-03 5.705817602574825287e-04 6.259352713823318481e-02
2.234144449175801128e-05 9.677492380142211914e-01 1.977932879526633769e-05 3.220863640308380127e-02
7.411785423755645752e-02 7.999184727668762207e-01 2.010682510444894433e-04 1.257625818252563477e-01
2.540876266721170396e-06 9.989778995513916016e-01 1.010056002996861935e-03 9.531799150863662362e-06
9.997250437736511230e-01 2.410738670732825994e-05 2.445390855427831411e-04 6.284885785134974867e-06
1.003769921226194128e-05 2.423821570118889213e-04 9.344609975814819336e-01 6.528657674789428711e-02
2.346104156458750367e-04 1.595181971788406372e-01 7.412780523300170898e-01 9.896907210350036621e-02
8.998505473136901855e-01 1.001308113336563110e-01 2.017334736592601985e-06 1.658918699831701815e-05
4.029608389828354120e-04 7.961228489875793457e-01 3.551552304998040199e-03 1.999226957559585571e-01
4.304433787183370441e-06 9.999423027038574219e-01 4.920622450299561024e-05 4.107934273633873090e-06
9.338086783827748150e-07 9.983471632003784180e-01 1.640084898099303246e-03 1.179104856419144198e-05
