6.396540440618991852e-03 2.004400885198265314e-04 9.558157622814178467e-02 8.978214859962463379e-01
2.805208896461408585e-05 1.327129779383540154e-03 8.512941598892211914e-01 1.473506391048431396e-01
5.555913597345352173e-02 1.316752750426530838e-02 5.855324561707675457e-04 9.306877851486206055e-01
9.720066189765930176e-02 8.966642022132873535e-01 1.996005494220298715e-06 6.133176386356353760e-03
1.679081353358924389e-03 6.297565414570271969e-05 4.549507796764373779e-02 9.527628421783447266e-01
3.030374879017472267e-03 1.395105272531509399e-01 8.382236957550048828e-01 1.923531852662563324e-02
9.925777316093444824e-01 2.921681152656674385e-03 4.451476503163576126e-03 4.901816646452061832e-05
1.580026582814753056e-03 8.686325550079345703e-01 6.902132183313369751e-02 6.076618283987045288e-02
8.637095743324607611e-05 4.367227957118302584e-04 5.383128518587909639e-05 9.994230270385742188e-01
1.801896578399464488e-04 1.414116995874792337e-04 9.636860340833663940e-06 9.996687769889831543e-01
2.290559746325016022e-02 9.655395746231079102e-01 6.311271339654922485e-03 5.243491381406784058e-03
5.199587030801922083e-05 1.034324814099818468e-04 9.997218847274780273e-01 1.226382883032783866e-04
