1.645211130380630493e-01 3.924634307622909546e-02 3.883927420247346163e-04 7.958441972732543945e-01
2.062870480585843325e-04 4.976261989213526249e-04 1.374811972709721886e-06 9.992946982383728027e-01
9.961233735084533691e-01 3.750642063096165657e-03 4.531074955593794584e-05 8.059474930632859468e-05
9.294995069503784180e-01 1.309762429445981979e-02 5.738232657313346863e-02 2.057171877822838724e-05
9.617794752120971680e-01 5.363840027712285519e-04 3.767940774559974670e-02 4.710435860033612698e-06
9.716628789901733398e-01 1.343196781817823648e-04 2.537786494940519333e-04 2.794896997511386871e-02
8.965228497982025146e-02 9.685652912594377995e-05 8.799334168434143066e-01 3.031744807958602905e-02
6.506236968562006950e-05 2.955739386379718781e-02 2.635434502735733986e-04 9.701139330863952637e-01
1.000912394374608994e-02 1.447980254888534546e-01 1.751771941781044006e-02 8.276751041412353516e-01
3.003545105457305908e-03 9.690182209014892578e-01 2.653584443032741547e-02 1.442340901121497154e-03
3.969503814005292952e-05 9.948942661285400391e-01 2.010346797760576010e-04 4.864944610744714737e-03
7.904726771812420338e-06 3.789965121541172266e-04 5.185775458812713623e-02 9.477553367614746094e-01
