8.364144563674926758e-01 1.604983061552047729e-01 4.606308066286146641e-04 2.626614412292838097e-03
8.408142328262329102e-01 7.638445240445435047e-04 8.042702823877334595e-02 7.799494266510009766e-02
1.954365074634552002e-01 3.092537808697670698e-04 7.875033020973205566e-01 1.675091497600078583e-02
2.222725015599280596e-04 1.357785913569387048e-05 9.997624158859252930e-01 1.776960061761201359e-06
1.307778358459472656e-01 8.355404734611511230e-01 7.184950169175863266e-03 2.649669535458087921e-02
4.544750554487109184e-04 9.315036535263061523e-01 6.795601546764373779e-02 8.587702177464962006e-05
5.010139197111129761e-02 9.420490241609513760e-04 3.184437751770019531e-02 9.171122312545776367e-01
6.564320938196033239e-05 9.987378120422363281e-01 3.591668473745812662e-06 1.192904077470302582e-03
6.714025139808654785e-02 1.086977426894009113e-03 9.316581487655639648e-01 1.146309368778020144e-04
7.528883218765258789e-01 4.735697802971117198e-05 2.430475950241088867e-01 4.016699735075235367e-03
8.301529288291931152e-02 1.584917772561311722e-03 9.149742126464843750e-01 4.255338571965694427e-04
9.745675488375127316e-04 7.253879308700561523e-01 4.023953154683113098e-02 2.333979308605194092e-01
