3.269658554927445948e-05 9.999212622642517090e-01 1.910415903694229200e-06 4.418485332280397415e-05
1.041001360863447189e-02 5.936996266245841980e-02 2.029516035690903664e-03 9.281905293464660645e-01
4.867597908742027357e-06 8.005461096763610840e-01 8.617335115559399128e-04 1.985872983932495117e-01
8.256800472736358643e-02 9.172824025154113770e-01 1.457795588066801429e-04 3.824319719569757581e-06
6.593501439056126401e-06 8.675930649042129517e-02 4.937034100294113159e-02 8.638638257980346680e-01
8.646334754303097725e-04 8.524987697601318359e-01 1.241534017026424408e-03 1.453951150178909302e-01
1.042159050703048706e-01 7.922931313514709473e-01 2.950607798993587494e-03 1.005403548479080200e-01
3.403709968551993370e-03 9.962834119796752930e-01 2.961552527267485857e-04 1.670187884883489460e-05
9.002378582954406738e-01 9.376899834023788571e-05 2.413511974737048149e-04 9.942699223756790161e-02
3.721544271684251726e-05 5.459793284535408020e-02 9.452769756317138672e-01 8.783613156992942095e-05
3.647477342383353971e-07 9.999933838844299316e-01 4.991555215383414179e-06 1.310372226726030931e-06
7.088438272476196289e-01 8.395731449127197266e-03 1.405011769384145737e-02 2.687103152275085449e-01
