5.470464657264528796e-06 9.998530745506286621e-01 1.224292354891076684e-04 1.899678863992448896e-05
4.527511447668075562e-02 8.416162729263305664e-01 3.080011811107397079e-03 1.100286394357681274e-01
1.239139382960274816e-04 1.289336942136287689e-04 9.967991113662719727e-01 2.948032226413488388e-03
3.490152012091130018e-04 9.770011305809020996e-01 1.105850333260605112e-05 2.263882942497730255e-02
1.040342394844628870e-04 2.192473402828909457e-05 9.998711347579956055e-01 2.947868779301643372e-06
9.966449141502380371e-01 4.751795786432921886e-04 2.791653852909803391e-03 8.823339157970622182e-05
7.345239282585680485e-04 1.667195283516775817e-05 9.878199696540832520e-01 1.142886839807033539e-02
9.325312972068786621e-01 2.836590283550322056e-04 6.462173908948898315e-02 2.563325222581624985e-03
6.383603613357990980e-05 9.998397231101989746e-01 3.687899516080506146e-05 5.951612911303527653e-05
1.494630414526909590e-04 4.366888606455177069e-05 9.989649653434753418e-01 8.418508805334568024e-04
9.989830255508422852e-01 1.552681787870824337e-04 5.480619729496538639e-04 3.136460727546364069e-04
7.637771341251209378e-05 8.438660188403446227e-06 9.997444152832031250e-01 1.707329647615551949e-04
