4.323055327404290438e-04 8.323130896314978600e-05 9.994114637374877930e-01 7.297060801647603512e-05
4.614592064172029495e-03 2.083867555484175682e-03 4.603712819516658783e-03 9.886977672576904297e-01
9.126895666122436523e-01 4.106841879547573626e-05 2.352551789954304695e-03 8.491681516170501709e-02
9.700670838356018066e-01 2.269783522933721542e-03 2.675960771739482880e-02 9.035539696924388409e-04
1.867270329967141151e-03 1.701561450317967683e-05 1.308420469285920262e-04 9.979848861694335938e-01
2.682456567981716944e-07 9.999979138374328613e-01 1.155466293312201742e-06 6.175482099024520721e-07
9.998921751976013184e-01 9.113840860663913190e-06 5.459195017465390265e-05 4.406677908264100552e-05
9.852122664451599121e-01 3.955922147724777460e-05 1.215714291902258992e-04 1.462663430720567703e-02
9.987108707427978516e-01 2.805161784635856748e-05 1.254442613571882248e-03 6.662095529463840649e-06
2.236517466371878982e-04 1.898993104696273804e-01 1.039747348841046914e-05 8.098666071891784668e-01
6.618764018639922142e-05 1.046522957039996982e-04 6.679896614514291286e-06 9.998224377632141113e-01
8.280424663098528981e-05 9.998366832733154297e-01 5.815575786982662976e-05 2.239871901110745966e-05
