2.074963785707950592e-02 9.603233337402343750e-01 1.774426363408565521e-02 1.182769541628658772e-03
1.053104097081813961e-05 7.181233959272503853e-04 9.991984367370605469e-01 7.288875349331647158e-05
2.893749979193671606e-06 2.888599510697531514e-06 1.057943518389947712e-04 9.998884201049804688e-01
1.844976795837283134e-03 1.429953961633145809e-03 1.271849032491445541e-03 9.954531788825988770e-01
6.033446697983890772e-05 9.967699646949768066e-01 4.471812862902879715e-04 2.722453558817505836e-03
1.575491158291697502e-03 9.980004429817199707e-01 3.593423753045499325e-04 6.473696703324094415e-05
1.918954309076070786e-03 8.688388466835021973e-01 1.286970674991607666e-01 5.451588076539337635e-04
9.678473472595214844e-01 2.721585147082805634e-02 8.781810902291908860e-05 4.848930053412914276e-03
3.948982339352369308e-06 1.046730438247323036e-03 9.984444975852966309e-01 5.049018072895705700e-04
9.939478039741516113e-01 5.705477669835090637e-03 3.312010085210204124e-04 1.552318644826300442e-05
1.725309266475960612e-04 2.105455350829288363e-04 1.700287793937604874e-05 9.995998740196228027e-01
9.994170665740966797e-01 7.016806921456009150e-05 3.050242958124727011e-04 2.077895042020827532e-04
