4.506522673182189465e-04 9.973407387733459473e-01 1.569363375892862678e-04 2.051650080829858780e-03
9.041100144386291504e-01 7.959424704313278198e-02 1.622042432427406311e-02 7.527161506004631519e-05
8.068730123341083527e-03 1.891592983156442642e-04 7.631957530975341797e-03 9.841101765632629395e-01
2.864291309379041195e-04 7.090597136993892491e-06 9.997043013572692871e-01 2.123766307704499923e-06
1.448172726668417454e-03 2.144591417163610458e-03 9.124609231948852539e-01 8.394636958837509155e-02
1.829083636403083801e-02 8.637638092041015625e-01 5.469212192110717297e-05 1.178906783461570740e-01
2.702321353353909217e-06 6.847890615463256836e-01 4.966311389580368996e-04 3.147116005420684814e-01
6.896655559539794922e-01 3.260576022512395866e-06 4.097265377640724182e-02 2.693586051464080811e-01
9.070557951927185059e-01 2.780901966616511345e-03 3.022908000275492668e-03 8.714038878679275513e-02
2.411951078101992607e-03 1.489266660064458847e-02 9.609022140502929688e-01 2.179325744509696960e-02
9.974218606948852539e-01 1.485599204897880554e-03 1.266115286853164434e-04 9.658585768193006516e-04
5.953496098518371582e-01 1.507359207607805729e-03 4.028988480567932129e-01 2.441522083245217800e-04
