2.279915634062490426e-06 1.281885951757431030e-01 2.812678758346010000e-05 8.717809915542602539e-01
5.380692164180800319e-05 1.000360839498171117e-06 2.276485975016839802e-05 9.999224543571472168e-01
5.894947680644690990e-04 2.234434505226090550e-04 1.850770562887191772e-01 8.141100406646728516e-01
3.291622269898653030e-04 2.710939012467861176e-02 8.800690174102783203e-01 9.249245375394821167e-02
5.585338803939521313e-04 8.880709409713745117e-01 1.113555878400802612e-01 1.490949489380000159e-05
8.149774074554443359e-01 1.846556961536407471e-01 3.230457150493748486e-05 3.345565928611904383e-04
1.205722510349005461e-04 1.632014573260676116e-05 9.045374393463134766e-01 9.532567858695983887e-02
7.276451651705428958e-05 1.719669089652597904e-04 9.996925592422485352e-01 6.272337486734613776e-05
9.931504130363464355e-01 2.932701499958056957e-05 4.467860853765159845e-04 6.373504176735877991e-03
1.336157729383558035e-04 9.299284219741821289e-01 6.919002532958984375e-02 7.479824125766754150e-04
7.504548430442810059e-01 3.996414307039231062e-05 2.494898289442062378e-01 1.541965320939198136e-05
9.992935657501220703e-01 2.838211075868457556e-04 4.194474604446440935e-04 3.115802428510505706e-06
