3.950891823478741571e-06 9.999844431877136230e-01 5.909514584345743060e-07 1.107434491132153198e-05
9.420170783996582031e-01 9.409424092154949903e-05 1.883966382592916489e-03 5.600490421056747437e-02
6.609017873415723443e-05 1.304164356952242088e-06 1.320120190939633176e-06 9.999313354492187500e-01
7.632143024238757789e-06 4.264414310455322266e-04 9.995082616806030273e-01 5.776395846623927355e-05
3.439257852733135223e-05 9.803822636604309082e-01 1.897590793669223785e-02 6.075015407986938953e-04
9.999207854270935059e-01 2.162273085559718311e-05 8.794155291980132461e-06 4.880937194684520364e-05
8.895607606973499060e-05 1.410104185342788696e-01 1.788499355316162109e-01 6.800506711006164551e-01
4.796056600753217936e-07 1.524458525636873674e-06 9.999923110008239746e-01 5.666212473443010822e-06
1.264952216297388077e-02 1.420204713940620422e-02 3.733335435390472412e-02 9.358150959014892578e-01
9.998061656951904297e-01 5.225944619269284885e-07 1.905210228869691491e-04 2.863702093236497603e-06
1.099955916288308799e-04 5.606545601040124893e-04 7.267426848411560059e-01 2.725866138935089111e-01
9.990092515945434570e-01 3.723138943314552307e-04 6.182811339385807514e-04 1.771915947301749839e-07
