1.073899567127227783e-01 4.147430590819567442e-04 7.928261905908584595e-02 8.129126429557800293e-01
7.309475331567227840e-04 1.579458117485046387e-01 4.176925576757639647e-04 8.409055471420288086e-01
7.675481610931456089e-04 2.015800587832927704e-02 1.014415249228477478e-01 8.776329159736633301e-01
1.008991694106953219e-05 5.078634785604663193e-05 9.999318122863769531e-01 7.347756763920187950e-06
5.278457592794438824e-06 9.994410872459411621e-01 3.770116309169679880e-04 1.765371562214568257e-04
1.030230149626731873e-01 7.836177945137023926e-01 1.838633470470085740e-04 1.131753548979759216e-01
1.895102858543395996e-02 8.121325075626373291e-02 8.153472299454733729e-05 8.997541666030883789e-01
6.486660242080688477e-01 1.134293004870414734e-01 1.331260502338409424e-01 1.047785803675651550e-01
9.711500406265258789e-01 2.364759519696235657e-02 3.798700163315515965e-07 5.202013067901134491e-03
9.999727606773376465e-01 9.139827852777671069e-06 7.179685781011357903e-06 1.087946839106734842e-05
9.975242614746093750e-01 6.867362535558640957e-04 1.077075721696019173e-04 1.681293128058314323e-03
3.185988753102719784e-04 2.233689592685550451e-04 1.191519550047814846e-03 9.982664585113525391e-01
