9.608019590377807617e-01 3.858253359794616699e-02 4.028142429888248444e-04 2.127196348737925291e-04
4.961639660905348137e-06 6.565968305949354544e-06 4.775921479449607432e-05 9.999407529830932617e-01
2.574340812861919403e-02 1.262489855289459229e-01 6.898318529129028320e-01 1.581756919622421265e-01
2.777013741433620453e-02 9.203988156514242291e-06 7.450285193044692278e-05 9.721461534500122070e-01
2.373338247707579285e-06 9.999865889549255371e-01 7.143531775000155903e-07 1.034549040923593566e-05
1.113052144646644592e-01 8.870098590850830078e-01 3.042713506147265434e-04 1.380625879392027855e-03
9.989585280418395996e-01 1.863538818724919111e-05 3.917135763913393021e-04 6.310526514425873756e-04
9.049580097198486328e-01 6.495185662060976028e-04 7.512383162975311279e-02 1.926866918802261353e-02
4.046607390046119690e-02 5.619236981146968901e-05 9.588952660560607910e-01 5.824730615131556988e-04
2.680281549692153931e-02 9.560495018959045410e-01 1.701876148581504822e-02 1.289447973249480128e-04
7.070990704960422590e-06 8.076881385932210833e-06 9.999689459800720215e-01 1.588578379596583545e-05
8.624247857369482517e-05 3.219484060537070036e-04 5.572630907408893108e-04 9.990345239639282227e-01
