8.140231370925903320e-01 1.832297742366790771e-01 1.086668111383914948e-03 1.660428824834525585e-03
7.836326956748962402e-02 1.694470494985580444e-01 7.520944476127624512e-01 9.522630716674029827e-05
2.117734029889106750e-02 9.520592540502548218e-02 5.911025777459144592e-02 8.245065212249755859e-01
9.756489396095275879e-01 9.069353836821392179e-05 1.263224694412201643e-04 2.413405291736125946e-02
8.308004140853881836e-01 1.617828011512756348e-01 6.454950664192438126e-03 9.618462645448744297e-04
1.173592972918413579e-04 7.367153465747833252e-02 5.493908002972602844e-02 8.712720274925231934e-01
9.942885637283325195e-01 1.700253233138937503e-05 3.260886005591601133e-04 5.368363112211227417e-03
1.367229415336623788e-04 5.583250822382979095e-05 9.996498823165893555e-01 1.575526111992076039e-04
6.368629634380340576e-02 8.679928183555603027e-01 6.635460257530212402e-02 1.966252923011779785e-03
9.993886351585388184e-01 1.172715292341308668e-05 5.871960893273353577e-04 1.252423589903628454e-05
5.749056581407785416e-04 1.268502364837331697e-05 5.874268338084220886e-02 9.406697154045104980e-01
7.434912840835750103e-04 5.985407903790473938e-02 9.390640854835510254e-01 3.382613067515194416e-04
