4.989667981863021851e-02 1.567659676074981689e-01 1.731108757667243481e-03 7.916062474250793457e-01
1.774114966392517090e-01 1.014913897961378098e-03 8.218387141823768616e-03 8.133552074432373047e-01
5.142230293131433427e-06 5.444950602395692840e-06 1.446907276658748742e-06 9.999879598617553711e-01
1.125331527873640880e-05 9.999123215675354004e-01 3.546616790117695928e-05 4.089430512976832688e-05
5.025931168347597122e-03 8.167045116424560547e-01 1.762146949768066406e-01 2.054872689768671989e-03
6.413066983222961426e-01 2.066620737314224243e-01 1.472577005624771118e-01 4.773451015353202820e-03
1.944226026535034180e-02 1.064290292561054230e-03 4.531667102128267288e-03 9.749617576599121094e-01
9.966892600059509277e-01 1.721556691336445510e-05 3.291792934760451317e-03 1.722213937682681717e-06
9.999762773513793945e-01 2.667917669896269217e-06 5.404931926022982225e-06 1.564630292705260217e-05
1.671247446211054921e-05 8.235094810515874997e-07 9.999719262123107910e-01 1.053575851983623579e-05
2.409530861768871546e-04 2.372908443212509155e-01 4.956130310893058777e-02 7.129068374633789062e-01
4.535168898200936383e-07 1.370073732687160373e-04 9.998610615730285645e-01 1.512242079115821980e-06
