8.622114658355712891e-01 1.039966591633856297e-03 7.496650516986846924e-02 6.178203970193862915e-02
4.191665723919868469e-02 8.855466246604919434e-01 7.252996414899826050e-02 6.863906946819042787e-06
5.467812716960906982e-02 2.631305542308837175e-04 5.204577519180020317e-06 9.450535178184509277e-01
9.664994286140426993e-05 9.995564222335815430e-01 3.812578870565630496e-05 3.088005760218948126e-04
9.252721065422520041e-05 1.020228592096827924e-05 2.686585276023834012e-06 9.998945593833923340e-01
4.776022396981716156e-04 1.334574166685342789e-02 1.783144762157462537e-05 9.861587882041931152e-01
1.077248671208508313e-04 4.136672359891235828e-04 8.396530151367187500e-01 1.598255783319473267e-01
4.427999258041381836e-01 7.673227041959762573e-02 4.803830087184906006e-01 8.473455091007053852e-05
1.391109981341287494e-04 7.190270349383354187e-03 3.870701193809509277e-01 6.056004762649536133e-01
4.461651842575520277e-04 6.751872897148132324e-01 3.572615236043930054e-02 2.886403203010559082e-01
8.202240467071533203e-01 8.756566047668457031e-02 9.037581831216812134e-02 1.834497437812387943e-03
1.306648755416972563e-05 9.992466568946838379e-01 7.384476484730839729e-04 1.883180630102287978e-06
