3.221795195713639259e-03 5.158557905815541744e-04 1.570124477148056030e-01 8.392499685287475586e-01
9.558208286762237549e-03 5.941894487477838993e-04 8.016562787815928459e-05 9.897674322128295898e-01
2.387655404163524508e-04 6.333075463771820068e-02 8.873249292373657227e-01 4.910558089613914490e-02
3.158230974804610014e-04 9.205850958824157715e-01 6.264576222747564316e-05 7.903646677732467651e-02
9.969016909599304199e-01 8.698619203642010689e-04 1.683543436229228973e-03 5.449544405564665794e-04
9.959170818328857422e-01 2.758968854323029518e-03 1.317689777351915836e-03 6.298099833657033741e-06
6.797710657119750977e-01 1.196727976202964783e-01 3.950283280573785305e-05 2.005166560411453247e-01
1.139852451160550117e-03 8.955011367797851562e-01 1.031861677765846252e-01 1.728281058603897691e-04
5.486913505592383444e-05 9.943715333938598633e-01 4.520243033766746521e-03 1.053311629220843315e-03
9.992245435714721680e-01 5.200600571697577834e-05 3.609414125094190240e-05 6.873597740195691586e-04
5.313229560852050781e-01 1.421967707574367523e-02 1.127047017216682434e-01 3.417526781558990479e-01
9.075346402823925018e-03 4.104619622230529785e-01 4.002361297607421875e-01 1.802266091108322144e-01
