9.974557161331176758e-01 2.330150455236434937e-03 1.241876743733882904e-04 8.990974311018362641e-05
1.437043920304859057e-05 1.138914740295149386e-05 9.999060034751892090e-01 6.823479634476825595e-05
8.158457875251770020e-01 8.420066478720400482e-06 1.470511555671691895e-01 3.709474951028823853e-02
9.981940984725952148e-01 4.221620329190045595e-04 9.010895737446844578e-04 4.827170050702989101e-04
7.703849077224731445e-01 7.858757162466645241e-04 3.532001073835999705e-06 2.288256883621215820e-01
8.642463088035583496e-01 1.342693418264389038e-01 1.319384900853037834e-03 1.649500627536326647e-04
4.877843335270881653e-02 2.390745095908641815e-02 7.021569609642028809e-01 2.251571863889694214e-01
9.028780460357666016e-01 1.294864458031952381e-03 9.576417505741119385e-02 6.292263424256816506e-05
3.463681423454545438e-06 2.393481054241419770e-06 9.999934434890747070e-01 7.300673132704105228e-07
8.600715547800064087e-02 9.575979493092745543e-05 9.117645621299743652e-01 2.132500987499952316e-03
5.285453153192065656e-05 4.164562560617923737e-04 9.994161128997802734e-01 1.145591886597685516e-04
8.731045126914978027e-01 2.217720066255424172e-05 1.255677193403244019e-01 1.305569428950548172e-03
