62
916
761
1122
321
216
157
739
785
1670
457
886
836
209
877
2396
2001
2385
405
501
2192
1534
825
251
1187
2445
1001
975
1264
1555
1199
1878
355
373
1476
143
1479
1851
1500
217
2452
712
1465
1689
2123
1100
302
1208
311
692
361
2118
640
2331
2177
879
1469
591
2405
572
2258
816
2003
516
2086
1619
2231
956
188
2076
2023
462
268
1298
1586
1758
96
1123
2073
2389
1942
2404
1582
971
1172
2069
198
506
1329
1022
629
59
1888
1763
1672
715
2340
81
1229
29
2372
900
1233
24
2200
79
1913
52
1799
116
199
1634
2468
132
155
339
583
1927
1776
569
2439
2134
1779
668
2059
2359
2265
1401
979
1911
480
1527
1578
1785
685
881
2467
1633
518
2142
1572
6
605
2217
1755
2027
1769
1603
343
1429
389
2179
1824
158
1482
2335
1124
179
1638
1660
1515
522
1991
308
2277
735
1120
535
653
191
824
7
1492
1393
1648
420
2289
711
2307
2099
2391
1801
1277
1560
1470
736
555
1599
2038
2327
2050
1486
1992
1694
1781
2105
2429
795
283
494
2449
495
998
2401
1194
2407
2092
1302
1158
2176
2309
638
2450
2054
35
2209
461
1183
196
476
2191
778
471
802
1212
1367
235
2204
282
390
324
1836
2328
265
1129
741
23
400
2447
662
2000
1060
2093
48
2294
1213
2075
1668
1775
15
1591
10
2203
1678
1691
546
248
2371
1371
364
1271
1509
484
1773
740
239
367
1220
49
1007
1749
1103
362
884
505
1601
401
276
1074
1570
1943
1885
1471
2295
620
2175
561
240
126
563
675
1178
2406
1840
1460
808
2148
1960
1216
1252
45
1912
174
1502
2186
312
1004
1111
2061
95
394
227
38
1278
1903
2124
775
908
2143
1014
491
533
1735
74
787
560
999
1096
2290
1219
1453
1575
33
1186
997
2342
257
1520
485
1055
1952
1061
2222
307
701
1366
329
225
1900
349
1594
369
444
2173
1364
1768
1696
1528
1831
765
1372
2267
965
1331
443
597
75
579
1325
1196
350
1268
1115
2111
2291
1602
424
958
2110
1338
2443
2119
799
192
1112
983
200
1232
2229
160
805
883
380
2081
490
338
360
2189
28
5
78
954
1259
1139
2387
1069
426
82
1386
947
1377
1535
2108
2305
486
433
2402
1613
1066
2393
2085
2205
2117
697
176
2438
1630
1905
1894
2182
2169
986
137
758
2187
1859
1052
497
287
773
1105
135
2056
1337
949
1157
1088
633
187
1938
1381
895
1889
1765
1530
2381
2355
717
2465
1922
2376
231
2055
1830
76
962
815
850
356
1402
266
1034
382
1250
182
1796
80
1431
1144
722
1499
12
1084
392
1747
1631
347
1226
2409
857
2097
1537
2311
2080
1897
1505
2240
2321
1580
2369
