1.683257669210433960e-01
1.696668267250061035e-01
1.683257669210433960e-01
1.855727732181549072e-01
1.683257669210433960e-01
1.659982800483703613e-01
1.651897579431533813e-01
1.552460789680480957e-01
1.651897579431533813e-01
1.666866987943649292e-01
1.651897579431533813e-01
1.556903570890426636e-01
1.685745418071746826e-01
1.548815220594406128e-01
1.685745418071746826e-01
1.503006666898727417e-01
1.685745418071746826e-01
1.797533780336380005e-01
1.685745418071746826e-01
1.511449217796325684e-01
1.679737418889999390e-01
2.161973267793655396e-01
1.679737418889999390e-01
1.906882673501968384e-01
1.679737418889999390e-01
1.530532836914062500e-01
1.693784445524215698e-01
1.090631335973739624e-01
1.693784445524215698e-01
1.728905588388442993e-01
1.693784445524215698e-01
1.699605137109756470e-01
1.760856062173843384e-01
1.629376858472824097e-01
1.760856062173843384e-01
1.891741901636123657e-01
1.760856062173843384e-01
1.510697007179260254e-01
1.767390519380569458e-01
1.915470957756042480e-01
1.767390519380569458e-01
1.036137044429779053e-01
1.767390519380569458e-01
1.240603625774383545e-01
1.750286221504211426e-01
7.800389826297760010e-02
1.750286221504211426e-01
1.151846945285797119e-01
1.750286221504211426e-01
9.316434711217880249e-02
1.750286221504211426e-01
9.812076389789581299e-02
1.750286221504211426e-01
1.317285299301147461e-01
1.750286221504211426e-01
7.765794545412063599e-02
1.756078749895095825e-01
8.156333863735198975e-02
1.756078749895095825e-01
1.006375774741172791e-01
1.756078749895095825e-01
8.564659208059310913e-02
1.809148937463760376e-01
1.029984354972839355e-01
1.809148937463760376e-01
1.885395944118499756e-01
1.809148937463760376e-01
1.051431223750114441e-01
1.840969920158386230e-01
9.527452290058135986e-02
1.840969920158386230e-01
9.607333689928054810e-02
1.840969920158386230e-01
2.711573243141174316e-01
1.850090175867080688e-01
1.793667376041412354e-01
1.850090175867080688e-01
2.103174775838851929e-01
1.850090175867080688e-01
1.485766768455505371e-01
1.850090175867080688e-01
7.994522154331207275e-02
1.857328265905380249e-01
1.757957935333251953e-01
1.857328265905380249e-01
1.100016757845878601e-01
1.857328265905380249e-01
1.130684912204742432e-01
1.806727647781372070e-01
2.101063728332519531e-01
1.806727647781372070e-01
2.266062647104263306e-01
1.806727647781372070e-01
2.044509500265121460e-01
1.718739569187164307e-01
1.453023701906204224e-01
1.718739569187164307e-01
2.385433763265609741e-01
1.718739569187164307e-01
1.680617332458496094e-01
1.725795418024063110e-01
2.259116023778915405e-01
1.725795418024063110e-01
1.981620043516159058e-01
1.725795418024063110e-01
1.795017570257186890e-01
1.845113188028335571e-01
2.469336688518524170e-01
1.845113188028335571e-01
2.451708763837814331e-01
1.845113188028335571e-01
2.694221735000610352e-01
1.844842284917831421e-01
1.907413005828857422e-01
1.844842284917831421e-01
1.961326748132705688e-01
1.844842284917831421e-01
1.918600648641586304e-01
1.857974082231521606e-01
2.407565712928771973e-01
1.857974082231521606e-01
2.123027145862579346e-01
1.857974082231521606e-01
1.666799038648605347e-01
1.871559321880340576e-01
2.065350860357284546e-01
1.871559321880340576e-01
2.277348637580871582e-01
1.871559321880340576e-01
2.061289101839065552e-01
1.863178610801696777e-01
1.929205805063247681e-01
1.863178610801696777e-01
1.811120659112930298e-01
1.863178610801696777e-01
1.980607360601425171e-01
1.851885169744491577e-01
1.742813885211944580e-01
1.851885169744491577e-01
2.310000509023666382e-01
1.851885169744491577e-01
2.123896032571792603e-01
1.851885169744491577e-01
1.805495172739028931e-01
1.842831224203109741e-01
2.028890252113342285e-01
1.842831224203109741e-01
2.069561928510665894e-01
1.842831224203109741e-01
1.849883347749710083e-01
1.865384578704833984e-01
2.035315334796905518e-01
1.865384578704833984e-01
2.147208005189895630e-01
1.865384578704833984e-01
2.338450402021408081e-01
2.006821483373641968e-01
2.001845836639404297e-01
2.006821483373641968e-01
1.691029220819473267e-01
2.006821483373641968e-01
1.931869536638259888e-01
1.993764787912368774e-01
2.053750604391098022e-01
1.993764787912368774e-01
1.919669359922409058e-01
1.993764787912368774e-01
1.933913975954055786e-01
2.012035250663757324e-01
1.951132267713546753e-01
2.012035250663757324e-01
2.069364041090011597e-01
2.012035250663757324e-01
2.054610252380371094e-01
2.004449963569641113e-01
1.771239787340164185e-01
2.004449963569641113e-01
2.035151869058609009e-01
2.004449963569641113e-01
2.016450017690658569e-01
2.037753015756607056e-01
1.975360363721847534e-01
2.037753015756607056e-01
2.064744681119918823e-01
2.037753015756607056e-01
2.117100358009338379e-01
2.037753015756607056e-01
2.002738416194915771e-01
2.057741731405258179e-01
1.584838777780532837e-01
2.057741731405258179e-01
1.853700131177902222e-01
2.057741731405258179e-01
1.902280598878860474e-01
2.113540172576904297e-01
2.161885350942611694e-01
2.113540172576904297e-01
1.915144324302673340e-01
2.113540172576904297e-01
2.085905224084854126e-01
2.122307270765304565e-01
2.107675224542617798e-01
2.122307270765304565e-01
2.060617953538894653e-01
2.122307270765304565e-01
1.993312537670135498e-01
2.110108733177185059e-01
1.921899020671844482e-01
2.110108733177185059e-01
2.018331140279769897e-01
2.110108733177185059e-01
1.972741633653640747e-01
2.113586813211441040e-01
2.257554978132247925e-01
2.113586813211441040e-01
2.156862169504165649e-01
2.113586813211441040e-01
2.200116217136383057e-01
2.113118618726730347e-01
2.362954765558242798e-01
2.113118618726730347e-01
2.103051245212554932e-01
2.113118618726730347e-01
1.988678872585296631e-01
2.162530571222305298e-01
1.955380737781524658e-01
2.162530571222305298e-01
1.845340877771377563e-01
2.162530571222305298e-01
1.972544938325881958e-01
2.487833946943283081e-01
2.095931768417358398e-01
2.487833946943283081e-01
2.310184091329574585e-01
2.487833946943283081e-01
2.235207259654998779e-01
2.487833946943283081e-01
2.250113338232040405e-01
2.535842061042785645e-01
2.155649513006210327e-01
2.535842061042785645e-01
2.335143387317657471e-01
2.535842061042785645e-01
2.245061993598937988e-01
2.538145184516906738e-01
2.306372076272964478e-01
2.538145184516906738e-01
2.579873204231262207e-01
2.538145184516906738e-01
2.314367741346359253e-01
2.559719085693359375e-01
2.545759379863739014e-01
2.559719085693359375e-01
2.462968677282333374e-01
2.559719085693359375e-01
2.474818974733352661e-01
2.504053413867950439e-01
2.466934919357299805e-01
2.504053413867950439e-01
2.940914034843444824e-01
2.504053413867950439e-01
2.767673730850219727e-01
2.492406815290451050e-01
2.615280449390411377e-01
2.492406815290451050e-01
2.415299564599990845e-01
2.492406815290451050e-01
2.342260032892227173e-01
2.562274038791656494e-01
2.590857744216918945e-01
2.562274038791656494e-01
2.522528171539306641e-01
2.562274038791656494e-01
2.453958243131637573e-01
2.705846130847930908e-01
2.409006357192993164e-01
2.705846130847930908e-01
2.646154463291168213e-01
2.705846130847930908e-01
2.528072297573089600e-01
2.705650925636291504e-01
2.770830392837524414e-01
2.705650925636291504e-01
2.812832295894622803e-01
2.705650925636291504e-01
2.327087521553039551e-01
2.710589170455932617e-01
2.305082231760025024e-01
2.710589170455932617e-01
2.812175750732421875e-01
2.710589170455932617e-01
2.278633713722229004e-01
2.688584327697753906e-01
2.420619130134582520e-01
2.688584327697753906e-01
2.484518140554428101e-01
2.688584327697753906e-01
2.561160922050476074e-01
2.641337811946868896e-01
3.095081746578216553e-01
2.641337811946868896e-01
2.804481685161590576e-01
2.641337811946868896e-01
2.620576322078704834e-01
2.640816271305084229e-01
2.749447226524353027e-01
2.640816271305084229e-01
2.838545739650726318e-01
2.640816271305084229e-01
2.409377396106719971e-01
2.640816271305084229e-01
2.432082295417785645e-01
2.640816271305084229e-01
2.128865867853164673e-01
2.640816271305084229e-01
2.548799216747283936e-01
2.585213780403137207e-01
2.452296763658523560e-01
2.585213780403137207e-01
2.830657362937927246e-01
2.585213780403137207e-01
2.692457735538482666e-01
2.529886066913604736e-01
2.610079050064086914e-01
2.529886066913604736e-01
2.267399579286575317e-01
2.529886066913604736e-01
2.558197975158691406e-01
2.529886066913604736e-01
2.588711678981781006e-01
2.550795972347259521e-01
2.428496032953262329e-01
2.550795972347259521e-01
2.375540882349014282e-01
2.550795972347259521e-01
2.121003121137619019e-01
2.550795972347259521e-01
2.585865855216979980e-01
2.550795972347259521e-01
2.540243566036224365e-01
2.550795972347259521e-01
2.520640790462493896e-01
2.511078715324401855e-01
2.631457149982452393e-01
2.511078715324401855e-01
2.260936200618743896e-01
2.511078715324401855e-01
2.369449287652969360e-01
2.511078715324401855e-01
2.459639459848403931e-01
2.424568831920623779e-01
2.298250347375869751e-01
2.424568831920623779e-01
2.717742323875427246e-01
2.424568831920623779e-01
2.349371165037155151e-01
2.424568831920623779e-01
2.225403189659118652e-01
2.424568831920623779e-01
1.952934414148330688e-01
2.424568831920623779e-01
2.237207144498825073e-01
2.476213872432708740e-01
2.487924546003341675e-01
2.476213872432708740e-01
2.830616831779479980e-01
2.476213872432708740e-01
2.544566392898559570e-01
2.475844770669937134e-01
2.510350346565246582e-01
2.475844770669937134e-01
2.467785030603408813e-01
2.475844770669937134e-01
2.566722631454467773e-01
2.431825846433639526e-01
3.089678883552551270e-01
2.431825846433639526e-01
3.014470338821411133e-01
2.431825846433639526e-01
3.147391974925994873e-01
2.431825846433639526e-01
3.090935051441192627e-01
2.375194430351257324e-01
3.010379970073699951e-01
2.375194430351257324e-01
2.861103415489196777e-01
2.375194430351257324e-01
3.478724658489227295e-01
2.404516488313674927e-01
2.267170399427413940e-01
2.404516488313674927e-01
2.205898612737655640e-01
2.404516488313674927e-01
2.395706623792648315e-01
2.495445609092712402e-01
2.236468940973281860e-01
2.495445609092712402e-01
2.631676793098449707e-01
2.495445609092712402e-01
2.375845760107040405e-01
2.719645500183105469e-01
2.374743521213531494e-01
2.719645500183105469e-01
2.605252861976623535e-01
2.719645500183105469e-01
2.261201441287994385e-01
2.781453132629394531e-01
2.202371507883071899e-01
2.781453132629394531e-01
2.121547460556030273e-01
2.781453132629394531e-01
2.412582486867904663e-01
2.838661968708038330e-01
5.229813456535339355e-01
2.838661968708038330e-01
3.084090948104858398e-01
2.838661968708038330e-01
3.236532807350158691e-01
2.905834615230560303e-01
2.484712153673171997e-01
2.905834615230560303e-01
2.944225668907165527e-01
2.905834615230560303e-01
2.538542449474334717e-01
2.900920212268829346e-01
2.345828860998153687e-01
2.900920212268829346e-01
2.617463767528533936e-01
2.900920212268829346e-01
2.267789393663406372e-01
2.874055206775665283e-01
2.110192328691482544e-01
2.874055206775665283e-01
2.190295904874801636e-01
2.874055206775665283e-01
1.770089864730834961e-01
2.874055206775665283e-01
2.053218483924865723e-01
2.874055206775665283e-01
2.445171624422073364e-01
2.874055206775665283e-01
2.256616801023483276e-01
2.874055206775665283e-01
1.807473450899124146e-01
2.874055206775665283e-01
1.785114258527755737e-01
2.874055206775665283e-01
2.677413523197174072e-01
2.777497768402099609e-01
1.877065002918243408e-01
2.777497768402099609e-01
2.001310735940933228e-01
2.777497768402099609e-01
1.755912452936172485e-01
2.777497768402099609e-01
1.989145576953887939e-01
2.692467570304870605e-01
2.068458348512649536e-01
2.692467570304870605e-01
2.236966639757156372e-01
2.692467570304870605e-01
1.854256838560104370e-01
2.716774344444274902e-01
1.808619946241378784e-01
2.716774344444274902e-01
2.049597650766372681e-01
2.716774344444274902e-01
2.214981913566589355e-01
2.716774344444274902e-01
1.849129945039749146e-01
2.752042114734649658e-01
2.429223805665969849e-01
2.752042114734649658e-01
2.235089093446731567e-01
2.752042114734649658e-01
2.071573585271835327e-01
2.664943635463714600e-01
1.672557443380355835e-01
2.664943635463714600e-01
1.879700422286987305e-01
2.664943635463714600e-01
2.770627140998840332e-01
2.563363015651702881e-01
2.080645412206649780e-01
2.563363015651702881e-01
2.143265455961227417e-01
2.563363015651702881e-01
2.280422300100326538e-01
2.527552247047424316e-01
2.579089999198913574e-01
2.527552247047424316e-01
2.475018352270126343e-01
2.527552247047424316e-01
2.661572694778442383e-01
2.527552247047424316e-01
2.108641266822814941e-01
2.527552247047424316e-01
2.470471709966659546e-01
2.527552247047424316e-01
2.566591203212738037e-01
2.527552247047424316e-01
2.965604066848754883e-01
2.385588735342025757e-01
2.348938584327697754e-01
2.385588735342025757e-01
2.595065534114837646e-01
2.385588735342025757e-01
2.567231953144073486e-01
2.361268848180770874e-01
2.417493015527725220e-01
2.361268848180770874e-01
2.299757748842239380e-01
2.361268848180770874e-01
2.136412411928176880e-01
2.337516099214553833e-01
2.525674700736999512e-01
2.337516099214553833e-01
2.419260889291763306e-01
2.337516099214553833e-01
2.750424444675445557e-01
2.256964296102523804e-01
2.210042625665664673e-01
2.256964296102523804e-01
2.224945127964019775e-01
2.256964296102523804e-01
2.568954825401306152e-01
2.351809591054916382e-01
2.680853307247161865e-01
2.351809591054916382e-01
2.502909600734710693e-01
2.351809591054916382e-01
2.382021695375442505e-01
2.209413796663284302e-01
2.356432229280471802e-01
2.209413796663284302e-01
2.026995271444320679e-01
2.209413796663284302e-01
2.034890800714492798e-01
2.099273055791854858e-01
1.817971616983413696e-01
2.099273055791854858e-01
2.205808460712432861e-01
2.099273055791854858e-01
2.189135700464248657e-01
2.010983079671859741e-01
1.942092180252075195e-01
2.010983079671859741e-01
2.168281525373458862e-01
2.010983079671859741e-01
2.133718132972717285e-01
1.683560013771057129e-01
1.779741793870925903e-01
1.683560013771057129e-01
1.555801182985305786e-01
1.683560013771057129e-01
1.970394104719161987e-01
1.683560013771057129e-01
1.783067733049392700e-01
1.624685972929000854e-01
2.101145833730697632e-01
1.624685972929000854e-01
1.702313125133514404e-01
1.624685972929000854e-01
1.742715388536453247e-01
1.284809261560440063e-01
1.224677339196205139e-01
1.284809261560440063e-01
1.288703680038452148e-01
1.284809261560440063e-01
1.073195934295654297e-01
1.166735962033271790e-01
9.958507120609283447e-02
1.166735962033271790e-01
1.180289685726165771e-01
1.166735962033271790e-01
1.157734021544456482e-01
9.936769306659698486e-02
9.282021969556808472e-02
9.936769306659698486e-02
1.440427005290985107e-01
9.936769306659698486e-02
1.051520407199859619e-01
1.007763594388961792e-01
8.782920986413955688e-02
1.007763594388961792e-01
9.200844168663024902e-02
1.007763594388961792e-01
6.497107446193695068e-02
9.892511367797851562e-02
1.180842891335487366e-01
9.892511367797851562e-02
9.216840565204620361e-02
9.892511367797851562e-02
9.698313474655151367e-02
1.016168743371963501e-01
7.352682203054428101e-02
1.016168743371963501e-01
8.193678408861160278e-02
1.016168743371963501e-01
9.588627517223358154e-02
1.016168743371963501e-01
1.224575415253639221e-01
1.071076989173889160e-01
9.463115036487579346e-02
1.071076989173889160e-01
8.758206665515899658e-02
1.071076989173889160e-01
5.290971696376800537e-02
1.074356958270072937e-01
1.002730727195739746e-01
1.074356958270072937e-01
9.948658198118209839e-02
1.074356958270072937e-01
8.345540612936019897e-02
1.083896905183792114e-01
1.149931699037551880e-01
1.083896905183792114e-01
9.907267987728118896e-02
1.083896905183792114e-01
1.079892441630363464e-01
1.055282205343246460e-01
1.304869353771209717e-01
1.055282205343246460e-01
1.404348462820053101e-01
1.055282205343246460e-01
1.100455448031425476e-01
1.017427369952201843e-01
8.611872792243957520e-02
1.017427369952201843e-01
1.049139797687530518e-01
1.017427369952201843e-01
1.113639622926712036e-01
1.023929789662361145e-01
1.015323698520660400e-01
1.023929789662361145e-01
9.155474603176116943e-02
1.023929789662361145e-01
1.116166710853576660e-01
1.111682653427124023e-01
9.615781903266906738e-02
1.111682653427124023e-01
8.541971445083618164e-02
1.111682653427124023e-01
1.072738021612167358e-01
1.111682653427124023e-01
7.574436068534851074e-02
1.019769161939620972e-01
9.259400516748428345e-02
1.019769161939620972e-01
8.772758394479751587e-02
1.019769161939620972e-01
1.090632155537605286e-01
9.788110852241516113e-02
1.236111000180244446e-01
9.788110852241516113e-02
1.400595605373382568e-01
9.788110852241516113e-02
1.048432365059852600e-01
9.565509855747222900e-02
1.144125014543533325e-01
9.565509855747222900e-02
1.521983891725540161e-01
9.565509855747222900e-02
1.210628971457481384e-01
9.521461278200149536e-02
1.023300141096115112e-01
9.521461278200149536e-02
1.092902421951293945e-01
9.521461278200149536e-02
1.034790277481079102e-01
9.231907874345779419e-02
1.045327708125114441e-01
9.231907874345779419e-02
9.708638489246368408e-02
9.231907874345779419e-02
9.640873223543167114e-02
9.324233233928680420e-02
1.193670034408569336e-01
9.324233233928680420e-02
9.130460023880004883e-02
9.324233233928680420e-02
7.495523989200592041e-02
9.237012267112731934e-02
7.454545795917510986e-02
9.237012267112731934e-02
5.974021553993225098e-02
9.237012267112731934e-02
8.636403083801269531e-02
9.953556954860687256e-02
8.907543122768402100e-02
9.953556954860687256e-02
9.425882995128631592e-02
9.953556954860687256e-02
1.026398092508316040e-01
9.953556954860687256e-02
8.278594166040420532e-02
9.953556954860687256e-02
9.551064670085906982e-02
9.953556954860687256e-02
1.013981252908706665e-01
9.953556954860687256e-02
1.094609946012496948e-01
1.035930961370468140e-01
1.065061539411544800e-01
1.035930961370468140e-01
1.177791282534599304e-01
1.035930961370468140e-01
7.922155410051345825e-02
9.778705239295959473e-02
8.004126697778701782e-02
9.778705239295959473e-02
9.404261410236358643e-02
9.778705239295959473e-02
8.094920963048934937e-02
9.599109739065170288e-02
7.214288413524627686e-02
9.599109739065170288e-02
3.614423424005508423e-02
9.599109739065170288e-02
8.655524998903274536e-02
8.896764367818832397e-02
8.490985631942749023e-02
8.896764367818832397e-02
6.417627632617950439e-02
8.896764367818832397e-02
9.752106666564941406e-02
8.896764367818832397e-02
7.805169373750686646e-02
8.850792795419692993e-02
1.162553429603576660e-01
8.850792795419692993e-02
1.224967092275619507e-01
8.850792795419692993e-02
1.076934710144996643e-01
8.850792795419692993e-02
1.067903190851211548e-01
9.388446062803268433e-02
1.521010547876358032e-01
9.388446062803268433e-02
1.276188939809799194e-01
9.388446062803268433e-02
8.111260831356048584e-02
9.365630149841308594e-02
6.846602261066436768e-02
9.365630149841308594e-02
1.007193922996520996e-01
9.365630149841308594e-02
8.907024562358856201e-02
8.691260963678359985e-02
3.493466973304748535e-02
8.691260963678359985e-02
6.100768595933914185e-02
8.691260963678359985e-02
4.880875349044799805e-02
9.210167825222015381e-02
7.677201926708221436e-02
9.210167825222015381e-02
8.132237195968627930e-02
9.210167825222015381e-02
5.631959438323974609e-02
9.881944209337234497e-02
1.059409454464912415e-01
9.881944209337234497e-02
1.001173555850982666e-01
9.881944209337234497e-02
7.115576416254043579e-02
9.419253468513488770e-02
1.144160404801368713e-01
9.419253468513488770e-02
1.060188561677932739e-01
9.419253468513488770e-02
9.592239558696746826e-02
9.119799733161926270e-02
8.280362188816070557e-02
9.119799733161926270e-02
9.711006283760070801e-02
9.119799733161926270e-02
8.373774588108062744e-02
9.053362160921096802e-02
9.550865739583969116e-02
9.053362160921096802e-02
9.059858322143554688e-02
9.053362160921096802e-02
8.610042184591293335e-02
9.053362160921096802e-02
8.611584454774856567e-02
9.518488496541976929e-02
9.139278531074523926e-02
9.518488496541976929e-02
8.474870026111602783e-02
9.518488496541976929e-02
8.772968500852584839e-02
1.007304936647415161e-01
1.039928346872329712e-01
1.007304936647415161e-01
1.131847798824310303e-01
1.007304936647415161e-01
1.063640937209129333e-01
1.022880226373672485e-01
9.768170118331909180e-02
1.022880226373672485e-01
9.321705996990203857e-02
1.022880226373672485e-01
9.696595370769500732e-02
1.022731959819793701e-01
1.143071353435516357e-01
1.022731959819793701e-01
1.243786960840225220e-01
1.022731959819793701e-01
1.281701624393463135e-01
1.022731959819793701e-01
9.248003363609313965e-02
9.996163845062255859e-02
9.530103951692581177e-02
9.996163845062255859e-02
1.019172593951225281e-01
9.996163845062255859e-02
1.060557514429092407e-01
9.184208512306213379e-02
9.692579507827758789e-02
9.184208512306213379e-02
1.070412546396255493e-01
9.184208512306213379e-02
1.008330211043357849e-01
8.926187455654144287e-02
9.958280622959136963e-02
8.926187455654144287e-02
7.923734933137893677e-02
8.926187455654144287e-02
8.959265053272247314e-02
8.926187455654144287e-02
1.047936230897903442e-01
8.307867497205734253e-02
8.429270237684249878e-02
8.307867497205734253e-02
1.000083684921264648e-01
8.307867497205734253e-02
7.202119380235671997e-02
8.439939469099044800e-02
7.285182923078536987e-02
8.439939469099044800e-02
7.128803431987762451e-02
8.439939469099044800e-02
7.769221067428588867e-02
8.458603918552398682e-02
7.564735412597656250e-02
8.458603918552398682e-02
7.793462276458740234e-02
8.458603918552398682e-02
6.696024537086486816e-02
8.458603918552398682e-02
7.301091402769088745e-02
8.452434092760086060e-02
9.934216737747192383e-02
8.452434092760086060e-02
8.929752558469772339e-02
8.452434092760086060e-02
8.347733318805694580e-02
8.633513003587722778e-02
8.350428938865661621e-02
8.633513003587722778e-02
1.004152819514274597e-01
8.633513003587722778e-02
8.959113806486129761e-02
7.759064435958862305e-02
7.789356261491775513e-02
7.759064435958862305e-02
1.167745888233184814e-01
7.759064435958862305e-02
1.213798001408576965e-01
7.759064435958862305e-02
7.780420035123825073e-02
7.814082503318786621e-02
1.015103310346603394e-01
7.814082503318786621e-02
7.194625586271286011e-02
7.814082503318786621e-02
9.646680951118469238e-02
7.873543351888656616e-02
3.602956980466842651e-02
7.873543351888656616e-02
7.784439623355865479e-02
7.873543351888656616e-02
5.759800970554351807e-02
5.308016389608383179e-02
5.688938498497009277e-02
5.308016389608383179e-02
4.096937924623489380e-02
5.308016389608383179e-02
6.517963111400604248e-02
6.239973008632659912e-02
2.352876402437686920e-02
6.239973008632659912e-02
2.299286611378192902e-02
6.239973008632659912e-02
-3.334190696477890015e-04
5.664084106683731079e-02
2.377939410507678986e-02
5.664084106683731079e-02
5.265248566865921021e-02
5.664084106683731079e-02
2.320240624248981476e-02
5.664084106683731079e-02
4.412365704774856567e-02
5.139102786779403687e-02
1.815089024603366852e-02
5.139102786779403687e-02
9.152881056070327759e-02
5.139102786779403687e-02
6.344400346279144287e-02
5.825704336166381836e-02
3.943426907062530518e-02
5.825704336166381836e-02
8.593095093965530396e-02
5.825704336166381836e-02
7.563588768243789673e-02
6.584765762090682983e-02
6.974866241216659546e-02
6.584765762090682983e-02
3.070066682994365692e-02
6.584765762090682983e-02
6.139475852251052856e-02
6.314218789339065552e-02
8.381744474172592163e-02
6.314218789339065552e-02
8.487544953823089600e-02
6.314218789339065552e-02
9.062813222408294678e-02
5.197280645370483398e-02
4.218327254056930542e-02
5.197280645370483398e-02
7.477746158838272095e-02
5.197280645370483398e-02
4.386227577924728394e-02
4.948079586029052734e-02
3.499560058116912842e-02
4.948079586029052734e-02
5.644926428794860840e-02
4.948079586029052734e-02
5.165968835353851318e-02
4.948079586029052734e-02
3.787689656019210815e-02
2.496750466525554657e-02
8.967341855168342590e-03
2.496750466525554657e-02
2.027105726301670074e-02
2.496750466525554657e-02
3.376716375350952148e-02
4.653353244066238403e-04
-6.181871518492698669e-03
4.653353244066238403e-04
1.251025311648845673e-02
4.653353244066238403e-04
-1.432030089199542999e-02
-9.028738364577293396e-03
-2.916766330599784851e-03
-9.028738364577293396e-03
2.135795913636684418e-02
-9.028738364577293396e-03
-2.762907929718494415e-02
-2.175860293209552765e-02
-2.405274845659732819e-02
-2.175860293209552765e-02
-1.733784191310405731e-02
-2.175860293209552765e-02
-1.110501028597354889e-02
-2.175860293209552765e-02
-4.081586748361587524e-02
-3.935934603214263916e-02
-4.850900173187255859e-02
-3.935934603214263916e-02
-3.493539988994598389e-02
-3.935934603214263916e-02
-5.042722821235656738e-02
-1.009684801101684570e-01
-1.140715330839157104e-01
-1.009684801101684570e-01
-1.091994643211364746e-01
-1.009684801101684570e-01
-1.186707466840744019e-01
-1.065218448638916016e-01
-7.915310561656951904e-02
-1.065218448638916016e-01
-7.382771372795104980e-02
-1.065218448638916016e-01
-7.232426851987838745e-02
-1.237270981073379517e-01
-1.158396154642105103e-01
-1.237270981073379517e-01
-9.004729986190795898e-02
-1.237270981073379517e-01
-1.378241032361984253e-01
-1.482333391904830933e-01
-1.360254436731338501e-01
-1.482333391904830933e-01
-1.637249439954757690e-01
-1.482333391904830933e-01
-1.333788484334945679e-01
-1.463945657014846802e-01
-1.881464719772338867e-01
-1.463945657014846802e-01
-1.571584194898605347e-01
-1.463945657014846802e-01
-1.739898622035980225e-01
-1.506991982460021973e-01
-1.481893658638000488e-01
-1.506991982460021973e-01
-1.424740403890609741e-01
-1.506991982460021973e-01
-1.266129165887832642e-01
-1.475146859884262085e-01
-1.287563145160675049e-01
-1.475146859884262085e-01
-1.239822357892990112e-01
-1.475146859884262085e-01
-1.323377937078475952e-01
-1.473516970872879028e-01
-1.188666522502899170e-01
-1.473516970872879028e-01
-1.434460878372192383e-01
-1.473516970872879028e-01
-9.835483133792877197e-02
-1.474942117929458618e-01
-1.537919491529464722e-01
-1.474942117929458618e-01
-1.230967640876770020e-01
-1.474942117929458618e-01
-1.382193118333816528e-01
-1.474942117929458618e-01
-5.820399522781372070e-02
-1.547087579965591431e-01
-1.412026435136795044e-01
-1.547087579965591431e-01
-1.380216032266616821e-01
-1.547087579965591431e-01
-1.620770990848541260e-01
-1.548614650964736938e-01
-1.317419558763504028e-01
-1.548614650964736938e-01
-1.353141665458679199e-01
-1.548614650964736938e-01
-1.811206489801406860e-01
-1.487190276384353638e-01
-8.855411410331726074e-02
-1.487190276384353638e-01
-9.372208267450332642e-02
-1.487190276384353638e-01
-1.161416023969650269e-01
-1.458914726972579956e-01
-1.299921721220016479e-01
-1.458914726972579956e-01
-1.412532478570938110e-01
-1.458914726972579956e-01
-1.565338671207427979e-01
-1.458914726972579956e-01
-1.406946033239364624e-01
-1.525604873895645142e-01
-1.420818418264389038e-01
-1.525604873895645142e-01
-1.258358359336853027e-01
-1.525604873895645142e-01
-1.484090685844421387e-01
-1.576051712036132812e-01
-1.300025135278701782e-01
-1.576051712036132812e-01
-1.389471441507339478e-01
-1.576051712036132812e-01
-1.374423354864120483e-01
-1.603361666202545166e-01
-1.492132097482681274e-01
-1.603361666202545166e-01
-1.839760094881057739e-01
-1.603361666202545166e-01
-1.380980759859085083e-01
-1.603361666202545166e-01
-1.730611771345138550e-01
-1.653170734643936157e-01
-1.298184841871261597e-01
-1.653170734643936157e-01
-1.446852535009384155e-01
-1.653170734643936157e-01
-1.344081461429595947e-01
-1.722857058048248291e-01
-1.756410449743270874e-01
-1.722857058048248291e-01
-1.555291265249252319e-01
-1.722857058048248291e-01
-1.646671891212463379e-01
-1.690985411405563354e-01
-1.623277217149734497e-01
-1.690985411405563354e-01
-1.796649247407913208e-01
-1.690985411405563354e-01
-1.739156842231750488e-01
-1.692994087934494019e-01
-1.612355560064315796e-01
-1.692994087934494019e-01
-1.938482820987701416e-01
-1.692994087934494019e-01
-1.540526300668716431e-01
-1.692994087934494019e-01
-1.657106727361679077e-01
-1.773873716592788696e-01
-1.664580553770065308e-01
-1.773873716592788696e-01
-1.922608166933059692e-01
-1.773873716592788696e-01
-1.861162632703781128e-01
-1.786030679941177368e-01
-1.308140307664871216e-01
-1.786030679941177368e-01
-1.712869554758071899e-01
-1.786030679941177368e-01
-1.585472971200942993e-01
-1.786030679941177368e-01
-1.560334563255310059e-01
-1.839980632066726685e-01
-1.380268186330795288e-01
-1.839980632066726685e-01
-1.447565555572509766e-01
-1.839980632066726685e-01
-1.721313297748565674e-01
-1.893970966339111328e-01
-1.701658815145492554e-01
-1.893970966339111328e-01
-1.700305789709091187e-01
-1.893970966339111328e-01
-1.741507500410079956e-01
-2.080880552530288696e-01
-1.956203728914260864e-01
-2.080880552530288696e-01
-1.620279550552368164e-01
-2.080880552530288696e-01
-1.870340853929519653e-01
-2.080880552530288696e-01
-1.996575742959976196e-01
-2.025045603513717651e-01
-2.038154155015945435e-01
-2.025045603513717651e-01
-1.492072492837905884e-01
-2.025045603513717651e-01
-2.074400782585144043e-01
-2.043749690055847168e-01
-1.686863750219345093e-01
-2.043749690055847168e-01
-1.908390969038009644e-01
-2.043749690055847168e-01
-1.796242445707321167e-01
-2.043749690055847168e-01
-1.796506643295288086e-01
-1.952693611383438110e-01
-1.846656054258346558e-01
-1.952693611383438110e-01
-1.973310559988021851e-01
-1.952693611383438110e-01
-2.155538499355316162e-01
-1.959018111228942871e-01
-1.587882488965988159e-01
-1.959018111228942871e-01
-1.746380180120468140e-01
-1.959018111228942871e-01
-1.705144792795181274e-01
-1.959018111228942871e-01
-1.619363129138946533e-01
-1.965802162885665894e-01
-2.049032002687454224e-01
-1.965802162885665894e-01
-1.943296939134597778e-01
-1.965802162885665894e-01
-1.881388574838638306e-01
-1.959520578384399414e-01
-1.864385008811950684e-01
-1.959520578384399414e-01
-1.614989638328552246e-01
-1.959520578384399414e-01
-1.574138402938842773e-01
-1.617862880229949951e-01
-1.343622505664825439e-01
-1.617862880229949951e-01
-1.418204009532928467e-01
-1.617862880229949951e-01
-1.475726962089538574e-01
-1.562183201313018799e-01
-1.362471133470535278e-01
-1.562183201313018799e-01
-1.369851529598236084e-01
-1.562183201313018799e-01
-1.331015974283218384e-01
-1.562183201313018799e-01
-1.451728940010070801e-01
-1.562183201313018799e-01
-1.336325109004974365e-01
-1.562183201313018799e-01
-1.498361378908157349e-01
-1.569479852914810181e-01
-1.387471705675125122e-01
-1.569479852914810181e-01
-1.314850300550460815e-01
-1.569479852914810181e-01
-1.449671238660812378e-01
-1.589709520339965820e-01
-1.582532227039337158e-01
-1.589709520339965820e-01
-1.561295837163925171e-01
-1.589709520339965820e-01
-1.574687212705612183e-01
-1.589709520339965820e-01
-1.435705572366714478e-01
-1.634995192289352417e-01
-1.417586654424667358e-01
-1.634995192289352417e-01
-1.380697339773178101e-01
-1.634995192289352417e-01
-1.602955013513565063e-01
-1.669928878545761108e-01
-1.601708084344863892e-01
-1.669928878545761108e-01
-1.653987020254135132e-01
-1.669928878545761108e-01
-1.599583774805068970e-01
-1.669928878545761108e-01
-1.629466563463211060e-01
-1.685266643762588501e-01
-1.994097232818603516e-01
-1.685266643762588501e-01
-1.945635527372360229e-01
-1.685266643762588501e-01
-2.113699465990066528e-01
-1.682464033365249634e-01
-1.070271879434585571e-01
-1.682464033365249634e-01
-1.992515772581100464e-01
-1.682464033365249634e-01
-6.294606626033782959e-02
-1.727070957422256470e-01
-1.741616725921630859e-01
-1.727070957422256470e-01
-1.650576889514923096e-01
-1.727070957422256470e-01
-1.786780506372451782e-01
-1.697342246770858765e-01
-1.916479915380477905e-01
-1.697342246770858765e-01
-1.907220184803009033e-01
-1.697342246770858765e-01
-1.939873695373535156e-01
-1.850724518299102783e-01
-2.040493488311767578e-01
-1.850724518299102783e-01
-1.822924315929412842e-01
-1.850724518299102783e-01
-1.519097536802291870e-01
-1.850724518299102783e-01
-1.975146085023880005e-01
-1.949984580278396606e-01
-2.270201593637466431e-01
-1.949984580278396606e-01
-1.851635426282882690e-01
-1.949984580278396606e-01
-1.878393739461898804e-01
-1.951193660497665405e-01
-2.131647020578384399e-01
-1.951193660497665405e-01
-1.962258368730545044e-01
-1.951193660497665405e-01
-2.302852421998977661e-01
-2.112627476453781128e-01
-2.078801840543746948e-01
-2.112627476453781128e-01
-2.021948099136352539e-01
-2.112627476453781128e-01
-2.367033511400222778e-01
-2.159773707389831543e-01
-1.913500577211380005e-01
-2.159773707389831543e-01
-1.988299340009689331e-01
-2.159773707389831543e-01
-2.256544381380081177e-01
-2.159773707389831543e-01
-2.202128022909164429e-01
-2.227526456117630005e-01
-2.360212951898574829e-01
-2.227526456117630005e-01
-1.970456838607788086e-01
-2.227526456117630005e-01
-1.921673715114593506e-01
-2.176183015108108521e-01
-2.340320795774459839e-01
-2.176183015108108521e-01
-2.186080664396286011e-01
-2.176183015108108521e-01
-2.307530492544174194e-01
-2.334282845258712769e-01
-2.209559530019760132e-01
-2.334282845258712769e-01
-2.154123932123184204e-01
-2.334282845258712769e-01
-2.436745315790176392e-01
-2.384666353464126587e-01
-2.610924243927001953e-01
-2.384666353464126587e-01
-2.533175349235534668e-01
-2.384666353464126587e-01
-2.299099713563919067e-01
-2.384666353464126587e-01
-2.789300084114074707e-01
-2.291124016046524048e-01
-2.588076889514923096e-01
-2.291124016046524048e-01
-2.228008955717086792e-01
-2.291124016046524048e-01
-2.065519839525222778e-01
-2.275149375200271606e-01
-2.375770956277847290e-01
-2.275149375200271606e-01
-2.317088097333908081e-01
-2.275149375200271606e-01
-2.596206068992614746e-01
-2.275149375200271606e-01
-2.194477170705795288e-01
-2.275149375200271606e-01
-1.842280328273773193e-01
-2.275149375200271606e-01
-2.353887408971786499e-01
-2.267464250326156616e-01
-2.232097238302230835e-01
-2.267464250326156616e-01
-2.242482453584671021e-01
-2.267464250326156616e-01
-2.193230539560317993e-01
-2.266942709684371948e-01
-2.073432356119155884e-01
-2.266942709684371948e-01
-1.790315806865692139e-01
-2.266942709684371948e-01
-2.078761756420135498e-01
-2.293530553579330444e-01
-2.341309338808059692e-01
-2.293530553579330444e-01
-2.125104218721389771e-01
-2.293530553579330444e-01
-2.106990367174148560e-01
-2.293530553579330444e-01
-1.774611622095108032e-01
-2.293530553579330444e-01
-2.274285703897476196e-01
-2.293530553579330444e-01
-2.178757637739181519e-01
-2.293530553579330444e-01
-2.225070148706436157e-01
-2.289669662714004517e-01
-2.243368476629257202e-01
-2.289669662714004517e-01
-2.307023555040359497e-01
-2.289669662714004517e-01
-2.480181604623794556e-01
-2.458057850599288940e-01
-2.338304966688156128e-01
-2.458057850599288940e-01
-2.428092509508132935e-01
-2.458057850599288940e-01
-2.363318055868148804e-01
-2.447259575128555298e-01
-2.104469984769821167e-01
-2.447259575128555298e-01
-2.187676280736923218e-01
-2.447259575128555298e-01
-2.152658700942993164e-01
-2.447259575128555298e-01
-2.254957705736160278e-01
-2.447259575128555298e-01
-2.138190567493438721e-01
-2.447259575128555298e-01
-2.433183342218399048e-01
-2.447965294122695923e-01
-2.411502748727798462e-01
-2.447965294122695923e-01
-2.328546792268753052e-01
-2.447965294122695923e-01
-2.563299536705017090e-01
-2.447965294122695923e-01
-2.408352643251419067e-01
-2.472065538167953491e-01
-2.365559488534927368e-01
-2.472065538167953491e-01
-2.325332015752792358e-01
-2.472065538167953491e-01
-1.936995387077331543e-01
-2.472065538167953491e-01
-2.147308737039566040e-01
-2.523117065429687500e-01
-2.472714632749557495e-01
-2.523117065429687500e-01
-2.354604750871658325e-01
-2.523117065429687500e-01
-2.666009068489074707e-01
-2.522342205047607422e-01
-2.335269302129745483e-01
-2.522342205047607422e-01
-2.416610270738601685e-01
-2.522342205047607422e-01
-2.368266135454177856e-01
-2.508267164230346680e-01
-2.306412607431411743e-01
-2.508267164230346680e-01
-2.341432124376296997e-01
-2.508267164230346680e-01
-2.468756884336471558e-01
-2.508267164230346680e-01
-2.599188089370727539e-01
-2.479129284620285034e-01
-2.282542735338211060e-01
-2.479129284620285034e-01
-2.156892269849777222e-01
-2.479129284620285034e-01
-2.378296405076980591e-01
-2.479129284620285034e-01
-2.291339784860610962e-01
-2.443928271532058716e-01
-2.301476448774337769e-01
-2.443928271532058716e-01
-2.334925681352615356e-01
-2.443928271532058716e-01
-2.338620573282241821e-01
-2.443928271532058716e-01
-2.263894230127334595e-01
-2.497253566980361938e-01
-2.386962920427322388e-01
-2.497253566980361938e-01
-2.422911673784255981e-01
-2.497253566980361938e-01
-2.298636883497238159e-01
-2.497253566980361938e-01
-2.327393740415573120e-01
-2.588844895362854004e-01
-2.483935505151748657e-01
-2.588844895362854004e-01
-2.575771808624267578e-01
-2.588844895362854004e-01
-2.548109889030456543e-01
-2.588844895362854004e-01
-2.502786517143249512e-01
-2.647676467895507812e-01
-2.449957877397537231e-01
-2.647676467895507812e-01
-2.663166522979736328e-01
-2.647676467895507812e-01
-2.334503084421157837e-01
-2.647676467895507812e-01
-2.721588611602783203e-01
-2.696114778518676758e-01
-2.556245625019073486e-01
-2.696114778518676758e-01
-2.755517959594726562e-01
-2.696114778518676758e-01
-2.736863195896148682e-01
-2.696114778518676758e-01
-2.706217765808105469e-01
-2.572835087776184082e-01
-2.387067824602127075e-01
-2.572835087776184082e-01
-2.871472239494323730e-01
-2.572835087776184082e-01
-2.565946877002716064e-01
-2.572835087776184082e-01
-2.486166507005691528e-01
-2.549995183944702148e-01
-2.539583444595336914e-01
-2.549995183944702148e-01
-2.553079426288604736e-01
-2.549995183944702148e-01
-2.603235244750976562e-01
-2.549995183944702148e-01
-2.755255103111267090e-01
-2.453642636537551880e-01
-2.274562269449234009e-01
-2.453642636537551880e-01
-2.659049630165100098e-01
-2.453642636537551880e-01
-2.375458627939224243e-01
-2.453642636537551880e-01
-2.481149286031723022e-01
-2.481041103601455688e-01
-2.449134737253189087e-01
-2.481041103601455688e-01
-2.500556707382202148e-01
-2.481041103601455688e-01
-2.428181022405624390e-01
-2.481041103601455688e-01
-2.538141608238220215e-01
-2.464194446802139282e-01
-2.324888259172439575e-01
-2.464194446802139282e-01
-2.335318475961685181e-01
-2.464194446802139282e-01
-2.479548007249832153e-01
-2.464194446802139282e-01
-2.428562194108963013e-01
-2.413681298494338989e-01
-2.295873314142227173e-01
-2.413681298494338989e-01
-2.475439459085464478e-01
-2.413681298494338989e-01
-2.479012459516525269e-01
-2.413681298494338989e-01
-2.379758507013320923e-01
-2.365871816873550415e-01
-2.277752310037612915e-01
-2.365871816873550415e-01
-2.057431787252426147e-01
-2.365871816873550415e-01
-2.307989448308944702e-01
-2.365871816873550415e-01
-2.289574593305587769e-01
-2.302866131067276001e-01
-2.130797356367111206e-01
-2.302866131067276001e-01
-2.334328442811965942e-01
-2.302866131067276001e-01
-2.246132940053939819e-01
-2.302866131067276001e-01
-2.175781875848770142e-01
-2.284039407968521118e-01
-2.108851224184036255e-01
-2.284039407968521118e-01
-2.199586629867553711e-01
-2.284039407968521118e-01
-2.154560238122940063e-01
-2.220739275217056274e-01
-2.255352884531021118e-01
-2.220739275217056274e-01
-2.502593398094177246e-01
-2.220739275217056274e-01
-2.083720415830612183e-01
-2.202784419059753418e-01
-1.788386553525924683e-01
-2.202784419059753418e-01
-1.848608106374740601e-01
-2.202784419059753418e-01
-2.017439156770706177e-01
-2.197651565074920654e-01
-2.268403321504592896e-01
-2.197651565074920654e-01
-1.928119212388992310e-01
-2.197651565074920654e-01
-2.127538770437240601e-01
-2.175764441490173340e-01
-1.997995674610137939e-01
-2.175764441490173340e-01
-1.853602379560470581e-01
-2.175764441490173340e-01
-2.130950838327407837e-01
-2.121630460023880005e-01
-2.369112223386764526e-01
-2.121630460023880005e-01
-2.060319185256958008e-01
-2.121630460023880005e-01
-2.099470943212509155e-01
-2.124245613813400269e-01
-2.066331654787063599e-01
-2.124245613813400269e-01
-2.110579311847686768e-01
-2.124245613813400269e-01
-2.127833217382431030e-01
-2.072594612836837769e-01
-1.625002026557922363e-01
-2.072594612836837769e-01
-1.581664532423019409e-01
-2.072594612836837769e-01
-1.860371381044387817e-01
-1.980944275856018066e-01
-1.984760910272598267e-01
-1.980944275856018066e-01
-1.899703890085220337e-01
-1.980944275856018066e-01
-1.782866120338439941e-01
-1.992814987897872925e-01
-1.895070821046829224e-01
-1.992814987897872925e-01
-1.675151586532592773e-01
-1.992814987897872925e-01
-1.806854158639907837e-01
-1.885362118482589722e-01
-1.761567741632461548e-01
-1.885362118482589722e-01
-1.887265592813491821e-01
-1.885362118482589722e-01
-1.883540600538253784e-01
-1.885362118482589722e-01
-1.787327975034713745e-01
-1.841497570276260376e-01
-1.882878392934799194e-01
-1.841497570276260376e-01
-1.696659773588180542e-01
-1.841497570276260376e-01
-1.960757374763488770e-01
-1.891139000654220581e-01
-1.703084856271743774e-01
-1.891139000654220581e-01
-1.835877150297164917e-01
-1.891139000654220581e-01
-1.491744667291641235e-01
-1.890749037265777588e-01
-1.735229939222335815e-01
-1.890749037265777588e-01
-1.779252141714096069e-01
-1.890749037265777588e-01
-1.643238365650177002e-01
-1.965153366327285767e-01
-1.846034973859786987e-01
-1.965153366327285767e-01
-1.983133554458618164e-01
-1.965153366327285767e-01
-1.917117089033126831e-01
-2.004549354314804077e-01
-2.151219695806503296e-01
-2.004549354314804077e-01
-2.045065909624099731e-01
-2.004549354314804077e-01
-2.060725390911102295e-01
-2.004549354314804077e-01
-2.148210108280181885e-01
-1.927494853734970093e-01
-1.930597573518753052e-01
-1.927494853734970093e-01
-2.068611532449722290e-01
-1.927494853734970093e-01
-2.000394910573959351e-01
-1.927494853734970093e-01
-1.936885267496109009e-01
-1.953267008066177368e-01
-1.924986541271209717e-01
-1.953267008066177368e-01
-1.892321705818176270e-01
-1.953267008066177368e-01
-1.991667598485946655e-01
-1.885702759027481079e-01
-1.670975834131240845e-01
-1.885702759027481079e-01
-1.813729107379913330e-01
-1.885702759027481079e-01
-1.792271584272384644e-01
-1.831906288862228394e-01
-2.039505392313003540e-01
-1.831906288862228394e-01
-1.741453260183334351e-01
-1.831906288862228394e-01
-1.570625901222229004e-01
-1.831906288862228394e-01
-1.937000453472137451e-01
-1.613684892654418945e-01
-1.514884978532791138e-01
-1.613684892654418945e-01
-1.648490577936172485e-01
-1.613684892654418945e-01
-1.704041808843612671e-01
-1.569250673055648804e-01
-1.650770157575607300e-01
-1.569250673055648804e-01
-1.578434854745864868e-01
-1.569250673055648804e-01
-1.654931455850601196e-01
-1.539699584245681763e-01
-1.147918254137039185e-01
-1.539699584245681763e-01
-1.456578373908996582e-01
-1.539699584245681763e-01
-1.375574767589569092e-01
-1.396834999322891235e-01
-1.283415108919143677e-01
-1.396834999322891235e-01
-1.437346488237380981e-01
-1.396834999322891235e-01
-9.685200452804565430e-02
-1.542970687150955200e-01
-1.566078662872314453e-01
-1.542970687150955200e-01
-1.543533056974411011e-01
-1.542970687150955200e-01
-1.224167793989181519e-01
-1.542970687150955200e-01
-1.466916203498840332e-01
-1.555754691362380981e-01
-1.458849161863327026e-01
-1.555754691362380981e-01
-1.376895606517791748e-01
-1.555754691362380981e-01
-1.621739715337753296e-01
-1.542227119207382202e-01
-1.637689322233200073e-01
-1.542227119207382202e-01
-1.352854520082473755e-01
-1.542227119207382202e-01
-1.298322528600692749e-01
-1.457095891237258911e-01
-1.437511444091796875e-01
-1.457095891237258911e-01
-1.283365190029144287e-01
-1.457095891237258911e-01
-1.172199845314025879e-01
-1.381837129592895508e-01
-1.470558196306228638e-01
-1.381837129592895508e-01
-1.045976430177688599e-01
-1.381837129592895508e-01
-1.261538863182067871e-01
-1.381837129592895508e-01
-1.313932538032531738e-01
-1.269084662199020386e-01
-1.551637053489685059e-01
-1.269084662199020386e-01
-1.246034055948257446e-01
-1.269084662199020386e-01
-1.351028233766555786e-01
-1.182426363229751587e-01
-1.181568056344985962e-01
-1.182426363229751587e-01
-8.001469075679779053e-02
-1.182426363229751587e-01
-1.061698794364929199e-01
-1.165802031755447388e-01
-1.362147480249404907e-01
-1.165802031755447388e-01
-1.331025063991546631e-01
-1.165802031755447388e-01
-1.217204034328460693e-01
-1.172978579998016357e-01
-1.190578043460845947e-01
-1.172978579998016357e-01
-8.794961124658584595e-02
-1.172978579998016357e-01
-1.273048371076583862e-01
-1.164492815732955933e-01
-1.142639666795730591e-01
-1.164492815732955933e-01
-1.074908971786499023e-01
-1.164492815732955933e-01
-1.104461550712585449e-01
-1.182289719581604004e-01
-1.167105585336685181e-01
-1.182289719581604004e-01
-1.063703298568725586e-01
-1.182289719581604004e-01
-1.106562912464141846e-01
-1.182289719581604004e-01
-1.121789962053298950e-01
-1.162416636943817139e-01
-1.173494011163711548e-01
-1.162416636943817139e-01
-1.036275178194046021e-01
-1.162416636943817139e-01
-5.962666869163513184e-02
-1.162416636943817139e-01
-1.089710146188735962e-01
-1.187915652990341187e-01
-1.072602272033691406e-01
-1.187915652990341187e-01
-1.084451377391815186e-01
-1.187915652990341187e-01
-1.114491671323776245e-01
-1.187915652990341187e-01
-1.073472499847412109e-01
-1.184083521366119385e-01
-9.785112738609313965e-02
-1.184083521366119385e-01
-8.208239078521728516e-02
-1.184083521366119385e-01
-8.912063390016555786e-02
-1.157574802637100220e-01
-1.133320182561874390e-01
-1.157574802637100220e-01
-1.086253821849822998e-01
-1.157574802637100220e-01
-1.294765472412109375e-01
-1.157574802637100220e-01
-1.233917772769927979e-01
-1.140381097793579102e-01
-1.111126393079757690e-01
-1.140381097793579102e-01
-1.172980219125747681e-01
-1.140381097793579102e-01
-1.203902959823608398e-01
-1.140381097793579102e-01
-8.807110041379928589e-02
-1.154450625181198120e-01
-9.708650410175323486e-02
-1.154450625181198120e-01
-8.566301316022872925e-02
-1.154450625181198120e-01
-8.997777104377746582e-02
-1.128417849540710449e-01
-1.230808198451995850e-01
-1.128417849540710449e-01
-9.862039983272552490e-02
-1.128417849540710449e-01
-8.832555264234542847e-02
-1.216839402914047241e-01
-8.268657326698303223e-02
-1.216839402914047241e-01
-9.266065806150436401e-02
-1.216839402914047241e-01
-1.056178361177444458e-01
-1.216839402914047241e-01
-1.192423105239868164e-01
-1.199926882982254028e-01
-9.225217252969741821e-02
-1.199926882982254028e-01
-8.614377677440643311e-02
-1.199926882982254028e-01
-1.047036051750183105e-01
-1.199926882982254028e-01
-8.516827225685119629e-02
-1.199926882982254028e-01
-7.609141618013381958e-02
-1.199926882982254028e-01
-8.489888906478881836e-02
-1.199926882982254028e-01
-9.312025457620620728e-02
-1.211135685443878174e-01
-1.026980429887771606e-01
-1.211135685443878174e-01
-8.231787383556365967e-02
-1.211135685443878174e-01
-8.865544199943542480e-02
-1.330938488245010376e-01
-1.090278923511505127e-01
-1.330938488245010376e-01
-1.158001720905303955e-01
-1.330938488245010376e-01
-1.142492741346359253e-01
-1.369711607694625854e-01
-1.179323643445968628e-01
-1.369711607694625854e-01
-1.049787551164627075e-01
-1.369711607694625854e-01
-1.335005611181259155e-01
-1.369711607694625854e-01
-1.439387202262878418e-01
-1.369711607694625854e-01
-1.380355209112167358e-01
-1.369711607694625854e-01
-1.062867492437362671e-01
-1.345989853143692017e-01
-1.567732691764831543e-01
-1.345989853143692017e-01
-1.149683147668838501e-01
-1.345989853143692017e-01
-1.082276701927185059e-01
-1.345989853143692017e-01
-1.171487420797348022e-01
-1.415604501962661743e-01
-1.739196032285690308e-01
-1.415604501962661743e-01
-1.553523689508438110e-01
-1.415604501962661743e-01
-1.197500824928283691e-01
-1.441977173089981079e-01
-1.264512389898300171e-01
-1.441977173089981079e-01
-1.532631665468215942e-01
-1.441977173089981079e-01
-1.363366097211837769e-01
-1.507154107093811035e-01
-1.378412246704101562e-01
-1.507154107093811035e-01
-1.405857950448989868e-01
-1.507154107093811035e-01
-1.307712942361831665e-01
-1.509699374437332153e-01
-1.710608601570129395e-01
-1.509699374437332153e-01
-1.393670141696929932e-01
-1.509699374437332153e-01
-1.334337890148162842e-01
-1.486100554466247559e-01
-1.500790864229202271e-01
-1.486100554466247559e-01
-1.466650813817977905e-01
-1.486100554466247559e-01
-1.314565390348434448e-01
-1.408210098743438721e-01
-1.412511318922042847e-01
-1.408210098743438721e-01
-1.201033145189285278e-01
-1.408210098743438721e-01
-1.309536546468734741e-01
-1.408210098743438721e-01
-1.354795843362808228e-01
-1.476658284664154053e-01
-1.470996290445327759e-01
-1.476658284664154053e-01
-1.365830898284912109e-01
-1.476658284664154053e-01
-1.216653585433959961e-01
-1.515638381242752075e-01
-1.374433040618896484e-01
-1.515638381242752075e-01
-1.415165215730667114e-01
-1.515638381242752075e-01
-1.294272989034652710e-01
-1.525145620107650757e-01
-1.654507815837860107e-01
-1.525145620107650757e-01
-1.608154028654098511e-01
-1.525145620107650757e-01
-1.590595841407775879e-01
-1.525145620107650757e-01
-1.522954851388931274e-01
-1.544694304466247559e-01
-1.570667773485183716e-01
-1.544694304466247559e-01
-1.621837615966796875e-01
-1.544694304466247559e-01
-1.480683684349060059e-01
-1.544694304466247559e-01
-1.520703583955764771e-01
-1.582458466291427612e-01
-1.616449505090713501e-01
-1.582458466291427612e-01
-1.411314159631729126e-01
-1.582458466291427612e-01
-1.464738249778747559e-01
-1.582458466291427612e-01
-1.569868028163909912e-01
-1.607304066419601440e-01
-1.341830044984817505e-01
-1.607304066419601440e-01
-1.407651901245117188e-01
-1.607304066419601440e-01
-1.584477275609970093e-01
-1.630873829126358032e-01
-1.495891511440277100e-01
-1.630873829126358032e-01
-1.696604341268539429e-01
-1.630873829126358032e-01
-1.492428928613662720e-01
-1.566903889179229736e-01
-1.454019546508789062e-01
-1.566903889179229736e-01
-1.618132740259170532e-01
-1.566903889179229736e-01
-1.328803151845932007e-01
-1.566903889179229736e-01
-1.366812735795974731e-01
-1.563770323991775513e-01
-1.586478799581527710e-01
-1.563770323991775513e-01
-1.631292849779129028e-01
-1.563770323991775513e-01
-1.680339723825454712e-01
-1.442183107137680054e-01
-1.329025924205780029e-01
-1.442183107137680054e-01
-1.259215027093887329e-01
-1.442183107137680054e-01
-1.463463753461837769e-01
-1.442183107137680054e-01
-1.510711759328842163e-01
-1.529258191585540771e-01
-1.363485157489776611e-01
-1.529258191585540771e-01
-1.097613722085952759e-01
-1.535356342792510986e-01
-1.843733638525009155e-01
-1.535356342792510986e-01
-1.879666894674301147e-01
-1.535356342792510986e-01
-1.694099307060241699e-01
