1.207866668701171875e-01
9.143537282943725586e-02
1.207866668701171875e-01
5.738369375467300415e-02
1.207866668701171875e-01
1.054085791110992432e-01
1.207866668701171875e-01
4.068463295698165894e-02
1.316047906875610352e-01
8.562918752431869507e-02
1.316047906875610352e-01
8.361665159463882446e-02
1.316047906875610352e-01
1.343006342649459839e-01
1.316047906875610352e-01
1.592103391885757446e-01
1.320772171020507812e-01
1.072944477200508118e-01
1.320772171020507812e-01
9.672534465789794922e-02
1.320772171020507812e-01
1.493820995092391968e-01
1.320772171020507812e-01
1.104442924261093140e-01
1.294155716896057129e-01
1.410913616418838501e-01
1.294155716896057129e-01
1.674347370862960815e-01
1.294155716896057129e-01
1.558808535337448120e-01
1.334557235240936279e-01
1.401294022798538208e-01
1.334557235240936279e-01
1.361931413412094116e-01
1.334557235240936279e-01
1.151969507336616516e-01
1.302263289690017700e-01
1.295455396175384521e-01
1.302263289690017700e-01
1.451555639505386353e-01
1.302263289690017700e-01
1.110327690839767456e-01
1.302263289690017700e-01
1.576735824346542358e-01
1.278369277715682983e-01
9.615148603916168213e-02
1.278369277715682983e-01
1.433171480894088745e-01
1.278369277715682983e-01
1.083853542804718018e-01
1.191010326147079468e-01
1.266001611948013306e-01
1.191010326147079468e-01
1.129944548010826111e-01
1.191010326147079468e-01
1.064232289791107178e-01
1.191010326147079468e-01
9.981068968772888184e-02
1.242655664682388306e-01
1.174656674265861511e-01
1.242655664682388306e-01
1.236492916941642761e-01
1.242655664682388306e-01
1.263206303119659424e-01
1.443873047828674316e-01
1.270201206207275391e-01
1.443873047828674316e-01
1.393459141254425049e-01
1.443873047828674316e-01
1.693332940340042114e-01
1.443873047828674316e-01
2.071274667978286743e-01
1.462226361036300659e-01
1.381144225597381592e-01
1.462226361036300659e-01
1.222675815224647522e-01
1.462226361036300659e-01
1.601272672414779663e-01
1.462226361036300659e-01
1.181478649377822876e-01
1.452995985746383667e-01
1.301135718822479248e-01
1.452995985746383667e-01
1.431205123662948608e-01
1.452995985746383667e-01
1.502758413553237915e-01
1.452995985746383667e-01
1.126776859164237976e-01
1.471605449914932251e-01
1.426646858453750610e-01
1.471605449914932251e-01
1.398389041423797607e-01
1.471605449914932251e-01
1.318358629941940308e-01
1.506964415311813354e-01
1.370114684104919434e-01
1.506964415311813354e-01
1.811936497688293457e-01
1.506964415311813354e-01
1.400885283946990967e-01
1.506964415311813354e-01
2.080911993980407715e-01
1.506964415311813354e-01
1.451799720525741577e-01
1.506964415311813354e-01
1.390246450901031494e-01
1.506964415311813354e-01
1.366796940565109253e-01
1.372452974319458008e-01
9.983409941196441650e-02
1.372452974319458008e-01
1.321201175451278687e-01
1.372452974319458008e-01
1.437803506851196289e-01
1.372452974319458008e-01
1.317044496536254883e-01
1.379856318235397339e-01
8.506873995065689087e-02
1.379856318235397339e-01
1.293237805366516113e-01
1.379856318235397339e-01
1.165139228105545044e-01
1.379856318235397339e-01
1.316949129104614258e-01
1.299085468053817749e-01
8.868443965911865234e-02
1.299085468053817749e-01
1.101030111312866211e-01
1.299085468053817749e-01
1.431692987680435181e-01
1.299085468053817749e-01
1.331281960010528564e-01
1.304623484611511230e-01
1.066904813051223755e-01
1.304623484611511230e-01
1.231702715158462524e-01
1.304623484611511230e-01
7.831814140081405640e-02
1.263618916273117065e-01
1.105323657393455505e-01
1.263618916273117065e-01
1.356729865074157715e-01
1.263618916273117065e-01
1.280186772346496582e-01
1.263618916273117065e-01
1.196455359458923340e-01
1.064725965261459351e-01
9.885589778423309326e-02
1.064725965261459351e-01
8.054033666849136353e-02
1.064725965261459351e-01
8.470691740512847900e-02
4.692526161670684814e-02
6.252397596836090088e-02
4.692526161670684814e-02
4.070092737674713135e-02
4.692526161670684814e-02
3.841571509838104248e-02
4.692526161670684814e-02
3.935825824737548828e-02
4.771981760859489441e-02
6.725455820560455322e-02
4.771981760859489441e-02
4.936236888170242310e-02
4.771981760859489441e-02
8.813151717185974121e-02
5.323283001780509949e-02
7.869581133127212524e-02
5.323283001780509949e-02
5.277537554502487183e-02
5.323283001780509949e-02
3.597521409392356873e-02
5.711397901177406311e-02
6.311041116714477539e-02
5.711397901177406311e-02
6.814912706613540649e-02
5.711397901177406311e-02
4.962442070245742798e-02
5.716318637132644653e-02
3.498494625091552734e-02
5.716318637132644653e-02
4.677362740039825439e-02
5.716318637132644653e-02
7.268092036247253418e-02
5.716318637132644653e-02
5.776807665824890137e-02
7.219634950160980225e-02
9.995898604393005371e-02
7.219634950160980225e-02
6.155163794755935669e-02
7.219634950160980225e-02
7.275719940662384033e-02
7.097294181585311890e-02
6.446746736764907837e-02
7.097294181585311890e-02
6.436984986066818237e-02
7.097294181585311890e-02
6.514103710651397705e-02
7.308189570903778076e-02
6.426536291837692261e-02
7.308189570903778076e-02
1.106441691517829895e-01
7.308189570903778076e-02
1.119330450892448425e-01
7.308189570903778076e-02
9.871885925531387329e-02
6.921134889125823975e-02
9.294077754020690918e-02
6.921134889125823975e-02
5.216087400913238525e-02
6.921134889125823975e-02
5.258694291114807129e-02
6.921134889125823975e-02
4.802161455154418945e-02
6.921134889125823975e-02
5.080375075340270996e-02
6.921134889125823975e-02
7.709174603223800659e-02
7.745993137359619141e-02
7.037144899368286133e-02
7.745993137359619141e-02
8.296966552734375000e-02
7.745993137359619141e-02
1.228279918432235718e-01
7.745993137359619141e-02
1.356625258922576904e-01
8.419802784919738770e-02
6.209503114223480225e-02
8.419802784919738770e-02
1.426945030689239502e-01
8.419802784919738770e-02
7.107094675302505493e-02
9.311318397521972656e-02
1.172192618250846863e-01
9.311318397521972656e-02
7.855246961116790771e-02
9.311318397521972656e-02
1.023247987031936646e-01
9.311318397521972656e-02
6.846421211957931519e-02
9.305077791213989258e-02
1.543389856815338135e-01
9.305077791213989258e-02
1.017618775367736816e-01
9.305077791213989258e-02
1.223000288009643555e-01
9.758280217647552490e-02
9.241958707571029663e-02
9.758280217647552490e-02
9.469994902610778809e-02
9.758280217647552490e-02
9.877723455429077148e-02
9.640800207853317261e-02
1.205012053251266479e-01
9.640800207853317261e-02
1.197806745767593384e-01
9.640800207853317261e-02
1.062440499663352966e-01
1.034397110342979431e-01
9.957519173622131348e-02
1.034397110342979431e-01
1.331232339143753052e-01
1.034397110342979431e-01
1.074084043502807617e-01
1.034265458583831787e-01
9.629370272159576416e-02
1.034265458583831787e-01
3.686324506998062134e-02
1.034265458583831787e-01
7.258509099483489990e-02
1.006643325090408325e-01
8.692371100187301636e-02
1.006643325090408325e-01
7.130454480648040771e-02
1.006643325090408325e-01
1.019718647003173828e-01
1.006643325090408325e-01
8.523507416248321533e-02
1.030283048748970032e-01
9.185078740119934082e-02
1.030283048748970032e-01
1.094718575477600098e-01
1.030283048748970032e-01
7.997711747884750366e-02
1.030283048748970032e-01
1.108196005225181580e-01
1.017330959439277649e-01
1.413470506668090820e-01
1.017330959439277649e-01
1.405288428068161011e-01
1.017330959439277649e-01
1.337083578109741211e-01
9.403526782989501953e-02
8.422398567199707031e-02
9.403526782989501953e-02
1.385492682456970215e-01
9.403526782989501953e-02
1.187886595726013184e-01
9.976601600646972656e-02
7.637707889080047607e-02
9.976601600646972656e-02
9.511126577854156494e-02
9.976601600646972656e-02
9.512980282306671143e-02
9.976601600646972656e-02
7.635137438774108887e-02
9.976601600646972656e-02
1.202163919806480408e-01
9.976601600646972656e-02
1.038691997528076172e-01
9.976601600646972656e-02
1.097522377967834473e-01
1.046886369585990906e-01
1.216569617390632629e-01
1.046886369585990906e-01
1.255851387977600098e-01
1.046886369585990906e-01
1.102333590388298035e-01
1.119865179061889648e-01
1.004738733172416687e-01
1.119865179061889648e-01
1.134621426463127136e-01
1.119865179061889648e-01
1.122835129499435425e-01
1.173099353909492493e-01
1.192079931497573853e-01
1.173099353909492493e-01
1.043817549943923950e-01
1.173099353909492493e-01
1.037530899047851562e-01
1.173099353909492493e-01
1.268496513366699219e-01
1.356403976678848267e-01
1.508362144231796265e-01
1.356403976678848267e-01
1.414625793695449829e-01
1.356403976678848267e-01
1.155431792140007019e-01
1.398919671773910522e-01
1.067776679992675781e-01
1.398919671773910522e-01
9.796357899904251099e-02
1.398919671773910522e-01
1.337530165910720825e-01
1.374497264623641968e-01
6.965494155883789062e-02
1.374497264623641968e-01
7.458361238241195679e-02
1.374497264623641968e-01
9.128385037183761597e-02
1.393757909536361694e-01
1.536852866411209106e-01
1.393757909536361694e-01
1.408848315477371216e-01
1.393757909536361694e-01
1.483627259731292725e-01
1.393757909536361694e-01
1.705816090106964111e-01
1.434856653213500977e-01
1.673058122396469116e-01
1.434856653213500977e-01
1.490554809570312500e-01
1.434856653213500977e-01
1.473548710346221924e-01
1.398573219776153564e-01
1.411757618188858032e-01
1.398573219776153564e-01
1.522414386272430420e-01
1.398573219776153564e-01
1.562211066484451294e-01
1.416351497173309326e-01
1.523247063159942627e-01
1.416351497173309326e-01
1.579949110746383667e-01
1.416351497173309326e-01
1.325743198394775391e-01
1.416351497173309326e-01
1.412756443023681641e-01
1.464544236660003662e-01
1.697931885719299316e-01
1.464544236660003662e-01
1.819124370813369751e-01
1.464544236660003662e-01
1.654049903154373169e-01
1.464544236660003662e-01
1.570605784654617310e-01
1.355563700199127197e-01
1.557788848876953125e-01
1.355563700199127197e-01
1.549255400896072388e-01
1.355563700199127197e-01
1.446297317743301392e-01
1.355563700199127197e-01
1.406509131193161011e-01
1.235401332378387451e-01
1.328712403774261475e-01
1.235401332378387451e-01
1.701234430074691772e-01
1.235401332378387451e-01
9.389545768499374390e-02
1.172095239162445068e-01
1.021022647619247437e-01
1.172095239162445068e-01
1.161552965641021729e-01
1.172095239162445068e-01
1.348711103200912476e-01
1.178066581487655640e-01
9.896031022071838379e-02
1.178066581487655640e-01
8.908209204673767090e-02
1.178066581487655640e-01
1.056052148342132568e-01
1.148705929517745972e-01
1.154828071594238281e-01
1.148705929517745972e-01
1.057362258434295654e-01
1.148705929517745972e-01
1.188994497060775757e-01
1.148705929517745972e-01
1.120311096310615540e-01
1.089446768164634705e-01
1.144649535417556763e-01
1.089446768164634705e-01
9.739939123392105103e-02
1.089446768164634705e-01
1.193032860755920410e-01
1.081440895795822144e-01
1.027738824486732483e-01
1.081440895795822144e-01
1.015081927180290222e-01
1.081440895795822144e-01
1.144797801971435547e-01
1.081440895795822144e-01
1.307669430971145630e-01
1.081651225686073303e-01
9.523334354162216187e-02
1.081651225686073303e-01
8.250261098146438599e-02
1.081651225686073303e-01
7.668238133192062378e-02
1.092911437153816223e-01
1.416725516319274902e-01
1.092911437153816223e-01
1.445758491754531860e-01
1.092911437153816223e-01
1.179485321044921875e-01
1.116630584001541138e-01
1.277274787425994873e-01
1.116630584001541138e-01
1.077472269535064697e-01
1.116630584001541138e-01
1.307787597179412842e-01
1.055475026369094849e-01
7.098544389009475708e-02
1.055475026369094849e-01
1.215354725718498230e-01
1.055475026369094849e-01
1.282085329294204712e-01
1.015002727508544922e-01
8.216289430856704712e-02
1.015002727508544922e-01
8.766961097717285156e-02
1.015002727508544922e-01
1.125140711665153503e-01
1.015002727508544922e-01
9.244769066572189331e-02
1.028972268104553223e-01
1.404675841331481934e-01
1.028972268104553223e-01
8.948838710784912109e-02
1.028972268104553223e-01
7.203360646963119507e-02
1.022669821977615356e-01
1.213456615805625916e-01
1.022669821977615356e-01
1.391579061746597290e-01
1.022669821977615356e-01
9.732589125633239746e-02
8.957505226135253906e-02
9.245045483112335205e-02
8.957505226135253906e-02
6.138195097446441650e-02
8.957505226135253906e-02
6.666626781225204468e-02
8.165492862462997437e-02
1.246826574206352234e-01
8.165492862462997437e-02
1.183311417698860168e-01
8.165492862462997437e-02
1.105158329010009766e-01
8.165492862462997437e-02
1.462063044309616089e-01
7.947366684675216675e-02
7.168589532375335693e-02
7.947366684675216675e-02
7.991611212491989136e-02
7.947366684675216675e-02
9.276958554983139038e-02
7.947366684675216675e-02
6.029600650072097778e-02
7.837425172328948975e-02
6.359696388244628906e-02
7.837425172328948975e-02
9.894350171089172363e-02
7.837425172328948975e-02
2.579040527343750000e-01
8.142052590847015381e-02
6.944362074136734009e-02
8.142052590847015381e-02
4.237692803144454956e-02
8.142052590847015381e-02
7.659684121608734131e-02
8.142052590847015381e-02
4.926055669784545898e-02
7.278281450271606445e-02
8.794208616018295288e-02
7.278281450271606445e-02
8.270762115716934204e-02
7.278281450271606445e-02
5.526582896709442139e-02
7.278281450271606445e-02
3.128368780016899109e-02
6.322400271892547607e-02
4.213912412524223328e-02
6.322400271892547607e-02
7.437576353549957275e-02
6.322400271892547607e-02
8.719340711832046509e-02
5.198936536908149719e-02
1.851769722998142242e-02
5.198936536908149719e-02
2.362443134188652039e-03
5.198936536908149719e-02
6.292155385017395020e-02
5.198936536908149719e-02
5.287843942642211914e-02
4.381227493286132812e-02
2.384378761053085327e-02
4.381227493286132812e-02
3.638869524002075195e-02
4.381227493286132812e-02
2.451164275407791138e-02
3.503050655126571655e-02
2.052375860512256622e-02
3.503050655126571655e-02
5.114243552088737488e-02
3.503050655126571655e-02
6.699914112687110901e-03
1.949378289282321930e-02
4.016084969043731689e-02
1.949378289282321930e-02
1.746546663343906403e-02
1.949378289282321930e-02
3.345673531293869019e-02
2.401128411293029785e-03
5.758169293403625488e-02
2.401128411293029785e-03
7.279971987009048462e-02
2.401128411293029785e-03
5.686048418283462524e-02
2.401128411293029785e-03
5.639318376779556274e-02
-4.853392019867897034e-03
4.788860678672790527e-04
-4.853392019867897034e-03
1.243241876363754272e-02
-4.853392019867897034e-03
-6.177144125103950500e-03
-9.622672572731971741e-03
2.394412457942962646e-02
-9.622672572731971741e-03
1.894902624189853668e-02
-9.622672572731971741e-03
8.724024519324302673e-03
-4.301926121115684509e-03
-1.309105567634105682e-02
-4.301926121115684509e-03
4.119557887315750122e-02
-4.301926121115684509e-03
1.767924055457115173e-02
-4.301926121115684509e-03
5.107259377837181091e-02
1.623041927814483643e-03
-1.684547774493694305e-02
1.623041927814483643e-03
-1.739390008151531219e-02
1.623041927814483643e-03
8.244941011071205139e-03
2.607487142086029053e-03
-7.218280807137489319e-03
2.607487142086029053e-03
5.977457389235496521e-03
2.607487142086029053e-03
-1.901411823928356171e-02
-3.976857289671897888e-03
-5.907243117690086365e-03
-3.976857289671897888e-03
7.962996140122413635e-03
-3.976857289671897888e-03
2.823775634169578552e-03
-3.339750692248344421e-03
-2.856070362031459808e-02
-3.339750692248344421e-03
-1.619228534400463104e-02
-3.339750692248344421e-03
1.017856970429420471e-02
-3.339750692248344421e-03
-1.711206696927547455e-02
-3.339750692248344421e-03
-2.580982260406017303e-02
-3.339750692248344421e-03
-2.741347998380661011e-04
-3.339750692248344421e-03
1.193155348300933838e-02
-7.696131244301795959e-03
-2.679623477160930634e-02
-7.696131244301795959e-03
-1.948684640228748322e-02
-7.696131244301795959e-03
1.978106796741485596e-03
-7.696131244301795959e-03
-1.104761473834514618e-02
-1.316801272332668304e-02
-1.041177473962306976e-02
-1.316801272332668304e-02
-1.194050721824169159e-02
-1.316801272332668304e-02
-2.492064423859119415e-02
-1.096915267407894135e-02
-1.867115311324596405e-02
-1.096915267407894135e-02
-8.801938965916633606e-03
-1.096915267407894135e-02
-2.969249524176120758e-02
-1.096915267407894135e-02
-9.286982938647270203e-03
-1.188842020928859711e-02
-3.134424984455108643e-02
-1.188842020928859711e-02
-2.764180488884449005e-02
-1.188842020928859711e-02
1.164201088249683380e-02
-1.188842020928859711e-02
-5.729084834456443787e-03
-1.188842020928859711e-02
2.212645485997200012e-03
-1.188842020928859711e-02
-1.941528171300888062e-03
-1.188842020928859711e-02
-1.874591596424579620e-02
-2.196121774613857269e-02
-2.211780287325382233e-02
-2.196121774613857269e-02
-1.046665571630001068e-02
-2.196121774613857269e-02
-1.359201781451702118e-02
-2.231172285974025726e-02
-2.472170256078243256e-02
-2.231172285974025726e-02
-2.636174671351909637e-02
-2.231172285974025726e-02
3.478037193417549133e-03
-2.378835342824459076e-02
1.985192298889160156e-03
-2.378835342824459076e-02
-1.727901957929134369e-02
-2.378835342824459076e-02
-2.404773421585559845e-02
-2.272745780646800995e-02
-6.196187809109687805e-03
-2.272745780646800995e-02
-1.079442910850048065e-02
-2.272745780646800995e-02
-1.316129229962825775e-02
-1.572011224925518036e-02
-1.381986029446125031e-02
-1.572011224925518036e-02
-6.432043388485908508e-03
-1.572011224925518036e-02
-4.399059340357780457e-03
-6.617655977606773376e-03
1.637025922536849976e-02
-6.617655977606773376e-03
-5.729092285037040710e-03
-6.617655977606773376e-03
-1.200626604259014130e-02
-6.617655977606773376e-03
-5.620287731289863586e-03
4.646629095077514648e-04
-1.991835795342922211e-02
4.646629095077514648e-04
2.888911217451095581e-02
4.646629095077514648e-04
3.170954436063766479e-02
1.044480688869953156e-02
2.433897927403450012e-03
1.044480688869953156e-02
-2.144882269203662872e-02
1.044480688869953156e-02
-1.351518742740154266e-02
1.451337337493896484e-02
-1.499980501830577850e-02
1.451337337493896484e-02
-9.329447522759437561e-03
1.451337337493896484e-02
-1.419499330222606659e-02
1.485990174114704132e-02
3.773280233144760132e-02
1.485990174114704132e-02
8.668187260627746582e-02
1.485990174114704132e-02
-3.152912482619285583e-03
1.828457228839397430e-02
1.478518173098564148e-02
1.828457228839397430e-02
2.350702509284019470e-02
1.828457228839397430e-02
-1.082942076027393341e-02
1.748408004641532898e-02
2.541472315788269043e-01
1.748408004641532898e-02
5.973190814256668091e-02
1.748408004641532898e-02
-1.383316330611705780e-02
1.460648328065872192e-02
-5.340097472071647644e-03
1.460648328065872192e-02
4.215093329548835754e-03
1.460648328065872192e-02
4.026276990771293640e-03
1.390325650572776794e-02
-1.081241108477115631e-02
1.390325650572776794e-02
8.094891160726547241e-02
1.390325650572776794e-02
2.009836584329605103e-01
1.073070056736469269e-02
-2.115264348685741425e-02
1.073070056736469269e-02
2.410912886261940002e-03
1.073070056736469269e-02
4.244694486260414124e-03
-2.963123843073844910e-03
6.260927766561508179e-04
-2.963123843073844910e-03
5.905828624963760376e-02
-2.963123843073844910e-03
1.708171702921390533e-02
-1.697138883173465729e-02
-2.695869840681552887e-02
-1.697138883173465729e-02
-1.434179581701755524e-02
-1.697138883173465729e-02
-2.680140547454357147e-02
-1.983623020350933075e-02
-4.270243644714355469e-02
-1.983623020350933075e-02
-2.454297058284282684e-02
-1.983623020350933075e-02
-2.497724257409572601e-02
-1.983623020350933075e-02
-3.113286383450031281e-02
-1.983623020350933075e-02
-1.675449870526790619e-02
-1.983623020350933075e-02
-1.705121248960494995e-03
-1.983623020350933075e-02
-6.440119445323944092e-02
-5.493113771080970764e-03
-5.300937220454216003e-03
-5.493113771080970764e-03
-2.637228555977344513e-02
-5.493113771080970764e-03
2.816421911120414734e-03
-4.578089341521263123e-03
-1.058286242187023163e-02
-4.578089341521263123e-03
-1.076110266149044037e-02
-4.578089341521263123e-03
1.548994332551956177e-04
-4.578089341521263123e-03
1.043695956468582153e-04
-4.828421398997306824e-03
-5.274897441267967224e-03
-4.828421398997306824e-03
-1.504204235970973969e-02
-4.828421398997306824e-03
-2.135029993951320648e-02
-1.054182648658752441e-03
8.970607072114944458e-03
-1.054182648658752441e-03
-2.197207883000373840e-03
-1.054182648658752441e-03
-1.137203909456729889e-02
-1.054182648658752441e-03
-1.139448769390583038e-02
-1.243041828274726868e-03
1.445693336427211761e-02
-1.243041828274726868e-03
2.400903031229972839e-03
-1.243041828274726868e-03
3.334863111376762390e-03
-1.243041828274726868e-03
8.563784882426261902e-03
-1.982314512133598328e-03
-8.034752681851387024e-03
-1.982314512133598328e-03
1.127879135310649872e-02
-1.982314512133598328e-03
-7.658684626221656799e-03
-1.046910695731639862e-02
-4.521878436207771301e-03
-1.046910695731639862e-02
-1.015730015933513641e-02
-1.046910695731639862e-02
-2.940977551043033600e-02
-1.168412901461124420e-02
-9.526828303933143616e-03
-1.168412901461124420e-02
-4.779411479830741882e-03
-1.168412901461124420e-02
-4.658443853259086609e-03
-1.168412901461124420e-02
-2.129210345447063446e-02
-1.886783726513385773e-02
-1.402941532433032990e-02
-1.886783726513385773e-02
-2.065070159733295441e-02
-1.886783726513385773e-02
-1.765476725995540619e-02
-1.886783726513385773e-02
1.222761347889900208e-03
-2.192568220198154449e-02
3.176612779498100281e-02
-2.192568220198154449e-02
2.065407671034336090e-02
-2.192568220198154449e-02
1.185212656855583191e-02
-3.367815911769866943e-02
-1.019321940839290619e-02
-3.367815911769866943e-02
-9.393023326992988586e-03
-3.367815911769866943e-02
-1.750943250954151154e-02
-3.892304003238677979e-02
-3.055126406252384186e-02
-3.892304003238677979e-02
-2.041066251695156097e-02
-3.892304003238677979e-02
-3.712902963161468506e-02
-4.446906596422195435e-02
-4.531468451023101807e-02
-4.446906596422195435e-02
-3.204885870218276978e-02
-4.446906596422195435e-02
-6.596216931939125061e-03
-4.843751341104507446e-02
-4.466927051544189453e-02
-4.843751341104507446e-02
-5.434266477823257446e-02
-4.843751341104507446e-02
-6.456743180751800537e-02
-4.843751341104507446e-02
-5.376983433961868286e-02
-3.383402526378631592e-02
-1.740225590765476227e-02
-3.383402526378631592e-02
-1.460810564458370209e-02
-3.383402526378631592e-02
1.986384391784667969e-02
-4.169564694166183472e-02
-5.410760641098022461e-02
-4.169564694166183472e-02
-3.050495497882366180e-02
-4.169564694166183472e-02
-3.519176691770553589e-02
-4.030215740203857422e-02
-5.524806678295135498e-02
-4.030215740203857422e-02
-5.764740705490112305e-02
-4.030215740203857422e-02
-4.284219443798065186e-02
-4.030215740203857422e-02
-5.586361885070800781e-02
-4.123483598232269287e-02
-3.269246220588684082e-02
-4.123483598232269287e-02
-1.495278067886829376e-02
-4.123483598232269287e-02
-3.686689585447311401e-02
-4.124534130096435547e-02
-4.072622954845428467e-02
-4.124534130096435547e-02
-3.700134158134460449e-02
-4.124534130096435547e-02
-1.618457771837711334e-02
-4.224325716495513916e-02
-5.247870087623596191e-02
-4.224325716495513916e-02
-5.313105881214141846e-02
-4.224325716495513916e-02
-4.063167423009872437e-02
-2.426722459495067596e-02
-1.446863822638988495e-02
-2.426722459495067596e-02
3.902142494916915894e-02
-2.426722459495067596e-02
-9.282438084483146667e-03
-2.426722459495067596e-02
7.239183411002159119e-03
-2.463328279554843903e-02
-1.331080310046672821e-02
-2.463328279554843903e-02
1.310068182647228241e-02
-2.463328279554843903e-02
-1.881014369428157806e-02
-1.458129100501537323e-02
-7.512098178267478943e-03
-1.458129100501537323e-02
-1.214792393147945404e-02
-1.458129100501537323e-02
4.943074658513069153e-03
-1.458129100501537323e-02
-2.846693806350231171e-02
-1.045769639313220978e-02
1.146467402577400208e-02
-1.045769639313220978e-02
1.710674539208412170e-02
-1.045769639313220978e-02
-2.316808328032493591e-03
-1.029999367892742157e-02
3.020921722054481506e-02
-1.029999367892742157e-02
4.562012106180191040e-02
-1.029999367892742157e-02
1.273246668279170990e-02
-1.006486453115940094e-02
1.012907363474369049e-02
-1.006486453115940094e-02
-6.882233545184135437e-03
-1.006486453115940094e-02
6.477659568190574646e-03
-4.438543692231178284e-03
-2.780582942068576813e-02
-4.438543692231178284e-03
3.995480015873908997e-03
-4.438543692231178284e-03
3.115346655249595642e-03
1.968267746269702911e-02
2.563653700053691864e-02
1.968267746269702911e-02
3.770748153328895569e-03
1.968267746269702911e-02
1.713155955076217651e-02
4.972089082002639771e-02
6.197616457939147949e-02
4.972089082002639771e-02
6.936045736074447632e-02
4.972089082002639771e-02
5.081278085708618164e-02
6.435508280992507935e-02
5.413515120744705200e-02
6.435508280992507935e-02
6.377872824668884277e-02
6.435508280992507935e-02
1.009175032377243042e-01
6.435508280992507935e-02
8.062299340963363647e-02
7.013884186744689941e-02
1.401729732751846313e-01
7.013884186744689941e-02
1.019128113985061646e-01
7.013884186744689941e-02
6.301420181989669800e-02
6.725119054317474365e-02
6.258504092693328857e-02
6.725119054317474365e-02
8.765159547328948975e-02
6.725119054317474365e-02
9.146264940500259399e-02
7.804127782583236694e-02
1.437054425477981567e-01
7.804127782583236694e-02
5.626649782061576843e-02
7.804127782583236694e-02
6.738317012786865234e-02
7.804127782583236694e-02
8.864516019821166992e-02
6.456051021814346313e-02
2.181207090616226196e-01
6.456051021814346313e-02
1.915409602224826813e-02
6.456051021814346313e-02
9.447072446346282959e-02
6.456051021814346313e-02
2.701233327388763428e-02
6.200046092271804810e-02
1.005024984478950500e-01
6.200046092271804810e-02
4.522773623466491699e-02
6.200046092271804810e-02
1.196839362382888794e-01
4.912337288260459900e-02
3.373919799923896790e-02
4.912337288260459900e-02
5.962193012237548828e-02
4.912337288260459900e-02
4.950240254402160645e-02
4.468727111816406250e-02
5.225572735071182251e-02
4.468727111816406250e-02
8.083178848028182983e-02
4.468727111816406250e-02
1.066213846206665039e-01
5.182669311761856079e-02
3.709968179464340210e-02
5.182669311761856079e-02
5.749578028917312622e-02
5.182669311761856079e-02
5.343670397996902466e-02
5.468305200338363647e-02
2.318353950977325439e-02
5.468305200338363647e-02
4.779324308037757874e-02
5.468305200338363647e-02
4.126095399260520935e-02
5.734848231077194214e-02
3.139034658670425415e-02
5.734848231077194214e-02
7.116332650184631348e-02
5.734848231077194214e-02
6.790241599082946777e-02
5.734848231077194214e-02
6.938630342483520508e-02
5.336555093526840210e-02
5.202618241310119629e-02
5.336555093526840210e-02
7.744462788105010986e-02
5.336555093526840210e-02
5.676668882369995117e-02
5.202946811914443970e-02
7.193478941917419434e-02
5.202946811914443970e-02
6.117108464241027832e-02
5.202946811914443970e-02
3.807218745350837708e-02
5.878324061632156372e-02
5.594733357429504395e-02
5.878324061632156372e-02
6.324106454849243164e-02
5.878324061632156372e-02
5.967335402965545654e-02
5.878324061632156372e-02
5.643772333860397339e-02
5.404248088598251343e-02
5.470603704452514648e-02
5.404248088598251343e-02
5.695044249296188354e-02
5.404248088598251343e-02
5.179575830698013306e-02
5.404248088598251343e-02
8.370467275381088257e-02
4.588347673416137695e-02
3.765118867158889771e-02
4.588347673416137695e-02
3.217989206314086914e-02
4.588347673416137695e-02
5.073902755975723267e-02
5.193623900413513184e-02
5.997771024703979492e-02
5.193623900413513184e-02
5.951863527297973633e-02
5.193623900413513184e-02
5.478445440530776978e-02
6.110607832670211792e-02
5.665830522775650024e-02
6.110607832670211792e-02
6.791307777166366577e-02
6.110607832670211792e-02
5.824379622936248779e-02
6.162729859352111816e-02
6.820917874574661255e-02
6.162729859352111816e-02
7.777094841003417969e-02
6.162729859352111816e-02
7.699795812368392944e-02
6.047428399324417114e-02
6.445729732513427734e-02
6.047428399324417114e-02
9.107018262147903442e-02
6.047428399324417114e-02
6.320623308420181274e-02
6.389585882425308228e-02
1.101606413722038269e-01
6.389585882425308228e-02
7.857695221900939941e-02
6.389585882425308228e-02
4.848801344633102417e-02
6.080435216426849365e-02
9.885612130165100098e-02
6.080435216426849365e-02
5.616853386163711548e-02
6.080435216426849365e-02
5.157294124364852905e-02
6.080435216426849365e-02
1.002982929348945618e-01
7.333234697580337524e-02
7.664148509502410889e-02
7.333234697580337524e-02
9.550516307353973389e-02
7.333234697580337524e-02
6.606397032737731934e-02
6.826790422201156616e-02
8.998175710439682007e-02
6.826790422201156616e-02
6.600203365087509155e-02
6.826790422201156616e-02
8.881179988384246826e-02
7.643687725067138672e-02
9.211592376232147217e-02
7.643687725067138672e-02
8.945637941360473633e-02
7.643687725067138672e-02
7.251302152872085571e-02
7.920791953802108765e-02
8.658179640769958496e-02
7.920791953802108765e-02
7.335370779037475586e-02
7.920791953802108765e-02
6.459764391183853149e-02
6.841613352298736572e-02
1.036945432424545288e-01
6.841613352298736572e-02
8.434698730707168579e-02
6.841613352298736572e-02
8.238657563924789429e-02
7.545489072799682617e-02
9.773122519254684448e-02
7.545489072799682617e-02
1.306012123823165894e-01
7.545489072799682617e-02
1.417438089847564697e-01
7.545489072799682617e-02
9.214237332344055176e-02
7.545489072799682617e-02
1.170261204242706299e-01
7.545489072799682617e-02
8.389950543642044067e-02
6.500133126974105835e-02
7.380037754774093628e-02
6.500133126974105835e-02
7.015076279640197754e-02
6.500133126974105835e-02
5.774153023958206177e-02
4.959399998188018799e-02
7.280759513378143311e-02
4.959399998188018799e-02
5.759127438068389893e-02
4.959399998188018799e-02
4.268933832645416260e-02
4.959399998188018799e-02
6.377363204956054688e-02
4.739142209291458130e-02
4.742880165576934814e-02
4.739142209291458130e-02
4.452460259199142456e-02
4.739142209291458130e-02
3.908844292163848877e-02
5.898346006870269775e-02
1.068667322397232056e-01
5.898346006870269775e-02
8.851157873868942261e-02
5.898346006870269775e-02
7.519564777612686157e-02
6.117117404937744141e-02
7.651741057634353638e-02
6.117117404937744141e-02
2.566786669194698334e-02
6.117117404937744141e-02
9.514953196048736572e-02
5.686498433351516724e-02
4.224479198455810547e-02
5.686498433351516724e-02
7.743635773658752441e-02
5.686498433351516724e-02
7.122963666915893555e-02
5.978550761938095093e-02
2.877376973628997803e-03
5.978550761938095093e-02
2.295459248125553131e-02
5.978550761938095093e-02
6.174588575959205627e-03
5.978550761938095093e-02
3.302986919879913330e-02
5.978550761938095093e-02
5.273839086294174194e-02
5.978550761938095093e-02
3.728213161230087280e-02
5.978550761938095093e-02
1.420773565769195557e-02
5.855528265237808228e-02
7.724332809448242188e-02
5.855528265237808228e-02
1.235528588294982910e-01
5.855528265237808228e-02
6.767640262842178345e-02
5.789522081613540649e-02
6.788641214370727539e-02
5.789522081613540649e-02
2.729994244873523712e-02
5.789522081613540649e-02
3.613717108964920044e-02
5.789522081613540649e-02
2.027652040123939514e-02
5.789238959550857544e-02
3.089626133441925049e-02
5.789238959550857544e-02
5.181649327278137207e-02
5.789238959550857544e-02
3.068354912102222443e-02
6.137657910585403442e-02
2.774642780423164368e-03
6.137657910585403442e-02
4.095577448606491089e-02
6.137657910585403442e-02
3.194753825664520264e-02
5.681766569614410400e-02
3.542958199977874756e-02
5.681766569614410400e-02
3.295740485191345215e-02
5.681766569614410400e-02
-6.626123562455177307e-03
5.057334154844284058e-02
2.530718594789505005e-02
5.057334154844284058e-02
3.156559914350509644e-02
5.057334154844284058e-02
3.168353438377380371e-02
3.459532558917999268e-02
9.461319446563720703e-02
3.459532558917999268e-02
6.077910959720611572e-02
3.459532558917999268e-02
8.407563716173171997e-02
3.459532558917999268e-02
5.635266005992889404e-02
4.089272022247314453e-02
6.257898360490798950e-02
4.089272022247314453e-02
3.792597353458404541e-02
4.089272022247314453e-02
6.226504594087600708e-02
4.089272022247314453e-02
4.610303789377212524e-02
4.361189156770706177e-02
6.048204749822616577e-02
4.361189156770706177e-02
4.198195040225982666e-02
4.361189156770706177e-02
5.298962816596031189e-02
4.169119894504547119e-02
4.672700539231300354e-02
4.169119894504547119e-02
5.590333044528961182e-02
4.169119894504547119e-02
6.713120639324188232e-02
2.927711978554725647e-02
5.311132222414016724e-02
2.927711978554725647e-02
2.220612205564975739e-02
2.927711978554725647e-02
2.787829749286174774e-02
1.175913400948047638e-02
4.285158589482307434e-03
1.175913400948047638e-02
1.828624308109283447e-02
1.175913400948047638e-02
-4.450066015124320984e-03
6.800370290875434875e-03
2.183215692639350891e-03
6.800370290875434875e-03
-1.373598352074623108e-03
6.800370290875434875e-03
3.610277548432350159e-03
6.800370290875434875e-03
8.736362680792808533e-03
1.188492588698863983e-02
2.176804281771183014e-02
1.188492588698863983e-02
-2.581913582980632782e-02
1.188492588698863983e-02
-4.819361492991447449e-03
6.975959986448287964e-04
-7.622284814715385437e-03
6.975959986448287964e-04
1.106297597289085388e-03
6.975959986448287964e-04
-1.313676126301288605e-02
-1.012180000543594360e-03
-1.913694664835929871e-03
-1.012180000543594360e-03
-1.150373928248882294e-02
-1.012180000543594360e-03
5.268329754471778870e-03
-1.012180000543594360e-03
6.213588640093803406e-03
5.300220102071762085e-03
1.815459318459033966e-02
5.300220102071762085e-03
2.631446532905101776e-02
5.300220102071762085e-03
1.674124971032142639e-03
1.991610415279865265e-02
4.143205285072326660e-02
1.991610415279865265e-02
4.434572160243988037e-02
1.991610415279865265e-02
3.802569210529327393e-02
1.991610415279865265e-02
1.879421435296535492e-02
1.991610415279865265e-02
-5.169631913304328918e-03
1.991610415279865265e-02
1.862916722893714905e-02
2.156675793230533600e-02
2.873571962118148804e-02
2.156675793230533600e-02
9.911734610795974731e-03
2.156675793230533600e-02
2.093071304261684418e-02
3.889506310224533081e-02
3.131671249866485596e-02
3.889506310224533081e-02
3.549614921212196350e-02
3.889506310224533081e-02
5.202012881636619568e-02
4.891825094819068909e-02
5.295445024967193604e-02
4.891825094819068909e-02
6.972528994083404541e-02
4.891825094819068909e-02
4.642150551080703735e-02
5.694806203246116638e-02
5.928092449903488159e-02
5.694806203246116638e-02
6.707581877708435059e-02
5.694806203246116638e-02
5.355662107467651367e-02
5.694806203246116638e-02
3.591041639447212219e-02
6.389878690242767334e-02
5.520386993885040283e-02
6.389878690242767334e-02
6.590623408555984497e-02
6.389878690242767334e-02
7.623524963855743408e-02
6.854444742202758789e-02
4.669160395860671997e-02
6.854444742202758789e-02
5.352327227592468262e-02
6.854444742202758789e-02
4.313312470912933350e-02
7.224178314208984375e-02
6.816567480564117432e-02
7.224178314208984375e-02
8.256211131811141968e-02
7.224178314208984375e-02
9.122412651777267456e-02
7.224178314208984375e-02
7.145739346742630005e-02
7.974288612604141235e-02
7.241814583539962769e-02
7.974288612604141235e-02
8.113207668066024780e-02
7.974288612604141235e-02
6.787723302841186523e-02
7.974288612604141235e-02
8.880732953548431396e-02
8.073105663061141968e-02
6.724698841571807861e-02
8.073105663061141968e-02
6.012411415576934814e-02
8.073105663061141968e-02
6.894389539957046509e-02
8.878108859062194824e-02
1.065391153097152710e-01
8.878108859062194824e-02
7.942316681146621704e-02
8.878108859062194824e-02
7.502476125955581665e-02
8.878108859062194824e-02
5.914874002337455750e-02
9.999545663595199585e-02
9.095726907253265381e-02
9.999545663595199585e-02
1.004151105880737305e-01
9.999545663595199585e-02
7.685864716768264771e-02
1.044516786932945251e-01
9.988442063331604004e-02
1.044516786932945251e-01
6.244327872991561890e-02
1.044516786932945251e-01
6.490368396043777466e-02
9.941043704748153687e-02
1.649163812398910522e-01
9.941043704748153687e-02
1.413858383893966675e-01
9.941043704748153687e-02
9.749566018581390381e-02
9.965276718139648438e-02
9.560772776603698730e-02
9.965276718139648438e-02
1.223386153578758240e-01
9.965276718139648438e-02
9.131743013858795166e-02
1.052542626857757568e-01
1.398953795433044434e-01
1.052542626857757568e-01
1.204803138971328735e-01
1.052542626857757568e-01
1.346433013677597046e-01
1.052542626857757568e-01
1.024347394704818726e-01
1.075741052627563477e-01
1.325271278619766235e-01
1.075741052627563477e-01
1.077684462070465088e-01
1.075741052627563477e-01
1.368585824966430664e-01
1.075741052627563477e-01
1.565136462450027466e-01
1.052775010466575623e-01
8.327368646860122681e-02
1.052775010466575623e-01
7.694007456302642822e-02
1.052775010466575623e-01
4.337682947516441345e-02
1.159221976995468140e-01
8.478013426065444946e-02
1.159221976995468140e-01
5.736719071865081787e-02
1.159221976995468140e-01
7.623807340860366821e-02
1.136249676346778870e-01
-1.425390876829624176e-02
1.136249676346778870e-01
3.867542743682861328e-02
1.136249676346778870e-01
1.871066167950630188e-02
1.157208234071731567e-01
6.381688639521598816e-03
1.157208234071731567e-01
6.551752984523773193e-02
1.157208234071731567e-01
2.417537756264209747e-02
1.498841643333435059e-01
2.026550471782684326e-02
1.498841643333435059e-01
8.603598922491073608e-02
1.498841643333435059e-01
5.267065018415451050e-02
1.467026919126510620e-01
1.208498924970626831e-01
1.467026919126510620e-01
1.212241128087043762e-01
1.467026919126510620e-01
1.349085867404937744e-01
1.505744755268096924e-01
3.928061574697494507e-02
1.505744755268096924e-01
3.814533352851867676e-02
1.505744755268096924e-01
8.633001893758773804e-02
1.480298936367034912e-01
9.179572761058807373e-02
1.480298936367034912e-01
1.236987560987472534e-01
1.480298936367034912e-01
1.142624914646148682e-01
1.272430419921875000e-01
1.532583981752395630e-01
1.272430419921875000e-01
1.060287132859230042e-01
1.272430419921875000e-01
1.469070613384246826e-01
1.272430419921875000e-01
9.979601204395294189e-02
1.256141513586044312e-01
1.529429703950881958e-01
1.256141513586044312e-01
1.371064484119415283e-01
1.256141513586044312e-01
5.188677459955215454e-02
1.256141513586044312e-01
1.292942762374877930e-01
1.194806694984436035e-01
9.316807985305786133e-02
1.194806694984436035e-01
1.490547209978103638e-01
1.194806694984436035e-01
8.912104368209838867e-02
1.241866201162338257e-01
1.037046685814857483e-01
1.241866201162338257e-01
9.837772697210311890e-02
1.241866201162338257e-01
7.698351889848709106e-02
1.241866201162338257e-01
9.782566875219345093e-02
1.244059950113296509e-01
1.004311591386795044e-01
1.244059950113296509e-01
1.164359748363494873e-01
1.244059950113296509e-01
9.221266210079193115e-02
1.298330128192901611e-01
2.005504667758941650e-01
1.298330128192901611e-01
1.517277806997299194e-01
1.298330128192901611e-01
1.747156828641891479e-01
1.260673403739929199e-01
8.618874847888946533e-02
1.260673403739929199e-01
1.134766042232513428e-01
1.260673403739929199e-01
5.726205557584762573e-02
1.370614618062973022e-01
9.200386703014373779e-02
1.370614618062973022e-01
1.208940371870994568e-01
1.370614618062973022e-01
1.236757636070251465e-01
1.370614618062973022e-01
1.407103836536407471e-01
1.170672252774238586e-01
1.279266476631164551e-01
1.170672252774238586e-01
1.013141870498657227e-01
1.170672252774238586e-01
1.341904997825622559e-01
1.212292909622192383e-01
1.482187062501907349e-01
1.212292909622192383e-01
1.482871770858764648e-01
1.212292909622192383e-01
1.305945813655853271e-01
1.126919910311698914e-01
1.309950202703475952e-01
1.126919910311698914e-01
1.259582638740539551e-01
1.126919910311698914e-01
1.292741596698760986e-01
1.111590787768363953e-01
1.072711125016212463e-01
1.111590787768363953e-01
1.324025690555572510e-01
1.111590787768363953e-01
1.126626953482627869e-01
1.101990938186645508e-01
1.450440734624862671e-01
1.101990938186645508e-01
1.232270896434783936e-01
1.101990938186645508e-01
1.335659623146057129e-01
1.101990938186645508e-01
1.293647587299346924e-01
1.101925000548362732e-01
1.384404152631759644e-01
1.101925000548362732e-01
1.546777337789535522e-01
1.101925000548362732e-01
1.486935019493103027e-01
1.101925000548362732e-01
1.206025928258895874e-01
1.125484779477119446e-01
1.511168032884597778e-01
1.125484779477119446e-01
1.096234470605850220e-01
1.125484779477119446e-01
1.327950209379196167e-01
1.125484779477119446e-01
1.196125894784927368e-01
1.306838244199752808e-01
1.766204982995986938e-01
1.306838244199752808e-01
1.614827960729598999e-01
1.306838244199752808e-01
1.372955441474914551e-01
1.306838244199752808e-01
1.520903259515762329e-01
1.303557604551315308e-01
1.585791707038879395e-01
1.303557604551315308e-01
1.308383047580718994e-01
1.303557604551315308e-01
1.296793073415756226e-01
1.303557604551315308e-01
1.258888244628906250e-01
1.320069879293441772e-01
1.335391253232955933e-01
1.320069879293441772e-01
1.384196430444717407e-01
1.320069879293441772e-01
1.120087057352066040e-01
1.326356083154678345e-01
1.454629600048065186e-01
1.326356083154678345e-01
1.302293539047241211e-01
1.326356083154678345e-01
1.286274194717407227e-01
1.326356083154678345e-01
1.426440030336380005e-01
1.287753731012344360e-01
1.295127421617507935e-01
1.287753731012344360e-01
1.341337412595748901e-01
1.287753731012344360e-01
1.666043102741241455e-01
1.287753731012344360e-01
9.731466323137283325e-02
1.267200559377670288e-01
1.275817751884460449e-01
1.267200559377670288e-01
1.294775754213333130e-01
1.267200559377670288e-01
1.355584412813186646e-01
1.267200559377670288e-01
1.450795233249664307e-01
1.248420774936676025e-01
1.086188033223152161e-01
1.248420774936676025e-01
1.049425005912780762e-01
1.248420774936676025e-01
1.387272030115127563e-01
1.248420774936676025e-01
1.131533980369567871e-01
1.091945618391036987e-01
1.217759028077125549e-01
1.091945618391036987e-01
8.806417137384414673e-02
1.091945618391036987e-01
9.369000792503356934e-02
1.091945618391036987e-01
7.230684161186218262e-02
1.054576933383941650e-01
1.174733936786651611e-01
1.054576933383941650e-01
1.221637800335884094e-01
1.054576933383941650e-01
9.367783367633819580e-02
1.054576933383941650e-01
9.483869373798370361e-02
9.908696264028549194e-02
8.449238538742065430e-02
9.908696264028549194e-02
8.702272176742553711e-02
9.908696264028549194e-02
1.026962548494338989e-01
1.016565188765525818e-01
1.221042349934577942e-01
1.016565188765525818e-01
8.303713798522949219e-02
1.016565188765525818e-01
1.321129500865936279e-01
1.016565188765525818e-01
1.638230979442596436e-01
1.017014682292938232e-01
1.061560064554214478e-01
1.017014682292938232e-01
1.013575643301010132e-01
1.017014682292938232e-01
9.936746209859848022e-02
1.065637320280075073e-01
1.360400766134262085e-01
1.065637320280075073e-01
1.073950976133346558e-01
1.065637320280075073e-01
1.449238508939743042e-01
1.065637320280075073e-01
1.047917753458023071e-01
1.085878908634185791e-01
1.095364093780517578e-01
1.085878908634185791e-01
1.124780476093292236e-01
1.085878908634185791e-01
1.181403100490570068e-01
1.085878908634185791e-01
1.230154633522033691e-01
1.159366741776466370e-01
1.068326681852340698e-01
1.159366741776466370e-01
9.135581552982330322e-02
1.159366741776466370e-01
1.434587538242340088e-01
1.159366741776466370e-01
1.134059280157089233e-01
1.145086362957954407e-01
1.009027883410453796e-01
1.145086362957954407e-01
1.379109770059585571e-01
1.145086362957954407e-01
1.365973204374313354e-01
1.145086362957954407e-01
1.015259549021720886e-01
1.145086362957954407e-01
1.150185689330101013e-01
1.145086362957954407e-01
1.172713935375213623e-01
1.145086362957954407e-01
1.048819422721862793e-01
1.145086362957954407e-01
1.331207603216171265e-01
1.115536987781524658e-01
1.176465377211570740e-01
1.115536987781524658e-01
1.005713492631912231e-01
1.115536987781524658e-01
9.005117416381835938e-02
1.115536987781524658e-01
1.442112922668457031e-01
1.136535778641700745e-01
1.169093996286392212e-01
1.136535778641700745e-01
1.241707801818847656e-01
1.136535778641700745e-01
1.198948398232460022e-01
1.136535778641700745e-01
1.114107817411422729e-01
1.090496554970741272e-01
1.294936090707778931e-01
1.090496554970741272e-01
1.103857904672622681e-01
1.090496554970741272e-01
1.175609678030014038e-01
1.090496554970741272e-01
1.182188466191291809e-01
1.005603820085525513e-01
1.029244512319564819e-01
1.005603820085525513e-01
1.207452490925788879e-01
1.005603820085525513e-01
1.248580664396286011e-01
9.610431641340255737e-02
1.271395087242126465e-01
9.610431641340255737e-02
1.201627403497695923e-01
9.610431641340255737e-02
1.195535957813262939e-01
9.610431641340255737e-02
1.098988056182861328e-01
9.479522705078125000e-02
1.061400324106216431e-01
9.479522705078125000e-02
9.837315976619720459e-02
9.479522705078125000e-02
7.938864827156066895e-02
9.479522705078125000e-02
8.905739337205886841e-02
9.229889512062072754e-02
9.697620570659637451e-02
9.229889512062072754e-02
8.849856257438659668e-02
9.229889512062072754e-02
9.393098950386047363e-02
9.229889512062072754e-02
9.419596940279006958e-02
8.537668734788894653e-02
9.910993278026580811e-02
8.537668734788894653e-02
9.776137769222259521e-02
8.537668734788894653e-02
9.369233250617980957e-02
8.537668734788894653e-02
1.104934364557266235e-01
8.215688914060592651e-02
8.286374807357788086e-02
8.215688914060592651e-02
6.830680370330810547e-02
8.215688914060592651e-02
5.026052147150039673e-02
8.215688914060592651e-02
7.134389132261276245e-02
7.329913228750228882e-02
6.563394516706466675e-02
7.329913228750228882e-02
8.818938583135604858e-02
7.329913228750228882e-02
1.022575497627258301e-01
7.329913228750228882e-02
2.836110591888427734e-01
7.253237068653106689e-02
6.482896953821182251e-02
7.253237068653106689e-02
6.067557632923126221e-02
7.253237068653106689e-02
4.538604989647865295e-02
6.999574601650238037e-02
6.944400072097778320e-02
6.999574601650238037e-02
8.365385979413986206e-02
6.999574601650238037e-02
5.818692594766616821e-02
6.999574601650238037e-02
8.582044392824172974e-02
7.711977511644363403e-02
5.728735029697418213e-02
7.711977511644363403e-02
6.004692614078521729e-02
7.711977511644363403e-02
4.404166340827941895e-02
8.038400113582611084e-02
9.944166988134384155e-02
8.038400113582611084e-02
1.298879981040954590e-01
8.038400113582611084e-02
1.625405550003051758e-01
8.038400113582611084e-02
1.630459278821945190e-01
7.851136475801467896e-02
1.160987168550491333e-01
7.851136475801467896e-02
8.829572796821594238e-02
7.851136475801467896e-02
7.685136795043945312e-02
7.851136475801467896e-02
1.118114218115806580e-01
7.851136475801467896e-02
1.097080856561660767e-01
7.851136475801467896e-02
7.548321038484573364e-02
8.550386130809783936e-02
4.446399956941604614e-02
8.550386130809783936e-02
9.051605314016342163e-02
8.550386130809783936e-02
1.137648820877075195e-01
8.550386130809783936e-02
1.182056218385696411e-01
8.410134166479110718e-02
8.213544636964797974e-02
8.410134166479110718e-02
1.140748262405395508e-01
8.410134166479110718e-02
7.661907374858856201e-02
9.096115082502365112e-02
8.421884477138519287e-02
9.096115082502365112e-02
1.254468411207199097e-01
9.096115082502365112e-02
6.966019421815872192e-02
8.984518051147460938e-02
9.571533650159835815e-02
8.984518051147460938e-02
1.275269240140914917e-01
8.984518051147460938e-02
8.995171636343002319e-02
8.984518051147460938e-02
1.258395314216613770e-01
8.655330538749694824e-02
9.663918614387512207e-02
8.655330538749694824e-02
6.998039036989212036e-02
8.655330538749694824e-02
7.998424768447875977e-02
8.655330538749694824e-02
9.845787286758422852e-02
8.493684232234954834e-02
1.236242949962615967e-01
8.493684232234954834e-02
1.360077112913131714e-01
8.493684232234954834e-02
1.444356441497802734e-01
8.493684232234954834e-02
1.008209958672523499e-01
8.400596678256988525e-02
7.742057740688323975e-02
8.400596678256988525e-02
-2.146379835903644562e-02
8.400596678256988525e-02
4.824128001928329468e-02
9.592659026384353638e-02
2.935426495969295502e-02
9.592659026384353638e-02
6.889000535011291504e-02
9.592659026384353638e-02
9.001717716455459595e-02
9.592659026384353638e-02
5.502531677484512329e-02
9.846045076847076416e-02
6.657733023166656494e-02
9.846045076847076416e-02
5.278160423040390015e-02
9.846045076847076416e-02
7.690279185771942139e-02
9.846045076847076416e-02
7.927455753087997437e-02
1.036094278097152710e-01
5.166693776845932007e-02
1.036094278097152710e-01
5.914055556058883667e-02
1.036094278097152710e-01
1.724952012300491333e-01
1.036094278097152710e-01
6.812588125467300415e-02
1.039614081382751465e-01
5.591610074043273926e-02
1.039614081382751465e-01
5.108205974102020264e-02
1.039614081382751465e-01
7.829292118549346924e-02
1.039614081382751465e-01
8.074244111776351929e-02
1.193386018276214600e-01
5.395177006721496582e-02
1.193386018276214600e-01
5.775641649961471558e-02
1.193386018276214600e-01
6.390928477048873901e-02
1.193386018276214600e-01
1.285818219184875488e-01
1.181829571723937988e-01
1.116955727338790894e-01
1.181829571723937988e-01
8.666205406188964844e-02
1.181829571723937988e-01
1.145372316241264343e-01
1.181829571723937988e-01
1.042895615100860596e-01
1.206269040703773499e-01
1.211150735616683960e-01
1.206269040703773499e-01
1.006940752267837524e-01
1.206269040703773499e-01
1.449542492628097534e-01
1.206269040703773499e-01
9.244506806135177612e-02
1.286608725786209106e-01
1.169488430023193359e-01
1.286608725786209106e-01
1.120887249708175659e-01
1.286608725786209106e-01
1.142242699861526489e-01
1.286608725786209106e-01
9.294404089450836182e-02
1.238103806972503662e-01
1.074175238609313965e-01
1.238103806972503662e-01
1.207347810268402100e-01
1.238103806972503662e-01
1.089701727032661438e-01
1.248709410429000854e-01
1.234613135457038879e-01
1.248709410429000854e-01
1.066965162754058838e-01
1.248709410429000854e-01
1.164344027638435364e-01
1.187334060668945312e-01
1.318784803152084351e-01
1.187334060668945312e-01
1.210814714431762695e-01
1.187334060668945312e-01
1.752412170171737671e-01
1.248720586299896240e-01
1.480245739221572876e-01
1.248720586299896240e-01
1.046838015317916870e-01
1.248720586299896240e-01
1.594179570674896240e-01
1.248720586299896240e-01
1.233007162809371948e-01
1.313659250736236572e-01
1.177588701248168945e-01
1.313659250736236572e-01
8.965819329023361206e-02
1.313659250736236572e-01
1.072990894317626953e-01
1.313659250736236572e-01
1.093311086297035217e-01
1.334895640611648560e-01
1.302028298377990723e-01
1.334895640611648560e-01
1.299497336149215698e-01
1.334895640611648560e-01
1.574306339025497437e-01
1.334895640611648560e-01
1.304311603307723999e-01
1.362288892269134521e-01
1.238557696342468262e-01
1.362288892269134521e-01
1.281157582998275757e-01
1.362288892269134521e-01
1.404533535242080688e-01
1.362288892269134521e-01
1.140926554799079895e-01
1.546737253665924072e-01
1.255007535219192505e-01
1.546737253665924072e-01
1.830478757619857788e-01
1.546737253665924072e-01
1.628269404172897339e-01
1.546737253665924072e-01
2.109577804803848267e-01
1.427728086709976196e-01
1.188601329922676086e-01
1.427728086709976196e-01
1.264727711677551270e-01
1.427728086709976196e-01
1.125634834170341492e-01
1.437941938638687134e-01
1.094435229897499084e-01
1.437941938638687134e-01
9.426710009574890137e-02
1.437941938638687134e-01
1.547754555940628052e-01
1.437941938638687134e-01
9.963085502386093140e-02
1.301955133676528931e-01
1.017987355589866638e-01
1.301955133676528931e-01
1.173885166645050049e-01
1.301955133676528931e-01
8.744526654481887817e-02
1.301955133676528931e-01
1.293583214282989502e-01
1.320920586585998535e-01
1.287436038255691528e-01
1.320920586585998535e-01
1.364137828350067139e-01
1.320920586585998535e-01
9.558351337909698486e-02
1.320920586585998535e-01
1.455871909856796265e-01
1.288641989231109619e-01
1.294995248317718506e-01
1.288641989231109619e-01
1.309899836778640747e-01
1.288641989231109619e-01
1.331398487091064453e-01
1.288641989231109619e-01
1.700033098459243774e-01
1.302491873502731323e-01
1.388939470052719116e-01
1.302491873502731323e-01
1.482639759778976440e-01
1.302491873502731323e-01
1.177145913243293762e-01
1.302491873502731323e-01
5.492404848337173462e-02
1.227449849247932434e-01
1.296092420816421509e-01
1.227449849247932434e-01
9.330447018146514893e-02
1.227449849247932434e-01
1.295714229345321655e-01
1.227449849247932434e-01
1.103566810488700867e-01
8.838486671447753906e-02
1.298881471157073975e-01
8.838486671447753906e-02
5.222576111555099487e-02
8.838486671447753906e-02
7.819859683513641357e-02
8.838486671447753906e-02
8.056437224149703979e-02
5.090111121535301208e-02
4.664079844951629639e-02
5.090111121535301208e-02
6.404601782560348511e-02
5.090111121535301208e-02
5.312643945217132568e-02
5.090111121535301208e-02
1.917462423443794250e-02
3.065328486263751984e-02
3.524278849363327026e-02
3.065328486263751984e-02
2.951016835868358612e-02
3.065328486263751984e-02
3.626427054405212402e-02
3.065328486263751984e-02
2.942469343543052673e-02
2.009093575179576874e-02
5.276665091514587402e-02
2.009093575179576874e-02
6.214083731174468994e-02
2.009093575179576874e-02
4.450545087456703186e-02
2.009093575179576874e-02
2.397445403039455414e-02
9.086942300200462341e-03
7.119558751583099365e-02
9.086942300200462341e-03
6.541085243225097656e-02
9.086942300200462341e-03
1.842404343187808990e-02
-2.510271966457366943e-03
2.910329401493072510e-02
-2.510271966457366943e-03
-3.779347985982894897e-02
-2.510271966457366943e-03
2.604992873966693878e-02
-2.510271966457366943e-03
3.952082246541976929e-02
-2.510271966457366943e-03
5.323667451739311218e-02
-2.510271966457366943e-03
5.706981196999549866e-02
-2.510271966457366943e-03
4.810531437397003174e-02
-2.510271966457366943e-03
1.212230511009693146e-02
-4.377422854304313660e-03
-1.796100847423076630e-02
-4.377422854304313660e-03
1.458236761391162872e-02
-4.377422854304313660e-03
1.797058619558811188e-02
-4.377422854304313660e-03
1.764253340661525726e-02
-2.749165520071983337e-03
1.626621931791305542e-02
-2.749165520071983337e-03
2.748331055045127869e-02
-2.749165520071983337e-03
2.044625580310821533e-05
-2.644529566168785095e-03
3.867562860250473022e-02
-2.644529566168785095e-03
-1.321699656546115875e-02
-2.644529566168785095e-03
1.337298750877380371e-02
-4.205064848065376282e-03
3.502829372882843018e-02
-4.205064848065376282e-03
7.645140588283538818e-02
-4.205064848065376282e-03
9.466372430324554443e-03
-4.205064848065376282e-03
4.405619949102401733e-02
-5.107434466481208801e-03
1.103819534182548523e-02
-5.107434466481208801e-03
-3.147126734256744385e-02
-5.107434466481208801e-03
4.320150241255760193e-03
-5.107434466481208801e-03
-1.117104478180408478e-02
-4.504574462771415710e-03
5.957993865013122559e-02
-4.504574462771415710e-03
-8.621415123343467712e-03
-4.504574462771415710e-03
7.456580176949501038e-03
-4.504574462771415710e-03
2.109525725245475769e-03
5.412651225924491882e-03
1.016750931739807129e-03
5.412651225924491882e-03
4.919464141130447388e-02
5.412651225924491882e-03
1.435307320207357407e-02
7.961140945553779602e-03
6.824862957000732422e-02
7.961140945553779602e-03
6.607600301504135132e-02
7.961140945553779602e-03
2.110824175179004669e-02
7.961140945553779602e-03
-1.121738925576210022e-03
1.171006076037883759e-02
2.879163064062595367e-02
1.171006076037883759e-02
-6.858473643660545349e-03
1.171006076037883759e-02
2.120427042245864868e-02
1.171006076037883759e-02
5.746989697217941284e-02
1.171084307134151459e-02
7.746163755655288696e-04
1.171084307134151459e-02
-7.508566603064537048e-03
1.171084307134151459e-02
2.500900067389011383e-02
1.171084307134151459e-02
5.376486107707023621e-03
