1.535973995923995972e-01
1.724476367235183716e-01
1.535973995923995972e-01
1.512304544448852539e-01
1.535973995923995972e-01
1.354001462459564209e-01
1.535973995923995972e-01
1.852668672800064087e-01
1.542680561542510986e-01
2.051468342542648315e-01
1.542680561542510986e-01
1.653695255517959595e-01
1.542680561542510986e-01
1.859477460384368896e-01
1.542680561542510986e-01
1.357211619615554810e-01
1.417457759380340576e-01
1.557796448469161987e-01
1.417457759380340576e-01
1.040966659784317017e-01
1.417457759380340576e-01
1.342024356126785278e-01
1.413168162107467651e-01
1.828572750091552734e-01
1.413168162107467651e-01
2.042927592992782593e-01
1.413168162107467651e-01
1.753849089145660400e-01
1.400688886642456055e-01
1.639212071895599365e-01
1.400688886642456055e-01
1.871211528778076172e-01
1.400688886642456055e-01
1.858561187982559204e-01
1.505378335714340210e-01
1.680590510368347168e-01
1.505378335714340210e-01
1.458001434803009033e-01
1.505378335714340210e-01
1.598356962203979492e-01
1.505378335714340210e-01
1.536095440387725830e-01
1.440366506576538086e-01
1.420589983463287354e-01
1.440366506576538086e-01
1.382194459438323975e-01
1.440366506576538086e-01
1.303699612617492676e-01
1.487518846988677979e-01
1.534631401300430298e-01
1.487518846988677979e-01
1.473302990198135376e-01
1.487518846988677979e-01
1.700254827737808228e-01
1.487518846988677979e-01
1.491715759038925171e-01
1.380603760480880737e-01
1.517516076564788818e-01
1.380603760480880737e-01
1.358066946268081665e-01
1.380603760480880737e-01
1.323151290416717529e-01
1.415393054485321045e-01
1.445937901735305786e-01
1.415393054485321045e-01
1.558123081922531128e-01
1.415393054485321045e-01
1.525384634733200073e-01
1.232162043452262878e-01
1.547350883483886719e-01
1.232162043452262878e-01
1.319436281919479370e-01
1.232162043452262878e-01
1.446278542280197144e-01
1.125707104802131653e-01
1.337842941284179688e-01
1.125707104802131653e-01
1.210383847355842590e-01
1.125707104802131653e-01
1.442545354366302490e-01
1.110194250941276550e-01
1.468828767538070679e-01
1.110194250941276550e-01
1.293400675058364868e-01
1.110194250941276550e-01
1.251324862241744995e-01
1.110194250941276550e-01
1.139595359563827515e-01
9.486293792724609375e-02
9.527719765901565552e-02
9.486293792724609375e-02
1.045222058892250061e-01
9.486293792724609375e-02
8.484056591987609863e-02
1.008968502283096313e-01
1.327162981033325195e-01
1.008968502283096313e-01
1.398110538721084595e-01
1.008968502283096313e-01
1.249468475580215454e-01
9.925973415374755859e-02
1.237010657787322998e-01
9.925973415374755859e-02
1.417941749095916748e-01
9.925973415374755859e-02
1.379182785749435425e-01
8.874611556529998779e-02
1.114501729607582092e-01
8.874611556529998779e-02
9.304266422986984253e-02
8.874611556529998779e-02
9.741446375846862793e-02
9.659633040428161621e-02
1.333685815334320068e-01
9.659633040428161621e-02
1.204994693398475647e-01
9.961289912462234497e-02
8.186759054660797119e-02
9.961289912462234497e-02
1.031901687383651733e-01
9.961289912462234497e-02
1.128269135951995850e-01
9.961289912462234497e-02
1.273487061262130737e-01
9.986667335033416748e-02
6.977398693561553955e-02
9.986667335033416748e-02
1.270221322774887085e-01
9.986667335033416748e-02
8.862925320863723755e-02
1.096182763576507568e-01
1.103575527667999268e-01
1.096182763576507568e-01
7.157267630100250244e-02
1.096182763576507568e-01
1.198455616831779480e-01
1.096182763576507568e-01
6.573262065649032593e-02
1.171351820230484009e-01
1.327275931835174561e-01
1.171351820230484009e-01
8.477257192134857178e-02
1.171351820230484009e-01
9.028526395559310913e-02
1.192686706781387329e-01
1.237675696611404419e-01
1.192686706781387329e-01
1.420782357454299927e-01
1.192686706781387329e-01
1.677190810441970825e-01
1.270835101604461670e-01
8.715707063674926758e-02
1.270835101604461670e-01
1.286468356847763062e-01
1.270835101604461670e-01
1.145551651716232300e-01
1.376879215240478516e-01
1.195410192012786865e-01
1.376879215240478516e-01
1.937748044729232788e-01
1.376879215240478516e-01
1.248200535774230957e-01
1.510576456785202026e-01
1.241808980703353882e-01
1.510576456785202026e-01
1.301226913928985596e-01
1.510576456785202026e-01
1.675833612680435181e-01
1.510576456785202026e-01
1.850307732820510864e-01
1.539691835641860962e-01
1.209647506475448608e-01
1.539691835641860962e-01
1.194539293646812439e-01
1.539691835641860962e-01
1.462280303239822388e-01
1.544739007949829102e-01
1.333793401718139648e-01
1.544739007949829102e-01
1.731653064489364624e-01
1.544739007949829102e-01
1.377709507942199707e-01
1.518590301275253296e-01
1.467062234878540039e-01
1.518590301275253296e-01
1.402927339076995850e-01
1.518590301275253296e-01
1.109043583273887634e-01
1.617150008678436279e-01
1.444188356399536133e-01
1.617150008678436279e-01
1.473453342914581299e-01
1.617150008678436279e-01
1.803024113178253174e-01
1.580950766801834106e-01
1.673842370510101318e-01
1.580950766801834106e-01
1.688497811555862427e-01
1.580950766801834106e-01
1.432268023490905762e-01
1.548868119716644287e-01
1.837287694215774536e-01
1.548868119716644287e-01
2.256583422422409058e-01
1.548868119716644287e-01
1.698943376541137695e-01
1.566659808158874512e-01
1.524337679147720337e-01
1.566659808158874512e-01
1.366636306047439575e-01
1.566659808158874512e-01
1.353536993265151978e-01
1.554705500602722168e-01
1.282614767551422119e-01
1.554705500602722168e-01
1.638568639755249023e-01
1.554705500602722168e-01
1.830525398254394531e-01
1.554705500602722168e-01
1.494271010160446167e-01
1.526030898094177246e-01
1.547005027532577515e-01
1.526030898094177246e-01
1.488875299692153931e-01
1.526030898094177246e-01
1.462365239858627319e-01
1.651104539632797241e-01
1.271369457244873047e-01
1.651104539632797241e-01
1.403327733278274536e-01
1.651104539632797241e-01
1.849036961793899536e-01
1.651104539632797241e-01
5.246253013610839844e-01
1.775524616241455078e-01
1.329719424247741699e-01
1.775524616241455078e-01
1.359857767820358276e-01
1.775524616241455078e-01
1.136837378144264221e-01
1.954735815525054932e-01
1.627707630395889282e-01
1.954735815525054932e-01
1.087458878755569458e-01
1.954735815525054932e-01
1.078167110681533813e-01
1.988019645214080811e-01
2.421982586383819580e-01
1.988019645214080811e-01
2.253398746252059937e-01
1.988019645214080811e-01
1.958324760198593140e-01
1.972991526126861572e-01
1.399097442626953125e-01
1.972991526126861572e-01
1.545313149690628052e-01
1.972991526126861572e-01
1.977578848600387573e-01
2.006287574768066406e-01
1.549038589000701904e-01
2.006287574768066406e-01
1.404550224542617798e-01
2.006287574768066406e-01
1.612695604562759399e-01
2.033182531595230103e-01
1.844672411680221558e-01
2.033182531595230103e-01
1.744981408119201660e-01
2.033182531595230103e-01
1.401027441024780273e-01
2.033182531595230103e-01
1.619238406419754028e-01
2.033182531595230103e-01
2.434004992246627808e-01
2.033182531595230103e-01
2.434458136558532715e-01
2.028936445713043213e-01
1.185567751526832581e-01
2.028936445713043213e-01
1.201577037572860718e-01
2.028936445713043213e-01
1.302874237298965454e-01
2.071279734373092651e-01
1.951227933168411255e-01
2.071279734373092651e-01
1.853749006986618042e-01
2.071279734373092651e-01
1.605233997106552124e-01
2.059729844331741333e-01
1.795458644628524780e-01
2.059729844331741333e-01
2.224666774272918701e-01
2.059729844331741333e-01
2.131523489952087402e-01
2.059729844331741333e-01
1.842037588357925415e-01
2.103650122880935669e-01
1.944876164197921753e-01
2.103650122880935669e-01
2.386119067668914795e-01
2.103650122880935669e-01
2.034661173820495605e-01
2.103675454854965210e-01
2.005047649145126343e-01
2.103675454854965210e-01
2.232480794191360474e-01
2.103675454854965210e-01
2.164570093154907227e-01
2.070031911134719849e-01
1.693389564752578735e-01
2.070031911134719849e-01
1.846100240945816040e-01
2.070031911134719849e-01
1.401993185281753540e-01
2.046021074056625366e-01
2.494360059499740601e-01
2.046021074056625366e-01
2.341542690992355347e-01
2.046021074056625366e-01
2.256229072809219360e-01
1.949327737092971802e-01
2.155695706605911255e-01
1.949327737092971802e-01
2.112095504999160767e-01
1.949327737092971802e-01
2.351826429367065430e-01
1.949327737092971802e-01
2.175039350986480713e-01
1.716534048318862915e-01
1.898080557584762573e-01
1.716534048318862915e-01
1.720944344997406006e-01
1.716534048318862915e-01
1.488966345787048340e-01
1.644287556409835815e-01
1.822913736104965210e-01
1.644287556409835815e-01
1.708547919988632202e-01
1.644287556409835815e-01
1.857743561267852783e-01
1.655799895524978638e-01
1.463440954685211182e-01
1.655799895524978638e-01
1.558487266302108765e-01
1.655799895524978638e-01
1.562142074108123779e-01
1.655799895524978638e-01
1.694699674844741821e-01
1.603676527738571167e-01
1.561224460601806641e-01
1.603676527738571167e-01
2.026715129613876343e-01
1.603676527738571167e-01
1.595197170972824097e-01
1.418887078762054443e-01
1.378972530364990234e-01
1.418887078762054443e-01
1.379508078098297119e-01
1.418887078762054443e-01
1.229260116815567017e-01
1.339330673217773438e-01
1.061821058392524719e-01
1.339330673217773438e-01
1.529281437397003174e-01
1.339330673217773438e-01
1.269661635160446167e-01
1.211289837956428528e-01
8.983460068702697754e-02
1.211289837956428528e-01
1.285061240196228027e-01
1.211289837956428528e-01
9.630212187767028809e-02
1.128886863589286804e-01
1.178983300924301147e-01
1.128886863589286804e-01
1.376311182975769043e-01
1.128886863589286804e-01
1.308626681566238403e-01
1.128886863589286804e-01
1.076409444212913513e-01
1.128886863589286804e-01
1.077440455555915833e-01
1.128886863589286804e-01
9.847775846719741821e-02
1.128886863589286804e-01
1.328890919685363770e-01
1.044927090406417847e-01
6.957834959030151367e-02
1.044927090406417847e-01
8.742164075374603271e-02
1.044927090406417847e-01
8.389899134635925293e-02
1.145401075482368469e-01
9.458705037832260132e-02
1.145401075482368469e-01
1.069496870040893555e-01
1.145401075482368469e-01
1.031477823853492737e-01
1.141528785228729248e-01
9.683657437562942505e-02
1.141528785228729248e-01
1.155029386281967163e-01
1.141528785228729248e-01
8.545316755771636963e-02
1.060605645179748535e-01
1.766023635864257812e-01
1.060605645179748535e-01
1.040604114532470703e-01
1.060605645179748535e-01
8.912949264049530029e-02
9.991581737995147705e-02
1.079567149281501770e-01
9.991581737995147705e-02
1.578180491924285889e-01
9.991581737995147705e-02
1.593518257141113281e-01
9.783933311700820923e-02
7.621236890554428101e-02
9.783933311700820923e-02
8.374214172363281250e-02
9.783933311700820923e-02
8.240523189306259155e-02
9.316322207450866699e-02
9.617979824542999268e-02
9.316322207450866699e-02
8.590378612279891968e-02
9.316322207450866699e-02
6.477251648902893066e-02
9.033022820949554443e-02
9.044805914163589478e-02
9.033022820949554443e-02
1.023944020271301270e-01
9.033022820949554443e-02
7.246274501085281372e-02
7.820774614810943604e-02
6.388945132493972778e-02
7.820774614810943604e-02
8.202714473009109497e-02
7.820774614810943604e-02
8.388121426105499268e-02
7.209929823875427246e-02
5.915480107069015503e-02
7.209929823875427246e-02
1.476372927427291870e-01
7.209929823875427246e-02
8.810374885797500610e-02
6.765996664762496948e-02
1.255642920732498169e-01
6.765996664762496948e-02
5.806178972125053406e-02
6.765996664762496948e-02
2.291509136557579041e-02
6.765996664762496948e-02
2.542375773191452026e-02
6.078427284955978394e-02
8.037536591291427612e-02
6.078427284955978394e-02
6.712497025728225708e-02
6.078427284955978394e-02
7.351449877023696899e-02
6.038140505552291870e-02
8.111303299665451050e-02
6.038140505552291870e-02
8.244439959526062012e-02
6.038140505552291870e-02
8.756874501705169678e-02
5.516537278890609741e-02
6.408049911260604858e-02
5.516537278890609741e-02
5.036462843418121338e-02
5.516537278890609741e-02
7.418172061443328857e-02
5.345586687326431274e-02
7.069010287523269653e-02
5.345586687326431274e-02
6.294649839401245117e-02
5.345586687326431274e-02
5.309838429093360901e-02
4.550019651651382446e-02
3.047995083034038544e-02
4.550019651651382446e-02
5.161184072494506836e-02
4.550019651651382446e-02
4.186751693487167358e-02
4.222093522548675537e-02
4.023099690675735474e-02
4.222093522548675537e-02
5.484706535935401917e-02
4.222093522548675537e-02
5.785378813743591309e-02
4.222093522548675537e-02
4.733892902731895447e-02
5.015193670988082886e-02
6.212882697582244873e-02
5.015193670988082886e-02
5.927397683262825012e-02
5.015193670988082886e-02
6.376320123672485352e-02
6.009015440940856934e-02
9.637618064880371094e-02
6.009015440940856934e-02
8.181231468915939331e-02
6.009015440940856934e-02
6.746728718280792236e-02
6.235191226005554199e-02
5.403899401426315308e-02
6.235191226005554199e-02
5.243765190243721008e-02
6.235191226005554199e-02
5.264008790254592896e-02
6.499574333429336548e-02
7.000967115163803101e-02
6.499574333429336548e-02
7.650807499885559082e-02
6.499574333429336548e-02
6.189131736755371094e-02
6.128762662410736084e-02
6.072476506233215332e-02
6.128762662410736084e-02
6.698938459157943726e-02
6.128762662410736084e-02
6.052339822053909302e-02
5.734607204794883728e-02
5.626133084297180176e-02
5.734607204794883728e-02
7.414565235376358032e-02
5.734607204794883728e-02
8.335097879171371460e-02
5.734607204794883728e-02
6.572266668081283569e-02
5.194041505455970764e-02
5.699400603771209717e-02
5.194041505455970764e-02
6.599996238946914673e-02
5.194041505455970764e-02
5.172177404165267944e-02
5.019114166498184204e-02
7.140405476093292236e-02
5.019114166498184204e-02
7.239493727684020996e-02
5.019114166498184204e-02
8.678343147039413452e-02
5.222883075475692749e-02
5.508409440517425537e-02
5.222883075475692749e-02
5.270081385970115662e-02
5.222883075475692749e-02
3.905604779720306396e-02
6.173285841941833496e-02
9.042625874280929565e-02
6.173285841941833496e-02
8.665680885314941406e-02
6.173285841941833496e-02
7.795023173093795776e-02
6.077312678098678589e-02
4.845742881298065186e-02
6.077312678098678589e-02
6.816355884075164795e-02
6.077312678098678589e-02
8.534248918294906616e-02
6.015836447477340698e-02
6.516631692647933960e-02
6.015836447477340698e-02
4.390128701925277710e-02
6.015836447477340698e-02
7.772102206945419312e-02
6.015836447477340698e-02
5.508171766996383667e-02
6.725633889436721802e-02
7.479542493820190430e-02
6.725633889436721802e-02
1.106887534260749817e-01
6.725633889436721802e-02
9.107852727174758911e-02
6.891936063766479492e-02
6.910001486539840698e-02
6.891936063766479492e-02
1.398664265871047974e-01
6.891936063766479492e-02
1.354220062494277954e-01
6.865619868040084839e-02
1.146511286497116089e-01
6.865619868040084839e-02
9.862995147705078125e-02
6.865619868040084839e-02
8.885546773672103882e-02
6.947916746139526367e-02
7.738029956817626953e-02
6.947916746139526367e-02
1.279736608266830444e-01
6.947916746139526367e-02
8.173310756683349609e-02
9.039866179227828979e-02
8.529954403638839722e-02
9.039866179227828979e-02
9.744538366794586182e-02
9.039866179227828979e-02
9.949862957000732422e-02
9.173489362001419067e-02
6.547338515520095825e-02
9.173489362001419067e-02
1.390744596719741821e-01
9.173489362001419067e-02
9.927830100059509277e-02
9.173489362001419067e-02
9.053786098957061768e-02
9.287871420383453369e-02
7.304698228836059570e-02
9.287871420383453369e-02
1.196531355381011963e-01
9.287871420383453369e-02
9.456362575292587280e-02
9.599639475345611572e-02
1.225828081369400024e-01
9.599639475345611572e-02
1.682053506374359131e-01
9.599639475345611572e-02
1.286176145076751709e-01
9.639343619346618652e-02
8.835244923830032349e-02
9.639343619346618652e-02
9.796275943517684937e-02
9.639343619346618652e-02
3.745435550808906555e-02
9.969384968280792236e-02
1.087591499090194702e-01
9.969384968280792236e-02
8.526022732257843018e-02
9.969384968280792236e-02
8.959614485502243042e-02
1.091873645782470703e-01
8.894368261098861694e-02
1.091873645782470703e-01
1.040844023227691650e-01
1.091873645782470703e-01
1.008156612515449524e-01
1.084538549184799194e-01
8.410777151584625244e-02
1.084538549184799194e-01
1.163608804345130920e-01
1.084538549184799194e-01
1.024124026298522949e-01
1.084538549184799194e-01
1.174228042364120483e-01
1.050174683332443237e-01
8.333866298198699951e-02
1.050174683332443237e-01
8.262311667203903198e-02
1.050174683332443237e-01
9.288923442363739014e-02
9.759990125894546509e-02
8.484565466642379761e-02
9.759990125894546509e-02
1.086610704660415649e-01
9.759990125894546509e-02
9.260715544223785400e-02
1.085702106356620789e-01
1.176248714327812195e-01
1.085702106356620789e-01
6.512478739023208618e-02
1.085702106356620789e-01
1.105226725339889526e-01
1.085702106356620789e-01
9.718620777130126953e-02
1.034828275442123413e-01
8.483953028917312622e-02
1.034828275442123413e-01
9.989434480667114258e-02
1.034828275442123413e-01
1.058722287416458130e-01
8.071056753396987915e-02
5.326491594314575195e-02
8.071056753396987915e-02
8.413434028625488281e-02
8.071056753396987915e-02
5.998129397630691528e-02
7.680765539407730103e-02
5.738069862127304077e-02
7.680765539407730103e-02
8.393175154924392700e-02
7.680765539407730103e-02
5.102431029081344604e-02
7.948251068592071533e-02
7.338844239711761475e-02
7.948251068592071533e-02
6.588333845138549805e-02
7.948251068592071533e-02
5.784613639116287231e-02
7.843001931905746460e-02
1.483785212039947510e-01
7.843001931905746460e-02
8.411002159118652344e-02
7.843001931905746460e-02
9.764464199542999268e-02
7.843001931905746460e-02
1.426545828580856323e-01
7.525788247585296631e-02
6.609664857387542725e-02
7.525788247585296631e-02
1.535198986530303955e-01
7.525788247585296631e-02
6.035298854112625122e-02
7.531643658876419067e-02
9.320273995399475098e-02
7.531643658876419067e-02
4.894574731588363647e-02
7.531643658876419067e-02
6.653375923633575439e-02
7.531643658876419067e-02
1.948312111198902130e-02
7.474482059478759766e-02
7.889205962419509888e-02
7.474482059478759766e-02
7.715125381946563721e-02
7.474482059478759766e-02
7.561343163251876831e-02
7.381435483694076538e-02
6.921429187059402466e-02
7.381435483694076538e-02
1.027384623885154724e-01
7.381435483694076538e-02
8.226420730352401733e-02
7.142060250043869019e-02
1.089444458484649658e-01
7.142060250043869019e-02
1.000147387385368347e-01
7.142060250043869019e-02
8.751120418310165405e-02
7.002424448728561401e-02
9.538827091455459595e-02
7.002424448728561401e-02
8.401588350534439087e-02
7.002424448728561401e-02
9.691738337278366089e-02
7.210696488618850708e-02
7.537693530321121216e-02
7.210696488618850708e-02
6.917962431907653809e-02
7.210696488618850708e-02
7.500031590461730957e-02
7.231122255325317383e-02
7.496432214975357056e-02
7.231122255325317383e-02
6.146991252899169922e-02
7.231122255325317383e-02
9.740588814020156860e-02
7.231122255325317383e-02
7.034584879875183105e-02
7.191297411918640137e-02
8.072067052125930786e-02
7.191297411918640137e-02
9.937343746423721313e-02
7.191297411918640137e-02
7.632101327180862427e-02
7.891743630170822144e-02
3.801960125565528870e-02
7.891743630170822144e-02
6.809500604867935181e-02
7.891743630170822144e-02
8.953016251325607300e-02
7.233227044343948364e-02
7.091326266527175903e-02
7.233227044343948364e-02
5.953097343444824219e-02
7.233227044343948364e-02
2.779364585876464844e-02
7.627701759338378906e-02
1.021311283111572266e-01
7.627701759338378906e-02
9.577809274196624756e-02
7.627701759338378906e-02
8.342071622610092163e-02
7.627701759338378906e-02
6.387607008218765259e-02
6.971751153469085693e-02
7.237517833709716797e-02
6.971751153469085693e-02
1.058614701032638550e-01
6.971751153469085693e-02
9.382507205009460449e-02
4.218886047601699829e-02
1.586564816534519196e-02
4.218886047601699829e-02
2.047955431044101715e-02
4.218886047601699829e-02
1.520883105695247650e-02
4.218886047601699829e-02
3.095498122274875641e-02
4.540114104747772217e-02
2.077371068298816681e-02
4.540114104747772217e-02
5.223177373409271240e-02
4.540114104747772217e-02
3.616136312484741211e-02
4.599517583847045898e-02
2.640184201300144196e-02
4.599517583847045898e-02
3.992553800344467163e-02
4.599517583847045898e-02
5.308750271797180176e-02
4.522269219160079956e-02
7.119847089052200317e-02
4.522269219160079956e-02
5.862602591514587402e-02
4.522269219160079956e-02
5.509541556239128113e-02
4.482111334800720215e-02
4.794917255640029907e-02
4.482111334800720215e-02
7.428776472806930542e-02
4.482111334800720215e-02
4.821670055389404297e-02
4.577858746051788330e-02
4.478177055716514587e-03
4.577858746051788330e-02
4.450110718607902527e-03
4.577858746051788330e-02
1.291418634355068207e-02
4.504474252462387085e-02
6.257750838994979858e-02
4.504474252462387085e-02
8.778300881385803223e-02
4.504474252462387085e-02
4.374241828918457031e-02
4.538082331418991089e-02
2.871862985193729401e-02
4.538082331418991089e-02
-1.597963273525238037e-05
4.538082331418991089e-02
4.266100749373435974e-02
5.045567452907562256e-02
3.312646597623825073e-02
5.045567452907562256e-02
5.715326964855194092e-02
5.045567452907562256e-02
2.583825774490833282e-02
6.274662166833877563e-02
5.254174768924713135e-02
6.274662166833877563e-02
1.178781390190124512e-01
6.274662166833877563e-02
7.873720675706863403e-02
6.274662166833877563e-02
1.122662127017974854e-01
6.777769327163696289e-02
7.919088751077651978e-02
6.777769327163696289e-02
8.947990089654922485e-02
6.777769327163696289e-02
8.750118315219879150e-02
7.487522065639495850e-02
9.139205515384674072e-02
7.487522065639495850e-02
7.996680587530136108e-02
7.487522065639495850e-02
7.246447354555130005e-02
8.125798404216766357e-02
6.353978067636489868e-02
8.125798404216766357e-02
6.469593942165374756e-02
8.125798404216766357e-02
6.705614924430847168e-02
8.321158587932586670e-02
7.463782280683517456e-02
8.321158587932586670e-02
6.847902387380599976e-02
8.321158587932586670e-02
9.212926775217056274e-02
8.321158587932586670e-02
7.178640365600585938e-02
8.878006786108016968e-02
8.511338382959365845e-02
8.878006786108016968e-02
9.032233059406280518e-02
8.878006786108016968e-02
8.706837147474288940e-02
9.344300627708435059e-02
8.104790747165679932e-02
9.344300627708435059e-02
1.134385913610458374e-01
9.344300627708435059e-02
1.007487699389457703e-01
1.004806160926818848e-01
1.251257956027984619e-01
1.004806160926818848e-01
8.236128091812133789e-02
1.004806160926818848e-01
1.004254296422004700e-01
1.004806160926818848e-01
1.013371795415878296e-01
1.022482216358184814e-01
9.821311384439468384e-02
1.022482216358184814e-01
1.166078597307205200e-01
1.022482216358184814e-01
8.804562687873840332e-02
1.080620065331459045e-01
1.164455190300941467e-01
1.080620065331459045e-01
9.473568946123123169e-02
1.080620065331459045e-01
1.056287065148353577e-01
9.865229576826095581e-02
1.098463833332061768e-01
9.865229576826095581e-02
1.150081977248191833e-01
9.865229576826095581e-02
1.072355359792709351e-01
1.009050905704498291e-01
8.874681591987609863e-02
1.009050905704498291e-01
9.944996237754821777e-02
1.009050905704498291e-01
1.242820695042610168e-01
1.018397659063339233e-01
1.159540787339210510e-01
1.018397659063339233e-01
1.273469626903533936e-01
1.018397659063339233e-01
1.322722584009170532e-01
1.052742525935173035e-01
1.317072361707687378e-01
1.052742525935173035e-01
1.501559764146804810e-01
1.052742525935173035e-01
1.374068111181259155e-01
9.907083213329315186e-02
1.110282614827156067e-01
9.907083213329315186e-02
1.057096049189567566e-01
9.907083213329315186e-02
1.281090825796127319e-01
9.907083213329315186e-02
1.213709786534309387e-01
1.008759438991546631e-01
8.507615327835083008e-02
1.008759438991546631e-01
1.172258555889129639e-01
1.008759438991546631e-01
9.118317067623138428e-02
1.158596798777580261e-01
1.240958571434020996e-01
1.158596798777580261e-01
1.143177151679992676e-01
1.158596798777580261e-01
1.299409121274948120e-01
1.158596798777580261e-01
1.328668445348739624e-01
1.154205799102783203e-01
7.080475986003875732e-02
1.154205799102783203e-01
1.218152493238449097e-01
1.154205799102783203e-01
9.431252628564834595e-02
1.145540475845336914e-01
1.435423791408538818e-01
1.145540475845336914e-01
1.080682724714279175e-01
1.145540475845336914e-01
1.249317675828933716e-01
1.167490482330322266e-01
1.253895014524459839e-01
1.167490482330322266e-01
1.262233853340148926e-01
1.167490482330322266e-01
1.475405395030975342e-01
1.183324307203292847e-01
1.307610124349594116e-01
1.183324307203292847e-01
1.300576180219650269e-01
1.183324307203292847e-01
1.719550937414169312e-01
1.349155753850936890e-01
1.440968811511993408e-01
1.349155753850936890e-01
1.874694377183914185e-01
1.349155753850936890e-01
1.222132146358489990e-01
1.358439922332763672e-01
1.141687929630279541e-01
1.358439922332763672e-01
1.076792925596237183e-01
1.358439922332763672e-01
1.113697960972785950e-01
1.401027441024780273e-01
1.575783640146255493e-01
1.401027441024780273e-01
1.454527676105499268e-01
1.401027441024780273e-01
1.383545845746994019e-01
1.388670206069946289e-01
1.348335891962051392e-01
1.388670206069946289e-01
1.176737546920776367e-01
1.388670206069946289e-01
1.346020400524139404e-01
1.388670206069946289e-01
1.131624355912208557e-01
1.399534940719604492e-01
1.390738636255264282e-01
1.399534940719604492e-01
1.579095870256423950e-01
1.399534940719604492e-01
1.609060764312744141e-01
1.468259245157241821e-01
1.631762534379959106e-01
1.468259245157241821e-01
1.361034661531448364e-01
1.468259245157241821e-01
1.294116079807281494e-01
1.584377586841583252e-01
1.687923669815063477e-01
1.584377586841583252e-01
1.827636808156967163e-01
1.584377586841583252e-01
1.372270137071609497e-01
1.702211201190948486e-01
1.433449089527130127e-01
1.702211201190948486e-01
1.535454392433166504e-01
1.702211201190948486e-01
1.366077661514282227e-01
1.755454391241073608e-01
1.225646063685417175e-01
1.755454391241073608e-01
1.621942669153213501e-01
1.755454391241073608e-01
1.727751940488815308e-01
1.755454391241073608e-01
1.898371428251266479e-01
1.590868681669235229e-01
1.299514472484588623e-01
1.590868681669235229e-01
1.633346080780029297e-01
1.590868681669235229e-01
1.650614589452743530e-01
1.607881337404251099e-01
1.520916968584060669e-01
1.607881337404251099e-01
1.668760031461715698e-01
1.607881337404251099e-01
1.520542949438095093e-01
1.547782123088836670e-01
1.635748296976089478e-01
1.547782123088836670e-01
1.939997076988220215e-01
1.547782123088836670e-01
1.693352013826370239e-01
1.529436558485031128e-01
1.391158998012542725e-01
1.529436558485031128e-01
1.664361208677291870e-01
1.529436558485031128e-01
1.880429089069366455e-01
1.529436558485031128e-01
1.771727353334426880e-01
1.450719088315963745e-01
1.446687728166580200e-01
1.450719088315963745e-01
1.283666044473648071e-01
1.450719088315963745e-01
1.417469233274459839e-01
1.512163281440734863e-01
1.838818490505218506e-01
1.512163281440734863e-01
1.609717309474945068e-01
1.512163281440734863e-01
1.448274552822113037e-01
1.510501801967620850e-01
1.311888396739959717e-01
1.510501801967620850e-01
1.165555566549301147e-01
1.510501801967620850e-01
1.201229244470596313e-01
1.617805957794189453e-01
1.271293610334396362e-01
1.617805957794189453e-01
1.910136640071868896e-01
1.617805957794189453e-01
1.602977365255355835e-01
1.617805957794189453e-01
2.223503142595291138e-01
1.626583635807037354e-01
1.081848144531250000e-01
1.626583635807037354e-01
1.408082395792007446e-01
1.626583635807037354e-01
1.081427261233329773e-01
1.662108153104782104e-01
1.111366227269172668e-01
1.662108153104782104e-01
1.232540458440780640e-01
1.662108153104782104e-01
1.729661077260971069e-01
1.774468570947647095e-01
1.292890757322311401e-01
1.774468570947647095e-01
1.674335449934005737e-01
1.774468570947647095e-01
1.606216728687286377e-01
1.774468570947647095e-01
1.308402121067047119e-01
1.856452524662017822e-01
2.372617721557617188e-01
1.856452524662017822e-01
2.832256555557250977e-01
1.856452524662017822e-01
1.507658511400222778e-01
1.955033391714096069e-01
1.428014039993286133e-01
1.955033391714096069e-01
1.690296679735183716e-01
1.955033391714096069e-01
1.755096465349197388e-01
1.884574294090270996e-01
1.390156447887420654e-01
1.884574294090270996e-01
1.835518032312393188e-01
1.884574294090270996e-01
1.900272816419601440e-01
2.062922865152359009e-01
2.239351719617843628e-01
2.062922865152359009e-01
2.085331529378890991e-01
2.062922865152359009e-01
1.969609558582305908e-01
1.996979266405105591e-01
1.858597099781036377e-01
1.996979266405105591e-01
2.194681912660598755e-01
1.996979266405105591e-01
2.553852200508117676e-01
1.996979266405105591e-01
1.756880432367324829e-01
1.996979266405105591e-01
1.896430999040603638e-01
1.996979266405105591e-01
1.402208358049392700e-01
1.996979266405105591e-01
1.715432554483413696e-01
1.823668926954269409e-01
1.677017062902450562e-01
1.823668926954269409e-01
2.084272801876068115e-01
1.823668926954269409e-01
2.058086246252059937e-01
1.799496561288833618e-01
1.749942749738693237e-01
1.799496561288833618e-01
1.887064278125762939e-01
1.799496561288833618e-01
1.477953940629959106e-01
1.735048145055770874e-01
2.511045336723327637e-01
1.735048145055770874e-01
2.131090611219406128e-01
1.735048145055770874e-01
1.603471189737319946e-01
1.775691658258438110e-01
1.328921616077423096e-01
1.775691658258438110e-01
1.632606983184814453e-01
1.775691658258438110e-01
1.538535058498382568e-01
1.787553280591964722e-01
1.796551346778869629e-01
1.787553280591964722e-01
1.687876582145690918e-01
1.787553280591964722e-01
1.905602961778640747e-01
1.787553280591964722e-01
1.662452816963195801e-01
1.966703087091445923e-01
1.889012306928634644e-01
1.966703087091445923e-01
2.155786156654357910e-01
1.966703087091445923e-01
1.680991500616073608e-01
1.868209987878799438e-01
2.233722358942031860e-01
1.868209987878799438e-01
1.908135265111923218e-01
1.868209987878799438e-01
1.749761700630187988e-01
1.868209987878799438e-01
1.864059120416641235e-01
1.876411586999893188e-01
2.193748801946640015e-01
1.876411586999893188e-01
3.188457787036895752e-01
1.876411586999893188e-01
3.217123746871948242e-01
1.869670599699020386e-01
1.829583197832107544e-01
1.869670599699020386e-01
1.732419431209564209e-01
1.869670599699020386e-01
1.705196797847747803e-01
1.936828643083572388e-01
2.332648187875747681e-01
1.936828643083572388e-01
1.720691025257110596e-01
1.936828643083572388e-01
1.859773546457290649e-01
1.936828643083572388e-01
1.550539731979370117e-01
2.110197842121124268e-01
1.817558705806732178e-01
2.110197842121124268e-01
1.890097856521606445e-01
2.110197842121124268e-01
1.973230987787246704e-01
2.069181799888610840e-01
2.979055643081665039e-01
2.069181799888610840e-01
2.637802362442016602e-01
2.069181799888610840e-01
2.628028690814971924e-01
2.095297425985336304e-01
2.363675087690353394e-01
2.095297425985336304e-01
2.416882812976837158e-01
2.095297425985336304e-01
2.237334549427032471e-01
2.056082785129547119e-01
1.973383873701095581e-01
2.056082785129547119e-01
2.050939649343490601e-01
2.056082785129547119e-01
2.133091390132904053e-01
2.073813378810882568e-01
1.817691475152969360e-01
2.073813378810882568e-01
2.004013955593109131e-01
2.073813378810882568e-01
2.071018218994140625e-01
2.255216240882873535e-01
2.127641290426254272e-01
2.255216240882873535e-01
2.190670073032379150e-01
2.255216240882873535e-01
2.029512673616409302e-01
2.366101741790771484e-01
3.225650787353515625e-01
2.366101741790771484e-01
2.693416178226470947e-01
2.366101741790771484e-01
2.184633612632751465e-01
2.594124972820281982e-01
2.150532752275466919e-01
2.594124972820281982e-01
2.912358045578002930e-01
2.594124972820281982e-01
2.667039334774017334e-01
2.594124972820281982e-01
3.138766288757324219e-01
2.580030858516693115e-01
2.173341959714889526e-01
2.580030858516693115e-01
2.184911221265792847e-01
2.580030858516693115e-01
2.296146899461746216e-01
2.788535356521606445e-01
2.599479556083679199e-01
2.788535356521606445e-01
2.487306147813796997e-01
2.788535356521606445e-01
2.457416504621505737e-01
2.873543500900268555e-01
3.185992538928985596e-01
2.873543500900268555e-01
2.880172431468963623e-01
2.873543500900268555e-01
2.708207368850708008e-01
3.077858984470367432e-01
2.955117523670196533e-01
3.077858984470367432e-01
2.866916358470916748e-01
3.077858984470367432e-01
2.967017590999603271e-01
3.077858984470367432e-01
2.974480390548706055e-01
3.138905763626098633e-01
3.088085651397705078e-01
3.138905763626098633e-01
3.423814177513122559e-01
3.138905763626098633e-01
3.241060674190521240e-01
3.067569434642791748e-01
3.259957432746887207e-01
3.067569434642791748e-01
3.145967721939086914e-01
3.067569434642791748e-01
3.200181424617767334e-01
3.072558045387268066e-01
3.040383458137512207e-01
3.072558045387268066e-01
3.113048672676086426e-01
3.072558045387268066e-01
3.117410540580749512e-01
3.142797350883483887e-01
3.031761944293975830e-01
3.142797350883483887e-01
3.074064254760742188e-01
3.142797350883483887e-01
3.170583248138427734e-01
3.137065172195434570e-01
2.979115545749664307e-01
3.137065172195434570e-01
3.071857094764709473e-01
3.137065172195434570e-01
3.282574713230133057e-01
3.137065172195434570e-01
3.099288344383239746e-01
3.108628094196319580e-01
3.130595088005065918e-01
3.108628094196319580e-01
2.904555201530456543e-01
3.108628094196319580e-01
2.985236048698425293e-01
3.105036318302154541e-01
2.985889911651611328e-01
3.105036318302154541e-01
2.960283458232879639e-01
3.105036318302154541e-01
2.998570501804351807e-01
3.104978501796722412e-01
3.074634373188018799e-01
3.104978501796722412e-01
3.286776244640350342e-01
3.104978501796722412e-01
3.196882307529449463e-01
3.142442405223846436e-01
3.274151086807250977e-01
3.142442405223846436e-01
3.144600391387939453e-01
3.142442405223846436e-01
3.244765400886535645e-01
3.142442405223846436e-01
3.215672373771667480e-01
3.121520876884460449e-01
2.989408373832702637e-01
3.121520876884460449e-01
3.031476438045501709e-01
3.121520876884460449e-01
2.869046330451965332e-01
3.141852021217346191e-01
3.092327415943145752e-01
3.141852021217346191e-01
3.256651759147644043e-01
3.141852021217346191e-01
3.189533650875091553e-01
3.130268156528472900e-01
3.067792057991027832e-01
3.130268156528472900e-01
3.221578299999237061e-01
3.130268156528472900e-01
3.108044862747192383e-01
3.038132190704345703e-01
2.978112399578094482e-01
3.038132190704345703e-01
3.011581599712371826e-01
3.038132190704345703e-01
2.877037823200225830e-01
3.038132190704345703e-01
2.917097806930541992e-01
3.003153800964355469e-01
2.908818125724792480e-01
3.003153800964355469e-01
3.064253926277160645e-01
3.003153800964355469e-01
2.923383712768554688e-01
2.957102656364440918e-01
2.904416024684906006e-01
2.957102656364440918e-01
2.787978649139404297e-01
2.957102656364440918e-01
2.925977110862731934e-01
2.977638840675354004e-01
2.519631683826446533e-01
2.977638840675354004e-01
2.732314467430114746e-01
2.977638840675354004e-01
2.580212652683258057e-01
3.012292385101318359e-01
3.179340660572052002e-01
3.012292385101318359e-01
3.364004194736480713e-01
3.012292385101318359e-01
3.015907406806945801e-01
3.037628233432769775e-01
3.060835599899291992e-01
3.037628233432769775e-01
3.005353808403015137e-01
3.037628233432769775e-01
2.733584642410278320e-01
3.060725331306457520e-01
3.149594068527221680e-01
3.060725331306457520e-01
3.598442077636718750e-01
3.060725331306457520e-01
3.250981867313385010e-01
3.069698512554168701e-01
3.093254566192626953e-01
3.069698512554168701e-01
3.147042393684387207e-01
3.069698512554168701e-01
3.144895434379577637e-01
3.069698512554168701e-01
3.550506830215454102e-01
3.082436621189117432e-01
2.898312509059906006e-01
3.082436621189117432e-01
2.927031517028808594e-01
3.082436621189117432e-01
3.025088310241699219e-01
3.098063766956329346e-01
2.912831604480743408e-01
3.098063766956329346e-01
3.069068193435668945e-01
3.098063766956329346e-01
2.962674200534820557e-01
3.197948336601257324e-01
2.958036363124847412e-01
3.197948336601257324e-01
3.053141236305236816e-01
3.197948336601257324e-01
2.847399711608886719e-01
3.262359201908111572e-01
3.640840947628021240e-01
3.262359201908111572e-01
3.339432477951049805e-01
3.262359201908111572e-01
3.588899672031402588e-01
3.262359201908111572e-01
3.386061489582061768e-01
3.323054909706115723e-01
3.487137258052825928e-01
3.323054909706115723e-01
3.587513566017150879e-01
3.323054909706115723e-01
3.726701140403747559e-01
3.323369920253753662e-01
3.416196107864379883e-01
3.323369920253753662e-01
3.722184002399444580e-01
3.323369920253753662e-01
3.543918728828430176e-01
3.441236019134521484e-01
3.657391071319580078e-01
3.441236019134521484e-01
3.311723172664642334e-01
3.441236019134521484e-01
3.557940125465393066e-01
3.471084237098693848e-01
3.849236965179443359e-01
3.471084237098693848e-01
3.596839308738708496e-01
3.471084237098693848e-01
3.856666386127471924e-01
3.470330536365509033e-01
3.011356592178344727e-01
3.470330536365509033e-01
3.305872976779937744e-01
3.470330536365509033e-01
3.243044316768646240e-01
3.470330536365509033e-01
3.091714382171630859e-01
3.489452004432678223e-01
3.057359158992767334e-01
3.489452004432678223e-01
3.140758275985717773e-01
3.489452004432678223e-01
3.293495774269104004e-01
3.489452004432678223e-01
3.295084536075592041e-01
3.532094359397888184e-01
3.410490155220031738e-01
3.532094359397888184e-01
3.149074912071228027e-01
3.532094359397888184e-01
3.183491230010986328e-01
3.532094359397888184e-01
3.328015804290771484e-01
3.484006524085998535e-01
3.207734227180480957e-01
3.484006524085998535e-01
4.096918404102325439e-01
3.484006524085998535e-01
3.524444103240966797e-01
3.375927805900573730e-01
3.691827356815338135e-01
3.375927805900573730e-01
3.284962177276611328e-01
3.375927805900573730e-01
2.882395386695861816e-01
3.421846330165863037e-01
3.260736167430877686e-01
3.421846330165863037e-01
3.111353516578674316e-01
3.421846330165863037e-01
3.357823491096496582e-01
3.383352160453796387e-01
2.743680775165557861e-01
3.383352160453796387e-01
2.960854768753051758e-01
3.383352160453796387e-01
2.864764928817749023e-01
3.359464108943939209e-01
3.095560371875762939e-01
3.359464108943939209e-01
3.114935755729675293e-01
3.359464108943939209e-01
2.993417978286743164e-01
3.334388136863708496e-01
3.005787730216979980e-01
3.334388136863708496e-01
3.118136823177337646e-01
3.334388136863708496e-01
2.988869547843933105e-01
3.425362408161163330e-01
2.926979660987854004e-01
3.425362408161163330e-01
3.235670626163482666e-01
3.425362408161163330e-01
3.073004782199859619e-01
3.301763236522674561e-01
3.218334615230560303e-01
3.301763236522674561e-01
3.457413911819458008e-01
3.301763236522674561e-01
3.206468820571899414e-01
3.326640725135803223e-01
3.486724495887756348e-01
3.326640725135803223e-01
3.924196362495422363e-01
3.326640725135803223e-01
3.749294579029083252e-01
3.319083750247955322e-01
3.198201060295104980e-01
3.319083750247955322e-01
3.423822522163391113e-01
3.319083750247955322e-01
3.436383605003356934e-01
3.291388750076293945e-01
3.374522328376770020e-01
3.291388750076293945e-01
3.386512398719787598e-01
3.291388750076293945e-01
3.237148523330688477e-01
3.291388750076293945e-01
3.690455257892608643e-01
3.189554810523986816e-01
2.778851985931396484e-01
3.189554810523986816e-01
3.001266121864318848e-01
3.189554810523986816e-01
3.256172239780426025e-01
3.254351913928985596e-01
3.498567342758178711e-01
3.254351913928985596e-01
3.394899666309356689e-01
3.254351913928985596e-01
3.391264379024505615e-01
3.254351913928985596e-01
3.320447504520416260e-01
3.311206698417663574e-01
3.555589318275451660e-01
3.311206698417663574e-01
3.699220418930053711e-01
3.311206698417663574e-01
3.460608720779418945e-01
3.301004171371459961e-01
3.240227401256561279e-01
3.301004171371459961e-01
3.444077372550964355e-01
3.301004171371459961e-01
3.686105310916900635e-01
3.336767852306365967e-01
3.319737315177917480e-01
3.336767852306365967e-01
3.355423510074615479e-01
3.336767852306365967e-01
3.257981836795806885e-01
3.336767852306365967e-01
3.578176200389862061e-01
3.294697701930999756e-01
3.315065503120422363e-01
3.294697701930999756e-01
3.510190248489379883e-01
3.294697701930999756e-01
3.433826863765716553e-01
3.138849437236785889e-01
3.124909996986389160e-01
3.138849437236785889e-01
3.197899162769317627e-01
3.138849437236785889e-01
3.122189939022064209e-01
3.339812159538269043e-01
3.114700913429260254e-01
3.339812159538269043e-01
3.121634721755981445e-01
3.339812159538269043e-01
3.365215361118316650e-01
3.342166543006896973e-01
3.356291651725769043e-01
3.342166543006896973e-01
3.351598978042602539e-01
3.342166543006896973e-01
3.298311233520507812e-01
3.331489264965057373e-01
3.186480998992919922e-01
3.331489264965057373e-01
3.277661502361297607e-01
3.331489264965057373e-01
3.125317692756652832e-01
3.327036201953887939e-01
3.380640745162963867e-01
3.327036201953887939e-01
3.454299867153167725e-01
3.327036201953887939e-01
3.552579879760742188e-01
3.327036201953887939e-01
3.542027473449707031e-01
3.136995434761047363e-01
3.053472638130187988e-01
3.136995434761047363e-01
3.343130350112915039e-01
3.136995434761047363e-01
3.130385875701904297e-01
3.113718330860137939e-01
3.211253881454467773e-01
3.113718330860137939e-01
3.129187524318695068e-01
3.006946444511413574e-01
3.086974620819091797e-01
3.006946444511413574e-01
3.256459236145019531e-01
3.006946444511413574e-01
3.319394588470458984e-01
3.006946444511413574e-01
3.209311068058013916e-01
3.002374768257141113e-01
3.057376742362976074e-01
3.002374768257141113e-01
2.662053704261779785e-01
3.002374768257141113e-01
3.113270699977874756e-01
2.920313775539398193e-01
2.845595479011535645e-01
2.920313775539398193e-01
3.084237873554229736e-01
2.920313775539398193e-01
3.180669844150543213e-01
2.861090600490570068e-01
2.674216628074645996e-01
2.861090600490570068e-01
2.891495227813720703e-01
2.861090600490570068e-01
2.755487859249114990e-01
2.884058058261871338e-01
3.178322315216064453e-01
2.884058058261871338e-01
2.896957695484161377e-01
2.884058058261871338e-01
2.621154487133026123e-01
2.854580879211425781e-01
2.971151471138000488e-01
2.854580879211425781e-01
3.392611742019653320e-01
2.854580879211425781e-01
3.132955431938171387e-01
2.885781228542327881e-01
2.923064529895782471e-01
2.885781228542327881e-01
3.031072318553924561e-01
2.885781228542327881e-01
3.216177225112915039e-01
2.903815507888793945e-01
2.393507510423660278e-01
2.903815507888793945e-01
2.913855910301208496e-01
2.903815507888793945e-01
2.858842909336090088e-01
2.749361097812652588e-01
2.431406527757644653e-01
2.749361097812652588e-01
2.698736488819122314e-01
2.749361097812652588e-01
2.469258010387420654e-01
2.776142954826354980e-01
2.315477132797241211e-01
2.776142954826354980e-01
2.428390979766845703e-01
2.776142954826354980e-01
2.375251501798629761e-01
2.813326120376586914e-01
1.802096813917160034e-01
2.813326120376586914e-01
2.403749078512191772e-01
2.813326120376586914e-01
2.481405884027481079e-01
2.790126204490661621e-01
2.320272326469421387e-01
2.790126204490661621e-01
3.138790726661682129e-01
2.790126204490661621e-01
2.799565494060516357e-01
2.766212224960327148e-01
2.794720530509948730e-01
2.766212224960327148e-01
2.996657490730285645e-01
2.766212224960327148e-01
3.048335313796997070e-01
2.779298126697540283e-01
3.055409789085388184e-01
2.779298126697540283e-01
2.638881802558898926e-01
2.779298126697540283e-01
3.092856407165527344e-01
2.779298126697540283e-01
2.641510963439941406e-01
2.807181477546691895e-01
2.948116362094879150e-01
2.807181477546691895e-01
2.298592329025268555e-01
2.807181477546691895e-01
2.432482987642288208e-01
2.787939012050628662e-01
2.510680258274078369e-01
2.787939012050628662e-01
2.448451966047286987e-01
2.787939012050628662e-01
3.044093251228332520e-01
2.768123745918273926e-01
2.609509527683258057e-01
2.768123745918273926e-01
2.805706858634948730e-01
2.768123745918273926e-01
3.011467456817626953e-01
2.885197401046752930e-01
2.383419871330261230e-01
2.885197401046752930e-01
1.903066337108612061e-01
2.885197401046752930e-01
2.363077402114868164e-01
2.885197401046752930e-01
2.051476985216140747e-01
2.901058793067932129e-01
2.293544113636016846e-01
2.901058793067932129e-01
2.319536209106445312e-01
2.901058793067932129e-01
2.082114368677139282e-01
2.892811894416809082e-01
2.341472953557968140e-01
2.892811894416809082e-01
2.720658779144287109e-01
2.892811894416809082e-01
2.313788086175918579e-01
2.901643514633178711e-01
2.105859965085983276e-01
2.901643514633178711e-01
2.667938470840454102e-01
2.901643514633178711e-01
2.276626527309417725e-01
2.897209823131561279e-01
2.224866896867752075e-01
2.897209823131561279e-01
2.986157834529876709e-01
2.897209823131561279e-01
2.616819441318511963e-01
2.875654101371765137e-01
2.570761442184448242e-01
2.875654101371765137e-01
2.366623878479003906e-01
2.721770107746124268e-01
1.609816104173660278e-01
2.721770107746124268e-01
1.800900846719741821e-01
2.721770107746124268e-01
2.220808416604995728e-01
2.721770107746124268e-01
2.141069769859313965e-01
2.755766808986663818e-01
1.578655987977981567e-01
2.755766808986663818e-01
1.817438006401062012e-01
2.755766808986663818e-01
1.842782348394393921e-01
2.664968073368072510e-01
1.935569196939468384e-01
2.664968073368072510e-01
2.110825628042221069e-01
2.664968073368072510e-01
1.799539178609848022e-01
2.551958560943603516e-01
2.097634524106979370e-01
2.551958560943603516e-01
1.887616366147994995e-01
2.551958560943603516e-01
3.255775570869445801e-01
2.516099512577056885e-01
1.992920488119125366e-01
2.516099512577056885e-01
1.966461837291717529e-01
2.516099512577056885e-01
2.085927277803421021e-01
2.516119778156280518e-01
2.763219475746154785e-01
2.516119778156280518e-01
2.209088206291198730e-01
2.516119778156280518e-01
2.559818327426910400e-01
2.602657675743103027e-01
2.278150171041488647e-01
2.602657675743103027e-01
2.577409148216247559e-01
2.602657675743103027e-01
2.512438893318176270e-01
2.618015110492706299e-01
2.630807161331176758e-01
2.618015110492706299e-01
2.515792250633239746e-01
2.618015110492706299e-01
2.801729142665863037e-01
2.578330338001251221e-01
2.816434800624847412e-01
2.578330338001251221e-01
2.639705538749694824e-01
2.578330338001251221e-01
2.487110644578933716e-01
2.578330338001251221e-01
2.554047703742980957e-01
2.581105530261993408e-01
2.503786981105804443e-01
2.581105530261993408e-01
2.361841499805450439e-01
2.581105530261993408e-01
2.464285641908645630e-01
2.580331861972808838e-01
3.023163080215454102e-01
2.580331861972808838e-01
2.658454477787017822e-01
2.580331861972808838e-01
2.787033319473266602e-01
2.639496624469757080e-01
2.737422585487365723e-01
2.639496624469757080e-01
2.484568208456039429e-01
2.639496624469757080e-01
2.560346424579620361e-01
2.718990743160247803e-01
2.682229876518249512e-01
2.718990743160247803e-01
2.918025255203247070e-01
2.718990743160247803e-01
2.849824428558349609e-01
2.861251235008239746e-01
2.633048593997955322e-01
2.861251235008239746e-01
2.900571823120117188e-01
2.861251235008239746e-01
2.837993502616882324e-01
2.825757861137390137e-01
3.088332116603851318e-01
2.825757861137390137e-01
2.860011756420135498e-01
2.825757861137390137e-01
2.737115621566772461e-01
2.931950688362121582e-01
3.245213031768798828e-01
2.931950688362121582e-01
3.101310133934020996e-01
2.931950688362121582e-01
3.080375790596008301e-01
2.922288775444030762e-01
2.919827401638031006e-01
2.922288775444030762e-01
3.085126280784606934e-01
2.922288775444030762e-01
3.114531636238098145e-01
2.919043302536010742e-01
2.662964463233947754e-01
2.919043302536010742e-01
2.721128165721893311e-01
2.919043302536010742e-01
2.737465500831604004e-01
2.916262745857238770e-01
3.269953131675720215e-01
2.916262745857238770e-01
3.226385712623596191e-01
2.916262745857238770e-01
3.126147985458374023e-01
2.936785519123077393e-01
2.890277504920959473e-01
2.936785519123077393e-01
3.080593645572662354e-01
2.936785519123077393e-01
3.006131052970886230e-01
2.890922427177429199e-01
2.908767461776733398e-01
2.890922427177429199e-01
2.743200361728668213e-01
2.890922427177429199e-01
2.744888365268707275e-01
2.890922427177429199e-01
2.962262332439422607e-01
2.831740081310272217e-01
3.301788270473480225e-01
2.831740081310272217e-01
2.761328518390655518e-01
2.831740081310272217e-01
2.770306169986724854e-01
2.763817012310028076e-01
2.717003226280212402e-01
2.763817012310028076e-01
2.876614630222320557e-01
2.763817012310028076e-01
2.731054425239562988e-01
2.738492190837860107e-01
2.640227377414703369e-01
2.738492190837860107e-01
2.557474076747894287e-01
2.738492190837860107e-01
2.784917652606964111e-01
2.713446021080017090e-01
2.542169094085693359e-01
2.713446021080017090e-01
2.548338174819946289e-01
2.713446021080017090e-01
2.525673210620880127e-01
2.731590270996093750e-01
2.957881689071655273e-01
2.731590270996093750e-01
2.682416141033172607e-01
2.731590270996093750e-01
2.827187180519104004e-01
2.731590270996093750e-01
2.580144107341766357e-01
2.758628427982330322e-01
2.511922419071197510e-01
2.758628427982330322e-01
2.868087887763977051e-01
2.758628427982330322e-01
2.337710708379745483e-01
2.776538133621215820e-01
2.761140763759613037e-01
2.776538133621215820e-01
2.427979260683059692e-01
2.776538133621215820e-01
2.692626714706420898e-01
2.710309624671936035e-01
2.791328728199005127e-01
2.710309624671936035e-01
2.972168326377868652e-01
2.710309624671936035e-01
2.980605363845825195e-01
2.635677158832550049e-01
2.480865865945816040e-01
2.635677158832550049e-01
2.516703605651855469e-01
2.635677158832550049e-01
2.399940490722656250e-01
2.600547075271606445e-01
2.290988713502883911e-01
2.600547075271606445e-01
2.876756191253662109e-01
2.600547075271606445e-01
2.788136303424835205e-01
2.600547075271606445e-01
2.552925050258636475e-01
2.569778263568878174e-01
2.473873347043991089e-01
2.569778263568878174e-01
2.500844001770019531e-01
2.569778263568878174e-01
2.432849407196044922e-01
2.572626769542694092e-01
2.781870961189270020e-01
2.572626769542694092e-01
2.832172513008117676e-01
2.572626769542694092e-01
2.586132884025573730e-01
2.542789876461029053e-01
2.372796982526779175e-01
2.542789876461029053e-01
2.559887170791625977e-01
2.542789876461029053e-01
2.706710994243621826e-01
2.365205883979797363e-01
2.281877547502517700e-01
2.365205883979797363e-01
2.558263242244720459e-01
2.365205883979797363e-01
2.134516686201095581e-01
2.345767766237258911e-01
2.296862453222274780e-01
2.345767766237258911e-01
2.371390908956527710e-01
2.345767766237258911e-01
2.280832380056381226e-01
2.304830104112625122e-01
2.648688256740570068e-01
2.304830104112625122e-01
2.161309868097305298e-01
2.304830104112625122e-01
2.348373681306838989e-01
2.304830104112625122e-01
2.269772440195083618e-01
2.255028337240219116e-01
1.977714449167251587e-01
2.255028337240219116e-01
2.318636626005172729e-01
2.255028337240219116e-01
2.098328322172164917e-01
2.257097065448760986e-01
2.617514729499816895e-01
2.257097065448760986e-01
2.440436184406280518e-01
2.257097065448760986e-01
2.657071948051452637e-01
2.257097065448760986e-01
2.721628248691558838e-01
2.067099809646606445e-01
2.045325487852096558e-01
2.067099809646606445e-01
2.033869773149490356e-01
2.067099809646606445e-01
2.387175858020782471e-01
1.934751272201538086e-01
1.826641708612442017e-01
1.934751272201538086e-01
2.026552110910415649e-01
1.934751272201538086e-01
1.840693205595016479e-01
1.771054118871688843e-01
2.513401806354522705e-01
1.771054118871688843e-01
2.575668096542358398e-01
1.771054118871688843e-01
1.894664615392684937e-01
1.680417656898498535e-01
1.530929207801818848e-01
1.680417656898498535e-01
2.058325558900833130e-01
1.680417656898498535e-01
1.783424764871597290e-01
1.736244112253189087e-01
1.965436190366744995e-01
1.736244112253189087e-01
2.034251987934112549e-01
1.736244112253189087e-01
2.676602900028228760e-01
1.736244112253189087e-01
2.361113578081130981e-01
1.809886842966079712e-01
1.992958486080169678e-01
1.809886842966079712e-01
2.157608568668365479e-01
1.809886842966079712e-01
1.929587125778198242e-01
1.809886842966079712e-01
1.702871918678283691e-01
1.914297044277191162e-01
1.687560677528381348e-01
1.914297044277191162e-01
1.442116498947143555e-01
1.914297044277191162e-01
1.846160441637039185e-01
1.888720840215682983e-01
1.801385581493377686e-01
1.888720840215682983e-01
1.675088256597518921e-01
1.888720840215682983e-01
1.835635155439376831e-01
1.897167265415191650e-01
1.533708572387695312e-01
1.897167265415191650e-01
1.554344445466995239e-01
1.897167265415191650e-01
2.250764816999435425e-01
1.897167265415191650e-01
1.852641552686691284e-01
1.982685774564743042e-01
1.796177476644515991e-01
1.982685774564743042e-01
1.589754223823547363e-01
1.982685774564743042e-01
1.686702966690063477e-01
1.982685774564743042e-01
1.256002485752105713e-01
1.973484009504318237e-01
2.058014720678329468e-01
1.973484009504318237e-01
1.826047152280807495e-01
1.973484009504318237e-01
2.330775707960128784e-01
1.895925849676132202e-01
1.646900773048400879e-01
1.895925849676132202e-01
2.028142660856246948e-01
1.895925849676132202e-01
2.058787047863006592e-01
1.791834235191345215e-01
1.680147796869277954e-01
1.791834235191345215e-01
1.669781506061553955e-01
1.791834235191345215e-01
1.605700403451919556e-01
1.764049381017684937e-01
1.386848539113998413e-01
1.764049381017684937e-01
1.899070590734481812e-01
1.764049381017684937e-01
1.569120287895202637e-01
1.741413027048110962e-01
1.992874741554260254e-01
1.741413027048110962e-01
1.808627396821975708e-01
1.741413027048110962e-01
2.075157016515731812e-01
1.772016733884811401e-01
2.188443988561630249e-01
1.772016733884811401e-01
2.070227116346359253e-01
1.772016733884811401e-01
2.036908119916915894e-01
1.753116697072982788e-01
1.650186628103256226e-01
1.753116697072982788e-01
1.959485858678817749e-01
1.753116697072982788e-01
1.853504329919815063e-01
1.753116697072982788e-01
1.556688398122787476e-01
1.630975157022476196e-01
1.853587925434112549e-01
1.630975157022476196e-01
1.871335208415985107e-01
1.630975157022476196e-01
1.419870704412460327e-01
1.629231870174407959e-01
1.969336569309234619e-01
1.629231870174407959e-01
1.863086372613906860e-01
1.629231870174407959e-01
1.914343088865280151e-01
1.629231870174407959e-01
1.722779124975204468e-01
1.690547913312911987e-01
1.674688160419464111e-01
1.690547913312911987e-01
1.537773758172988892e-01
1.690547913312911987e-01
1.370654851198196411e-01
1.800741106271743774e-01
1.464747637510299683e-01
1.800741106271743774e-01
1.675626039505004883e-01
1.800741106271743774e-01
1.918720155954360962e-01
1.897640526294708252e-01
1.682942062616348267e-01
1.897640526294708252e-01
1.931856572628021240e-01
1.897640526294708252e-01
1.906093209981918335e-01
1.924137026071548462e-01
1.927875280380249023e-01
1.924137026071548462e-01
1.710072755813598633e-01
1.924137026071548462e-01
2.193505913019180298e-01
1.924137026071548462e-01
2.178526073694229126e-01
1.905205696821212769e-01
2.154956161975860596e-01
1.905205696821212769e-01
2.046404629945755005e-01
1.905205696821212769e-01
2.060212939977645874e-01
1.870792806148529053e-01
1.779404580593109131e-01
1.870792806148529053e-01
1.847807765007019043e-01
1.870792806148529053e-01
2.009467482566833496e-01
1.964144557714462280e-01
1.781541258096694946e-01
1.964144557714462280e-01
2.121084481477737427e-01
1.964144557714462280e-01
2.027334123849868774e-01
1.736539155244827271e-01
1.741702109575271606e-01
1.736539155244827271e-01
1.699725240468978882e-01
1.736539155244827271e-01
1.840207725763320923e-01
1.652615666389465332e-01
1.768592745065689087e-01
1.652615666389465332e-01
1.977463960647583008e-01
1.652615666389465332e-01
1.759965866804122925e-01
1.477725654840469360e-01
1.527801752090454102e-01
1.477725654840469360e-01
1.254516690969467163e-01
1.477725654840469360e-01
1.437122076749801636e-01
1.477725654840469360e-01
1.559958904981613159e-01
1.455617398023605347e-01
1.356169730424880981e-01
1.455617398023605347e-01
1.434374600648880005e-01
1.455617398023605347e-01
1.375794857740402222e-01
1.371248811483383179e-01
1.216109916567802429e-01
1.371248811483383179e-01
1.409525871276855469e-01
1.371248811483383179e-01
1.364515274763107300e-01
1.340757012367248535e-01
1.168413907289505005e-01
1.340757012367248535e-01
1.172029897570610046e-01
1.340757012367248535e-01
1.079946979880332947e-01
1.340757012367248535e-01
1.199425607919692993e-01
1.323113888502120972e-01
1.199270933866500854e-01
1.323113888502120972e-01
1.131951659917831421e-01
1.323113888502120972e-01
1.172020807862281799e-01
1.246056407690048218e-01
1.194889619946479797e-01
1.246056407690048218e-01
1.315361559391021729e-01
1.246056407690048218e-01
1.313032060861587524e-01
1.357422918081283569e-01
1.192531809210777283e-01
1.357422918081283569e-01
1.518874466419219971e-01
1.357422918081283569e-01
1.406173110008239746e-01
1.282852441072463989e-01
7.250268012285232544e-02
1.282852441072463989e-01
9.834951162338256836e-02
1.282852441072463989e-01
1.129707768559455872e-01
1.282852441072463989e-01
8.480449020862579346e-02
1.248893365263938904e-01
1.105638742446899414e-01
1.248893365263938904e-01
1.044905632734298706e-01
1.248893365263938904e-01
9.310553222894668579e-02
9.571451693773269653e-02
8.750812709331512451e-02
9.571451693773269653e-02
1.038451939821243286e-01
9.571451693773269653e-02
8.059579879045486450e-02
7.897407561540603638e-02
6.191915273666381836e-02
7.897407561540603638e-02
7.487279921770095825e-02
7.897407561540603638e-02
5.668447911739349365e-02
7.376274466514587402e-02
1.243781000375747681e-01
7.376274466514587402e-02
7.869222015142440796e-02
7.376274466514587402e-02
8.185411244630813599e-02
6.721635162830352783e-02
1.125895977020263672e-01
6.721635162830352783e-02
4.868886619806289673e-02
6.721635162830352783e-02
6.615123152732849121e-02
6.721635162830352783e-02
6.797761470079421997e-02
4.535598307847976685e-02
6.696782261133193970e-02
4.535598307847976685e-02
1.324903666973114014e-01
4.535598307847976685e-02
5.647614598274230957e-02
3.098472394049167633e-02
5.091000348329544067e-02
3.098472394049167633e-02
5.638596415519714355e-02
3.098472394049167633e-02
2.274503372609615326e-02
2.540913224220275879e-02
3.296057134866714478e-02
2.540913224220275879e-02
-8.508129045367240906e-03
2.540913224220275879e-02
7.702024653553962708e-03
1.858000271022319794e-02
3.890326619148254395e-02
1.858000271022319794e-02
3.602689132094383240e-03
1.858000271022319794e-02
5.406856536865234375e-02
1.858000271022319794e-02
3.713223338127136230e-02
9.855857118964195251e-03
-5.889201536774635315e-03
9.855857118964195251e-03
6.457777321338653564e-02
9.855857118964195251e-03
1.360897906124591827e-02
-6.967486813664436340e-03
3.649192303419113159e-02
-6.967486813664436340e-03
-1.846464350819587708e-03
-6.967486813664436340e-03
4.966465756297111511e-03
-5.661459639668464661e-03
2.577889151871204376e-02
-5.661459639668464661e-03
-1.275848411023616791e-02
-5.661459639668464661e-03
-2.708044834434986115e-02
-5.661459639668464661e-03
4.431219771504402161e-03
-6.449000909924507141e-03
-6.175459176301956177e-02
-6.449000909924507141e-03
-2.362148277461528778e-02
-6.449000909924507141e-03
-2.497266978025436401e-04
-1.228135079145431519e-04
6.136052310466766357e-02
-1.228135079145431519e-04
2.353275008499622345e-02
-1.228135079145431519e-04
-3.033488430082798004e-02
-1.228135079145431519e-04
3.967158123850822449e-02
-1.228135079145431519e-04
2.471722476184368134e-02
-1.228135079145431519e-04
-7.876958698034286499e-04
-4.507904872298240662e-03
-3.706302493810653687e-02
-4.507904872298240662e-03
-5.828773975372314453e-02
-4.507904872298240662e-03
-2.062533237040042877e-02
-4.507904872298240662e-03
1.747841015458106995e-03
-3.274213522672653198e-04
-8.495397120714187622e-02
-3.274213522672653198e-04
2.443221025168895721e-02
-3.274213522672653198e-04
-5.329598486423492432e-02
-3.264453262090682983e-04
-3.467643260955810547e-02
-3.264453262090682983e-04
-6.057778000831604004e-02
-3.264453262090682983e-04
-2.895399741828441620e-02
1.656042411923408508e-03
-4.289510846138000488e-02
1.656042411923408508e-03
2.283862046897411346e-02
1.656042411923408508e-03
-5.230819433927536011e-02
7.747190073132514954e-03
1.918461360037326813e-02
7.747190073132514954e-03
3.137388080358505249e-02
7.747190073132514954e-03
3.805981576442718506e-02
7.747190073132514954e-03
2.330346964299678802e-02
4.001768305897712708e-03
2.585304901003837585e-03
4.001768305897712708e-03
-3.080497123301029205e-02
4.001768305897712708e-03
-4.169103503227233887e-02
4.001768305897712708e-03
-1.507373712956905365e-02
7.794762030243873596e-03
-5.961614847183227539e-02
7.794762030243873596e-03
-1.338557712733745575e-02
7.794762030243873596e-03
-5.362145602703094482e-02
6.319517269730567932e-03
-1.317832060158252716e-02
6.319517269730567932e-03
-3.486636281013488770e-02
6.319517269730567932e-03
-4.728168994188308716e-02
6.815979257225990295e-03
1.586664281785488129e-02
6.815979257225990295e-03
-1.662783324718475342e-05
6.815979257225990295e-03
-4.302687942981719971e-02
1.045122183859348297e-02
-5.885953083634376526e-03
1.045122183859348297e-02
3.825904801487922668e-03
1.045122183859348297e-02
1.419436372816562653e-02
6.997266784310340881e-03
1.278058253228664398e-02
6.997266784310340881e-03
1.456569880247116089e-04
6.997266784310340881e-03
-4.941402003169059753e-03
4.815792664885520935e-03
2.810605429112911224e-02
4.815792664885520935e-03
6.193644553422927856e-02
4.815792664885520935e-03
4.448883980512619019e-02
4.815792664885520935e-03
3.389317542314529419e-02
4.526467993855476379e-03
1.279893703758716583e-02
4.526467993855476379e-03
2.331394143402576447e-02
4.526467993855476379e-03
6.613751873373985291e-03
1.422675885260105133e-02
3.220254927873611450e-02
1.422675885260105133e-02
1.786255650222301483e-02
1.422675885260105133e-02
3.525013476610183716e-02
1.422675885260105133e-02
1.489663310348987579e-02
1.584132947027683258e-02
1.634731702506542206e-02
1.584132947027683258e-02
1.636804826557636261e-02
1.584132947027683258e-02
1.517373509705066681e-02
2.013177238404750824e-02
5.195019394159317017e-02
2.013177238404750824e-02
1.410051435232162476e-02
2.013177238404750824e-02
2.746716327965259552e-02
2.013177238404750824e-02
3.429612144827842712e-02
2.498152852058410645e-02
2.751725912094116211e-02
2.498152852058410645e-02
5.036846548318862915e-02
2.498152852058410645e-02
3.280419483780860901e-02
1.833744905889034271e-02
4.196841269731521606e-02
1.833744905889034271e-02
2.621172182261943817e-02
1.833744905889034271e-02
3.184289485216140747e-02
5.904054269194602966e-03
3.872919082641601562e-02
5.904054269194602966e-03
6.918178871273994446e-03
5.904054269194602966e-03
-1.655226573348045349e-03
5.904054269194602966e-03
1.064843498170375824e-02
2.869224175810813904e-03
1.618882454931735992e-02
2.869224175810813904e-03
-4.134295508265495300e-03
2.869224175810813904e-03
7.344366982579231262e-03
-5.349386483430862427e-04
-5.235696211457252502e-03
-5.349386483430862427e-04
-1.956610009074211121e-03
-5.349386483430862427e-04
-3.537176176905632019e-03
1.868667080998420715e-03
3.606113046407699585e-02
1.868667080998420715e-03
2.196576632559299469e-02
1.868667080998420715e-03
3.087286837399005890e-02
1.868667080998420715e-03
2.960866503417491913e-02
-5.602208897471427917e-03
-1.126794144511222839e-03
-5.602208897471427917e-03
-1.002010889351367950e-02
-5.602208897471427917e-03
1.330198161303997040e-02
-1.293157972395420074e-02
-1.957691274583339691e-02
-1.293157972395420074e-02
-8.267944678664207458e-03
-1.293157972395420074e-02
8.817205205559730530e-03
-1.767950132489204407e-03
1.198457553982734680e-03
-1.767950132489204407e-03
-1.518551073968410492e-02
-1.767950132489204407e-03
1.400595717132091522e-02
-1.767950132489204407e-03
3.808829933404922485e-04
-5.665255710482597351e-03
9.504238143563270569e-03
-5.665255710482597351e-03
2.077613584697246552e-02
-5.665255710482597351e-03
1.352922432124614716e-02
-8.229060098528862000e-03
1.403473876416683197e-02
-8.229060098528862000e-03
-1.030184887349605560e-02
-8.229060098528862000e-03
-1.316888444125652313e-02
-3.620052710175514221e-03
1.521261408925056458e-03
-3.620052710175514221e-03
1.259630545973777771e-03
-3.620052710175514221e-03
1.109364628791809082e-02
8.993415161967277527e-03
2.295765653252601624e-02
8.993415161967277527e-03
1.188780181109905243e-02
8.993415161967277527e-03
1.359617151319980621e-02
-1.761326566338539124e-03
-7.095517590641975403e-03
-1.761326566338539124e-03
1.815682277083396912e-03
-1.761326566338539124e-03
7.115831598639488220e-03
-1.073612831532955170e-02
-5.253532901406288147e-03
-1.073612831532955170e-02
4.224093630909919739e-03
-1.073612831532955170e-02
-1.815394870936870575e-02
-1.073612831532955170e-02
8.996877819299697876e-03
-1.687044091522693634e-02
-1.991757564246654510e-02
-1.687044091522693634e-02
-4.449401050806045532e-02
-1.687044091522693634e-02
-1.643180288374423981e-02
-2.174754627048969269e-02
-2.691054157912731171e-02
-2.174754627048969269e-02
-1.802659966051578522e-02
-2.174754627048969269e-02
-3.175454586744308472e-02
-2.264058776199817657e-02
-4.580799490213394165e-02
-2.264058776199817657e-02
-2.869982831180095673e-02
-2.264058776199817657e-02
-3.033997304737567902e-02
-1.616075821220874786e-02
7.973543554544448853e-02
-1.616075821220874786e-02
-1.788000576198101044e-02
-1.616075821220874786e-02
2.923540771007537842e-03
-1.451485417783260345e-02
-2.049293927848339081e-02
-1.451485417783260345e-02
9.676236659288406372e-04
-1.451485417783260345e-02
-1.774877868592739105e-02
-1.483494229614734650e-02
-4.271811246871948242e-02
-1.483494229614734650e-02
-9.574333205819129944e-03
-1.483494229614734650e-02
5.865948274731636047e-03
-4.143472760915756226e-04
-2.604389004409313202e-02
-4.143472760915756226e-04
-3.221268951892852783e-02
-4.143472760915756226e-04
3.367308527231216431e-02
-4.143472760915756226e-04
-8.009193465113639832e-03
5.693288519978523254e-03
-2.333385311067104340e-02
5.693288519978523254e-03
8.016137406229972839e-03
5.693288519978523254e-03
1.192134059965610504e-02
1.369149051606655121e-02
5.474455654621124268e-03
1.369149051606655121e-02
3.072845377027988434e-02
1.369149051606655121e-02
5.564073100686073303e-03
1.369149051606655121e-02
5.213027819991111755e-03
1.150691322982311249e-02
5.814202129840850830e-02
1.150691322982311249e-02
4.387737810611724854e-02
1.150691322982311249e-02
5.427978932857513428e-02
-1.152829639613628387e-02
1.496337354183197021e-02
-1.152829639613628387e-02
3.755605965852737427e-02
-1.152829639613628387e-02
4.827909916639328003e-02
-1.543227769434452057e-02
4.719926044344902039e-03
-1.543227769434452057e-02
3.740466386079788208e-02
-1.543227769434452057e-02
1.894644834101200104e-02
-6.974620744585990906e-03
9.934848546981811523e-02
-6.974620744585990906e-03
3.294666111469268799e-02
-6.974620744585990906e-03
-3.533450886607170105e-03
-6.310408934950828552e-03
-3.718324750661849976e-02
-6.310408934950828552e-03
4.721278324723243713e-03
-6.310408934950828552e-03
1.333522610366344452e-02
-8.548645302653312683e-03
-1.490253768861293793e-02
-8.548645302653312683e-03
-1.034038327634334564e-02
-8.548645302653312683e-03
9.463563561439514160e-03
1.350287348031997681e-03
-1.835559494793415070e-02
1.350287348031997681e-03
1.175210252404212952e-02
1.350287348031997681e-03
-1.749619655311107635e-02
-5.867630243301391602e-04
-2.599610015749931335e-03
-5.867630243301391602e-04
-9.516788646578788757e-03
-5.867630243301391602e-04
-2.566730789840221405e-02
1.581136137247085571e-03
-1.039238087832927704e-02
1.581136137247085571e-03
-6.492182612419128418e-02
1.581136137247085571e-03
-2.544290386140346527e-02
1.136080175638198853e-02
-4.281452298164367676e-02
1.136080175638198853e-02
-3.452719748020172119e-02
1.136080175638198853e-02
-1.980486325919628143e-02
1.211444102227687836e-02
3.746002912521362305e-04
1.211444102227687836e-02
2.314046956598758698e-02
1.211444102227687836e-02
-6.985573098063468933e-03
6.070157513022422791e-03
2.996481582522392273e-02
6.070157513022422791e-03
5.158601328730583191e-03
6.070157513022422791e-03
4.357879608869552612e-02
1.585055701434612274e-02
6.914760172367095947e-02
1.585055701434612274e-02
3.396796435117721558e-02
1.585055701434612274e-02
1.903278753161430359e-02
1.660409010946750641e-02
-2.480354346334934235e-02
1.660409010946750641e-02
-2.826398238539695740e-03
1.660409010946750641e-02
-1.430141739547252655e-02
1.786855421960353851e-02
-1.796881668269634247e-02
1.786855421960353851e-02
-5.499123036861419678e-02
1.786855421960353851e-02
-6.891591474413871765e-03
1.552585512399673462e-02
5.277829244732856750e-03
1.552585512399673462e-02
-5.822796374559402466e-04
1.552585512399673462e-02
-1.732042618095874786e-02
1.070410758256912231e-02
5.309892818331718445e-03
1.070410758256912231e-02
1.863842085003852844e-02
1.070410758256912231e-02
4.721076786518096924e-02
7.616836577653884888e-03
2.564334683120250702e-02
7.616836577653884888e-03
3.274693340063095093e-02
7.616836577653884888e-03
2.407379001379013062e-01
2.263573557138442993e-02
2.297880128026008606e-03
2.263573557138442993e-02
1.158044114708900452e-02
2.263573557138442993e-02
2.182638831436634064e-02
2.264972776174545288e-02
2.214353345334529877e-02
2.264972776174545288e-02
3.510532528162002563e-02
2.264972776174545288e-02
3.622792661190032959e-02
2.035131305456161499e-02
3.753347694873809814e-02
2.035131305456161499e-02
5.549453198909759521e-02
2.035131305456161499e-02
1.471131108701229095e-02
2.055457979440689087e-02
3.453807532787322998e-02
2.055457979440689087e-02
5.895072221755981445e-02
2.055457979440689087e-02
4.565126448869705200e-02
2.049597725272178650e-02
7.042314112186431885e-02
2.049597725272178650e-02
3.550598770380020142e-02
2.049597725272178650e-02
3.656392171978950500e-02
2.240387722849845886e-02
2.376103401184082031e-02
2.240387722849845886e-02
3.353789076209068298e-02
2.240387722849845886e-02
2.362993918359279633e-02
1.053038239479064941e-02
1.832302100956439972e-02
1.053038239479064941e-02
1.582219451665878296e-02
1.053038239479064941e-02
3.578387945890426636e-02
2.538729459047317505e-04
5.439041182398796082e-03
2.538729459047317505e-04
-1.168819144368171692e-03
2.538729459047317505e-04
2.087898179888725281e-02
4.382001236081123352e-03
-1.633619330823421478e-02
4.382001236081123352e-03
-1.563761197030544281e-02
8.419014513492584229e-03
-9.197479113936424255e-03
8.419014513492584229e-03
9.101647883653640747e-04
8.419014513492584229e-03
-9.915847331285476685e-04
8.419014513492584229e-03
8.204944431781768799e-03
-7.806401699781417847e-04
-6.109638139605522156e-03
-7.806401699781417847e-04
-2.516273222863674164e-02
-7.806401699781417847e-04
5.118177086114883423e-02
-1.522807404398918152e-03
3.987753391265869141e-02
-1.522807404398918152e-03
-1.560734026134014130e-02
-1.522807404398918152e-03
-1.918520592153072357e-02
-4.225106909871101379e-03
-7.664585486054420471e-03
-4.225106909871101379e-03
-1.465858891606330872e-03
-4.225106909871101379e-03
-7.701439782977104187e-03
-4.334146156907081604e-03
-2.633071504533290863e-02
-4.334146156907081604e-03
-3.440210223197937012e-02
-4.334146156907081604e-03
-3.947945684194564819e-02
1.982867717742919922e-03
-3.275145590305328369e-02
1.982867717742919922e-03
5.547648295760154724e-03
1.982867717742919922e-03
-2.410175465047359467e-02
1.982867717742919922e-03
-2.533744089305400848e-02
1.239995658397674561e-02
-1.371940784156322479e-02
1.239995658397674561e-02
9.650724008679389954e-03
1.239995658397674561e-02
6.480352953076362610e-03
1.326353289186954498e-02
6.169514730572700500e-03
1.326353289186954498e-02
-1.977419294416904449e-02
1.326353289186954498e-02
4.150886088609695435e-04
1.326353289186954498e-02
2.073595300316810608e-03
1.274455897510051727e-02
-6.786752492189407349e-04
1.274455897510051727e-02
2.731941081583499908e-02
1.274455897510051727e-02
2.242980711162090302e-02
-6.896574050188064575e-04
1.342182792723178864e-02
-6.896574050188064575e-04
1.404401101171970367e-02
-6.896574050188064575e-04
9.147824719548225403e-03
-7.872903719544410706e-03
-1.124493777751922607e-03
-7.872903719544410706e-03
-9.744036942720413208e-04
-7.872903719544410706e-03
-3.343173861503601074e-02
-7.402686402201652527e-03
-7.766788825392723083e-03
-7.402686402201652527e-03
3.951931372284889221e-03
-7.402686402201652527e-03
-5.016176030039787292e-03
-7.402686402201652527e-03
-2.917224541306495667e-03
-9.784208610653877258e-03
-2.177594788372516632e-02
-9.784208610653877258e-03
-1.111925207078456879e-02
-9.784208610653877258e-03
-1.787710376083850861e-02
-1.949421130120754242e-02
6.091313436627388000e-03
-1.949421130120754242e-02
-1.728703640401363373e-02
-1.949421130120754242e-02
-2.323531918227672577e-02
-3.238252550363540649e-02
-1.754145883023738861e-02
-3.238252550363540649e-02
-3.222014755010604858e-02
-3.238252550363540649e-02
-3.458714485168457031e-02
-3.238252550363540649e-02
-2.996843121945858002e-02
-4.403100162744522095e-02
-2.923942916095256805e-02
-4.403100162744522095e-02
-1.947603188455104828e-02
-4.403100162744522095e-02
-7.121656835079193115e-02
-5.649097263813018799e-02
-2.299101836979389191e-02
-5.649097263813018799e-02
-6.174104660749435425e-02
-5.649097263813018799e-02
-6.114764511585235596e-02
-5.649097263813018799e-02
-6.190145760774612427e-02
-6.521110981702804565e-02
-6.977650523185729980e-02
-6.521110981702804565e-02
-6.060589849948883057e-02
-6.521110981702804565e-02
-5.948907136917114258e-02
-1.029767245054244995e-01
-4.032087326049804688e-02
-1.029767245054244995e-01
-1.024363785982131958e-01
-1.029767245054244995e-01
-1.028619706630706787e-01
-1.029767245054244995e-01
-1.036503463983535767e-01
-1.217166483402252197e-01
-9.838886559009552002e-02
-1.217166483402252197e-01
-9.466535598039627075e-02
-1.217166483402252197e-01
-9.633390605449676514e-02
-1.233542412519454956e-01
-1.084272563457489014e-01
-1.233542412519454956e-01
-1.191966980695724487e-01
-1.233542412519454956e-01
-1.260028034448623657e-01
-1.233542412519454956e-01
-1.016338616609573364e-01
-1.250941008329391479e-01
-1.314217001199722290e-01
-1.250941008329391479e-01
-1.214003860950469971e-01
-1.250941008329391479e-01
-1.290194243192672729e-01
-1.273371130228042603e-01
-1.358345597982406616e-01
-1.273371130228042603e-01
-1.356605142354965210e-01
-1.273371130228042603e-01
-1.325758695602416992e-01
-1.273371130228042603e-01
-1.273586302995681763e-01
-1.264061182737350464e-01
-1.232927292585372925e-01
-1.264061182737350464e-01
-1.215766966342926025e-01
-1.264061182737350464e-01
-1.301368623971939087e-01
-1.287469416856765747e-01
-1.387193351984024048e-01
-1.287469416856765747e-01
-1.199252903461456299e-01
-1.287469416856765747e-01
-1.318738609552383423e-01
-1.260672807693481445e-01
-1.365441530942916870e-01
-1.260672807693481445e-01
-1.337985247373580933e-01
-1.260672807693481445e-01
-1.280926614999771118e-01
-1.255143731832504272e-01
-1.385347694158554077e-01
-1.255143731832504272e-01
-1.158115863800048828e-01
-1.255143731832504272e-01
-1.040403693914413452e-01
-1.243045926094055176e-01
-5.539807677268981934e-02
-1.243045926094055176e-01
-8.477109670639038086e-02
-1.243045926094055176e-01
-6.042265146970748901e-02
-1.267635375261306763e-01
-1.364420801401138306e-01
-1.267635375261306763e-01
-1.572704017162322998e-01
-1.267635375261306763e-01
-1.468169242143630981e-01
-1.278305500745773315e-01
-1.311735063791275024e-01
-1.278305500745773315e-01
-1.350601166486740112e-01
-1.278305500745773315e-01
-1.167938709259033203e-01
-1.278305500745773315e-01
-1.104321777820587158e-01
-1.278812736272811890e-01
-1.534397900104522705e-01
-1.278812736272811890e-01
-1.476001590490341187e-01
-1.278812736272811890e-01
-1.348564177751541138e-01
-1.278796643018722534e-01
-1.141593158245086670e-01
-1.278796643018722534e-01
-1.190060079097747803e-01
-1.278796643018722534e-01
-1.336916685104370117e-01
-1.275652796030044556e-01
-5.230555683374404907e-02
-1.275652796030044556e-01
-8.904048800468444824e-02
-1.275652796030044556e-01
-9.293118119239807129e-02
-1.184459477663040161e-01
-1.406529396772384644e-01
-1.184459477663040161e-01
-1.233337372541427612e-01
-1.184459477663040161e-01
-1.456392556428909302e-01
-1.142660230398178101e-01
-1.386041194200515747e-01
-1.142660230398178101e-01
-1.155381351709365845e-01
-1.142660230398178101e-01
-1.171681582927703857e-01
-1.142660230398178101e-01
-1.367023289203643799e-01
-1.273913234472274780e-01
-1.587291210889816284e-01
-1.273913234472274780e-01
-1.216760128736495972e-01
-1.273913234472274780e-01
-1.236554086208343506e-01
-1.273913234472274780e-01
-1.372587084770202637e-01
-1.255779117345809937e-01
-1.029424220323562622e-01
-1.255779117345809937e-01
-1.105350106954574585e-01
-1.255779117345809937e-01
-1.076741963624954224e-01
-1.273583918809890747e-01
-1.116690188646316528e-01
-1.273583918809890747e-01
-1.298628896474838257e-01
-1.273583918809890747e-01
-1.146913319826126099e-01
-1.261420100927352905e-01
-1.238176971673965454e-01
-1.261420100927352905e-01
-1.198326498270034790e-01
-1.261420100927352905e-01
-9.600652754306793213e-02
-1.261420100927352905e-01
-1.023377627134323120e-01
-1.226693838834762573e-01
-9.871746599674224854e-02
-1.226693838834762573e-01
-9.909139573574066162e-02
-1.226693838834762573e-01
-1.364721506834030151e-01
-1.226306259632110596e-01
-9.482981264591217041e-02
-1.226306259632110596e-01
-1.184859126806259155e-01
-1.226306259632110596e-01
-1.031592488288879395e-01
-1.216616481542587280e-01
-1.280981600284576416e-01
-1.216616481542587280e-01
-7.762322574853897095e-02
-1.216616481542587280e-01
-7.151353359222412109e-02
-1.216616481542587280e-01
-8.018171787261962891e-02
-1.175144761800765991e-01
-1.292403191328048706e-01
-1.175144761800765991e-01
-1.197517663240432739e-01
-1.175144761800765991e-01
-9.383834898471832275e-02
-1.175144761800765991e-01
-1.213349252939224243e-01
-1.175155490636825562e-01
-9.001296758651733398e-02
-1.175155490636825562e-01
-1.101089119911193848e-01
-1.175155490636825562e-01
-1.150148063898086548e-01
-1.175155490636825562e-01
-1.296592503786087036e-01
-1.018517166376113892e-01
-1.032623946666717529e-01
-1.018517166376113892e-01
-8.917871862649917603e-02
-1.018517166376113892e-01
-4.886104911565780640e-02
-1.018517166376113892e-01
-1.014878153800964355e-01
-1.020880192518234253e-01
-8.330871164798736572e-02
-1.020880192518234253e-01
-1.088287085294723511e-01
-1.020880192518234253e-01
-6.758013367652893066e-02
-1.039194017648696899e-01
-9.076530486345291138e-02
-1.039194017648696899e-01
-9.717424213886260986e-02
-1.039194017648696899e-01
-1.031792312860488892e-01
-9.894214570522308350e-02
-1.318756639957427979e-01
-9.894214570522308350e-02
-1.359054148197174072e-01
-9.894214570522308350e-02
-1.618124246597290039e-01
-9.894214570522308350e-02
-1.555427610874176025e-01
-1.106775850057601929e-01
-9.020275622606277466e-02
-1.106775850057601929e-01
-6.876860558986663818e-02
-1.106775850057601929e-01
-1.203916519880294800e-01
-1.041738539934158325e-01
-1.027040183544158936e-01
-1.041738539934158325e-01
-1.007658541202545166e-01
-1.041738539934158325e-01
-5.323196947574615479e-02
-1.033284366130828857e-01
-1.140344738960266113e-01
-1.033284366130828857e-01
-5.239924043416976929e-02
-1.033284366130828857e-01
-1.252701431512832642e-01
-9.962780773639678955e-02
-1.445822566747665405e-01
-9.962780773639678955e-02
-9.967011213302612305e-02
-9.962780773639678955e-02
-1.112975776195526123e-01
-9.962780773639678955e-02
-1.275273859500885010e-01
-9.298179298639297485e-02
-1.631438136100769043e-01
-9.298179298639297485e-02
-1.285904794931411743e-01
-9.298179298639297485e-02
-1.435026377439498901e-01
-7.701485604047775269e-02
-8.371300995349884033e-02
-7.701485604047775269e-02
-1.093020737171173096e-01
-7.701485604047775269e-02
-8.010181784629821777e-02
-7.701485604047775269e-02
-1.075143218040466309e-01
-6.806060671806335449e-02
-8.088260889053344727e-02
-6.806060671806335449e-02
-6.645561009645462036e-02
-6.806060671806335449e-02
-9.101217985153198242e-02
-6.014928221702575684e-02
-4.633386433124542236e-02
-6.014928221702575684e-02
-9.005767852067947388e-02
-6.014928221702575684e-02
-2.414659969508647919e-02
-4.246323555707931519e-02
-6.564308702945709229e-02
-4.246323555707931519e-02
-4.473390430212020874e-02
-4.246323555707931519e-02
-5.497726798057556152e-02
-3.820213675498962402e-02
-3.506612777709960938e-02
-3.820213675498962402e-02
-3.763523697853088379e-02
-3.820213675498962402e-02
-1.263489760458469391e-02
-3.820213675498962402e-02
-4.856912046670913696e-02
-3.048903681337833405e-02
-3.593211621046066284e-02
-3.048903681337833405e-02
-3.393768519163131714e-02
-3.048903681337833405e-02
-7.837717235088348389e-02
-2.299823053181171417e-02
1.016345433890819550e-02
-2.299823053181171417e-02
6.065174192190170288e-02
-2.299823053181171417e-02
-1.224157772958278656e-02
-1.176022179424762726e-02
-1.774650625884532928e-02
-1.176022179424762726e-02
-2.477561123669147491e-02
-1.176022179424762726e-02
-3.059250302612781525e-02
-5.190124735236167908e-03
2.912838011980056763e-02
-5.190124735236167908e-03
5.644708126783370972e-02
-5.190124735236167908e-03
5.634100735187530518e-02
-1.830722577869892120e-02
-6.542576476931571960e-03
-1.830722577869892120e-02
-3.580664098262786865e-02
-1.830722577869892120e-02
-3.623266518115997314e-02
-1.830722577869892120e-02
-8.883202448487281799e-03
-1.632993854582309723e-02
-7.336480543017387390e-03
-1.632993854582309723e-02
1.557111367583274841e-02
-1.632993854582309723e-02
-1.892296411097049713e-02
-2.526183985173702240e-02
-8.918700739741325378e-03
-2.526183985173702240e-02
-2.350409887731075287e-02
-2.526183985173702240e-02
-3.281684219837188721e-02
-2.725189737975597382e-02
-7.335860282182693481e-02
-2.725189737975597382e-02
-5.501610040664672852e-02
-2.725189737975597382e-02
-6.115810945630073547e-03
-2.754106186330318451e-02
-2.669062279164791107e-02
-2.754106186330318451e-02
-6.877882778644561768e-02
-2.754106186330318451e-02
-1.419570483267307281e-02
-2.754106186330318451e-02
-7.195743173360824585e-02
-3.307458013296127319e-02
-3.964955359697341919e-02
-3.307458013296127319e-02
2.207983285188674927e-02
-3.307458013296127319e-02
-3.774617612361907959e-02
-3.307458013296127319e-02
-8.743325248360633850e-03
-3.077203221619129181e-02
-6.414408236742019653e-02
-3.077203221619129181e-02
-4.451103508472442627e-02
-3.077203221619129181e-02
-6.207044422626495361e-02
-1.858632452785968781e-02
-1.792681403458118439e-02
-1.858632452785968781e-02
7.003303617238998413e-02
-1.858632452785968781e-02
6.378243118524551392e-02
-2.628076635301113129e-02
1.901270821690559387e-03
-2.628076635301113129e-02
-4.696519672870635986e-02
-2.628076635301113129e-02
-7.730629295110702515e-02
-2.628076635301113129e-02
-4.588978737592697144e-02
-1.380064152181148529e-02
-7.636567577719688416e-03
-1.380064152181148529e-02
-8.979341015219688416e-03
-1.380064152181148529e-02
-6.833347678184509277e-02
-8.432531729340553284e-03
7.176567614078521729e-02
-8.432531729340553284e-03
2.127468399703502655e-02
-8.432531729340553284e-03
-7.448872551321983337e-03
-7.732005789875984192e-03
1.391422003507614136e-03
-7.732005789875984192e-03
-2.381969802081584930e-02
-7.732005789875984192e-03
1.717405579984188080e-02
-7.732005789875984192e-03
4.041677340865135193e-03
-5.384324118494987488e-03
-3.286202996969223022e-02
-5.384324118494987488e-03
1.965482719242572784e-02
-5.384324118494987488e-03
6.478520110249519348e-03
-4.096174612641334534e-03
4.078689962625503540e-03
-4.096174612641334534e-03
-1.335836015641689301e-02
-4.096174612641334534e-03
2.313885278999805450e-02
-4.096174612641334534e-03
2.075616084039211273e-02
5.428681150078773499e-03
1.380688883364200592e-02
5.428681150078773499e-03
2.378665842115879059e-02
5.428681150078773499e-03
-9.966058656573295593e-03
1.942041143774986267e-02
1.500259339809417725e-01
1.942041143774986267e-02
8.888111263513565063e-02
1.942041143774986267e-02
1.022088080644607544e-01
2.029601857066154480e-02
6.149971485137939453e-02
2.029601857066154480e-02
1.019386500120162964e-01
2.029601857066154480e-02
7.724478840827941895e-02
2.029601857066154480e-02
2.001530118286609650e-02
2.029601857066154480e-02
-2.264959923923015594e-02
2.029601857066154480e-02
-1.967767067253589630e-02
1.253376528620719910e-02
1.241678372025489807e-02
1.253376528620719910e-02
5.468671023845672607e-02
1.253376528620719910e-02
-2.371713705360889435e-02
1.357621699571609497e-02
1.171495951712131500e-02
1.357621699571609497e-02
3.572558611631393433e-02
1.357621699571609497e-02
-5.117801949381828308e-03
1.357621699571609497e-02
6.331991404294967651e-02
-1.676548272371292114e-04
1.950245350599288940e-04
-1.676548272371292114e-04
3.543864935636520386e-02
-1.676548272371292114e-04
-1.710315234959125519e-02
-4.213614389300346375e-03
-1.014564186334609985e-04
-4.213614389300346375e-03
-1.116591505706310272e-02
-4.213614389300346375e-03
-2.003004215657711029e-02
-3.407163545489311218e-03
-1.860908232629299164e-02
-3.407163545489311218e-03
1.922824047505855560e-02
-3.407163545489311218e-03
1.172474958002567291e-02
2.209639176726341248e-03
4.607506841421127319e-02
2.209639176726341248e-03
2.387742139399051666e-02
2.209639176726341248e-03
2.362321689724922180e-02
3.812314942479133606e-03
-3.368456661701202393e-02
3.812314942479133606e-03
-2.294352278113365173e-03
3.812314942479133606e-03
-1.622595451772212982e-02
5.191301926970481873e-03
-1.707566902041435242e-03
5.191301926970481873e-03
-2.447617985308170319e-02
5.191301926970481873e-03
3.607776015996932983e-04
2.001334168016910553e-02
8.387351408600807190e-03
2.001334168016910553e-02
-3.806706517934799194e-04
2.001334168016910553e-02
2.040171436965465546e-02
2.001334168016910553e-02
-3.934970125555992126e-03
1.804103888571262360e-02
6.956732273101806641e-02
1.804103888571262360e-02
2.758653648197650909e-02
1.804103888571262360e-02
7.418343424797058105e-02
1.961526460945606232e-02
1.889100298285484314e-03
1.961526460945606232e-02
3.058796748518943787e-03
1.961526460945606232e-02
-4.985252395272254944e-03
1.773883216083049774e-02
1.567382924258708954e-02
1.773883216083049774e-02
3.535399213433265686e-03
1.773883216083049774e-02
1.774734444916248322e-02
1.960792578756809235e-02
3.301011025905609131e-02
1.960792578756809235e-02
-3.457287326455116272e-03
1.960792578756809235e-02
6.983703002333641052e-03
2.379379235208034515e-02
3.366862237453460693e-02
2.379379235208034515e-02
2.569303475320339203e-02
2.379379235208034515e-02
5.959146469831466675e-02
2.464427985250949860e-02
5.867126956582069397e-02
2.464427985250949860e-02
3.964966535568237305e-02
2.464427985250949860e-02
4.387727379798889160e-02
3.242490440607070923e-02
5.130535364151000977e-02
3.242490440607070923e-02
1.346380077302455902e-02
3.242490440607070923e-02
1.590122096240520477e-02
4.310460388660430908e-02
3.038023971021175385e-02
4.310460388660430908e-02
4.053692519664764404e-02
4.310460388660430908e-02
4.605989903211593628e-02
3.826268762350082397e-02
4.171869903802871704e-02
3.826268762350082397e-02
4.659637063741683960e-02
3.826268762350082397e-02
3.534495830535888672e-02
3.826268762350082397e-02
1.940755359828472137e-02
4.884274303913116455e-02
5.764620751142501831e-02
4.884274303913116455e-02
4.976752400398254395e-02
4.884274303913116455e-02
4.430916905403137207e-02
4.773616790771484375e-02
6.611527502536773682e-02
4.773616790771484375e-02
3.450392931699752808e-02
4.773616790771484375e-02
3.322899341583251953e-02
4.588328301906585693e-02
3.397312015295028687e-02
4.588328301906585693e-02
2.511663548648357391e-02
4.588328301906585693e-02
4.190634191036224365e-02
4.747002571821212769e-02
3.745148330926895142e-02
4.747002571821212769e-02
2.980680949985980988e-02
4.747002571821212769e-02
3.575474768877029419e-02
4.404428601264953613e-02
4.603777825832366943e-02
4.404428601264953613e-02
5.580376833677291870e-02
4.404428601264953613e-02
5.475433915853500366e-02
4.708126187324523926e-02
5.822553485631942749e-02
4.708126187324523926e-02
4.896397143602371216e-02
4.708126187324523926e-02
4.664442688226699829e-02
4.165655374526977539e-02
4.287822544574737549e-02
4.165655374526977539e-02
4.670833051204681396e-02
4.165655374526977539e-02
5.599593371152877808e-02
3.650111705064773560e-02
3.899866342544555664e-02
3.650111705064773560e-02
3.577821701765060425e-02
3.650111705064773560e-02
2.615583129227161407e-02
3.650111705064773560e-02
7.888088002800941467e-03
3.569388389587402344e-02
4.665803164243698120e-02
3.569388389587402344e-02
4.365092515945434570e-02
3.569388389587402344e-02
3.129416704177856445e-02
2.832380123436450958e-02
2.040588669478893280e-02
2.832380123436450958e-02
3.467959910631179810e-02
2.832380123436450958e-02
3.132476657629013062e-02
1.503204740583896637e-02
7.207525894045829773e-03
1.503204740583896637e-02
8.873043581843376160e-03
2.067050524055957794e-02
6.315780803561210632e-03
2.067050524055957794e-02
2.463302202522754669e-02
2.067050524055957794e-02
2.761384285986423492e-02
2.067050524055957794e-02
2.712693251669406891e-02
2.159539796411991119e-02
3.770605474710464478e-02
2.159539796411991119e-02
3.239300847053527832e-02
2.159539796411991119e-02
3.792978823184967041e-02
2.214128337800502777e-02
1.433539576828479767e-02
2.214128337800502777e-02
3.508714586496353149e-02
2.214128337800502777e-02
1.315650530159473419e-02
1.502455957233905792e-02
-4.738839343190193176e-03
1.502455957233905792e-02
3.736440837383270264e-02
1.502455957233905792e-02
3.975171595811843872e-02
1.097504980862140656e-02
8.451828733086585999e-03
1.097504980862140656e-02
-3.137128427624702454e-03
1.097504980862140656e-02
1.513982191681861877e-03
9.791748598217964172e-03
1.053464598953723907e-02
9.791748598217964172e-03
1.430300809442996979e-02
9.791748598217964172e-03
9.247424080967903137e-03
9.791748598217964172e-03
1.169935800135135651e-02
1.087279804050922394e-02
1.116563566029071808e-02
1.087279804050922394e-02
2.082777954638004303e-02
1.087279804050922394e-02
1.010292954742908478e-02
2.420638687908649445e-02
3.227508068084716797e-02
2.420638687908649445e-02
9.279330074787139893e-02
2.420638687908649445e-02
2.691596187651157379e-02
2.420638687908649445e-02
3.899801522493362427e-02
2.420638687908649445e-02
2.708772756159305573e-02
2.748682536184787750e-02
3.171804547309875488e-02
2.748682536184787750e-02
2.170507796108722687e-02
2.748682536184787750e-02
-5.902741104364395142e-04
2.748682536184787750e-02
2.721311524510383606e-03
2.249915339052677155e-02
1.818546839058399200e-02
2.249915339052677155e-02
3.823747858405113220e-03
2.249915339052677155e-02
2.269568108022212982e-02
1.052945293486118317e-02
1.733476109802722931e-02
1.052945293486118317e-02
2.945380099117755890e-02
1.052945293486118317e-02
3.250431269407272339e-02
3.516158089041709900e-03
-1.663873903453350067e-02
3.516158089041709900e-03
5.219200626015663147e-03
3.516158089041709900e-03
1.076595857739448547e-03
8.076308295130729675e-03
9.966233745217323303e-03
8.076308295130729675e-03
1.876818016171455383e-03
8.076308295130729675e-03
1.011965610086917877e-02
5.835292860865592957e-03
1.183246634900569916e-02
5.835292860865592957e-03
1.077155210077762604e-02
5.835292860865592957e-03
8.537489920854568481e-04
5.835292860865592957e-03
1.219502277672290802e-02
2.148051373660564423e-02
1.349655725061893463e-02
2.148051373660564423e-02
2.534091286361217499e-02
2.148051373660564423e-02
2.662458457052707672e-02
2.941150404512882233e-02
2.965501509606838226e-02
2.941150404512882233e-02
5.287560075521469116e-02
2.941150404512882233e-02
4.225204139947891235e-02
3.425885736942291260e-02
3.961835056543350220e-02
3.425885736942291260e-02
3.875985741615295410e-02
3.425885736942291260e-02
5.336383730173110962e-02
2.828048728406429291e-02
3.093577362596988678e-02
2.828048728406429291e-02
4.940339922904968262e-02
2.828048728406429291e-02
6.074782460927963257e-02
3.784690052270889282e-02
4.111562669277191162e-02
3.784690052270889282e-02
3.235101699829101562e-02
3.784690052270889282e-02
4.699225351214408875e-02
3.943526744842529297e-02
1.937644742429256439e-02
3.943526744842529297e-02
3.917585313320159912e-02
3.943526744842529297e-02
6.158225238323211670e-02
3.867925703525543213e-02
3.830554336309432983e-02
3.867925703525543213e-02
3.693755716085433960e-02
3.867925703525543213e-02
1.715239696204662323e-02
3.304432332515716553e-02
2.255432121455669403e-02
3.304432332515716553e-02
6.727639585733413696e-02
3.304432332515716553e-02
8.955420926213264465e-03
3.304432332515716553e-02
6.397466361522674561e-02
2.983135543763637543e-02
1.754816062748432159e-02
2.983135543763637543e-02
5.717490613460540771e-02
2.983135543763637543e-02
2.598833851516246796e-02
2.801592834293842316e-02
-1.225257292389869690e-03
2.801592834293842316e-02
-1.037503592669963837e-02
2.801592834293842316e-02
1.593492366373538971e-02
2.801592834293842316e-02
1.213345862925052643e-02
3.652905672788619995e-02
-2.068811096251010895e-02
3.652905672788619995e-02
1.464810408651828766e-02
3.652905672788619995e-02
4.448667541146278381e-02
3.993859887123107910e-02
-2.642937190830707550e-02
3.993859887123107910e-02
3.630695492029190063e-02
3.993859887123107910e-02
-1.938963122665882111e-02
3.931953758001327515e-02
1.940681599080562592e-02
3.931953758001327515e-02
3.293425589799880981e-02
3.931953758001327515e-02
2.237414382398128510e-02
3.845195472240447998e-02
7.421446964144706726e-03
3.845195472240447998e-02
3.376614302396774292e-02
3.845195472240447998e-02
3.223588317632675171e-02
3.650309145450592041e-02
5.548149347305297852e-02
3.650309145450592041e-02
1.629830338060855865e-02
3.650309145450592041e-02
3.859581798315048218e-02
3.650309145450592041e-02
5.346057936549186707e-02
3.147003799676895142e-02
2.172835357487201691e-02
3.147003799676895142e-02
3.439238667488098145e-02
3.147003799676895142e-02
2.435840107500553131e-02
2.941135875880718231e-02
1.819776557385921478e-02
2.941135875880718231e-02
4.582898318767547607e-02
2.941135875880718231e-02
1.734661869704723358e-02
2.891970612108707428e-02
4.567670077085494995e-02
2.891970612108707428e-02
3.206945955753326416e-02
2.891970612108707428e-02
1.247626356780529022e-02
2.891970612108707428e-02
2.661836333572864532e-02
3.950214385986328125e-02
4.433014243841171265e-02
3.950214385986328125e-02
3.587178885936737061e-02
3.950214385986328125e-02
3.720377385616302490e-02
3.817618638277053833e-02
5.622865632176399231e-03
3.817618638277053833e-02
3.567329049110412598e-02
3.817618638277053833e-02
1.593239791691303253e-02
4.098878800868988037e-02
2.465913258492946625e-02
4.098878800868988037e-02
3.357278183102607727e-03
4.098878800868988037e-02
3.238687664270401001e-02
3.717903792858123779e-02
8.343467488884925842e-03
3.717903792858123779e-02
6.667642295360565186e-02
3.717903792858123779e-02
4.366561770439147949e-02
4.015149176120758057e-02
4.847827553749084473e-02
4.015149176120758057e-02
5.274844914674758911e-02
4.015149176120758057e-02
4.399649798870086670e-02
3.921946883201599121e-02
6.372988969087600708e-02
3.921946883201599121e-02
4.080699384212493896e-02
3.921946883201599121e-02
5.247259140014648438e-02
3.623998910188674927e-02
5.020770430564880371e-02
3.623998910188674927e-02
-6.353538483381271362e-04
3.623998910188674927e-02
3.531926125288009644e-02
3.623998910188674927e-02
4.474413394927978516e-02
3.374983370304107666e-02
2.653411217033863068e-02
3.374983370304107666e-02
3.863264620304107666e-02
3.374983370304107666e-02
3.112231381237506866e-02
2.810155786573886871e-02
7.652540504932403564e-02
2.810155786573886871e-02
4.503383487462997437e-02
2.810155786573886871e-02
1.169960387051105499e-02
1.697829179465770721e-02
4.758169502019882202e-02
1.697829179465770721e-02
3.796122223138809204e-02
1.697829179465770721e-02
1.404560171067714691e-02
1.400844939053058624e-02
5.606977269053459167e-03
1.400844939053058624e-02
3.218133747577667236e-02
1.400844939053058624e-02
8.939849212765693665e-03
4.998559132218360901e-03
8.612783625721931458e-03
4.998559132218360901e-03
-1.099714450538158417e-02
4.998559132218360901e-03
-5.596859380602836609e-03
4.998559132218360901e-03
1.572761125862598419e-02
9.851070120930671692e-03
3.333511948585510254e-02
9.851070120930671692e-03
3.125493228435516357e-02
9.851070120930671692e-03
1.285025849938392639e-03
1.154542528092861176e-02
-3.135507926344871521e-03
1.154542528092861176e-02
3.262216597795486450e-02
1.154542528092861176e-02
1.782153733074665070e-02
1.297270320355892181e-02
4.476351290941238403e-02
1.297270320355892181e-02
-2.730680629611015320e-03
1.297270320355892181e-02
1.666148193180561066e-02
1.297270320355892181e-02
-9.767543524503707886e-04
1.485936902463436127e-02
5.627596750855445862e-03
1.485936902463436127e-02
3.490848839282989502e-02
1.485936902463436127e-02
4.103521257638931274e-02
2.238302119076251984e-02
-1.025000587105751038e-03
2.238302119076251984e-02
4.950951784849166870e-02
2.238302119076251984e-02
4.419230669736862183e-02
2.868815697729587555e-02
3.988154232501983643e-02
2.868815697729587555e-02
4.368159174919128418e-02
2.868815697729587555e-02
1.253709383308887482e-02
2.510254271328449249e-02
1.540848799049854279e-02
2.510254271328449249e-02
6.651375442743301392e-04
2.510254271328449249e-02
4.433684051036834717e-02
2.930331416428089142e-02
5.127418041229248047e-02
2.930331416428089142e-02
7.491215318441390991e-02
2.930331416428089142e-02
8.500550687313079834e-02
3.193382173776626587e-02
4.932846128940582275e-02
3.193382173776626587e-02
1.834073849022388458e-02
3.193382173776626587e-02
1.592988334596157074e-02
3.193382173776626587e-02
1.963292993605136871e-02
3.448380529880523682e-02
4.534533619880676270e-02
3.448380529880523682e-02
3.838084638118743896e-02
3.448380529880523682e-02
4.324354231357574463e-02
3.448380529880523682e-02
7.883428037166595459e-02
3.798344731330871582e-02
9.370552375912666321e-03
3.798344731330871582e-02
4.457282274961471558e-02
3.798344731330871582e-02
4.633127152919769287e-02
