9.712591171264648438e-01 7.897972827777266502e-04 1.941074989736080170e-02 8.540385402739048004e-03
4.583076133712893352e-06 5.615244153887033463e-04 9.994302392005920410e-01 3.681573161884443834e-06
9.998140335083007812e-01 8.889513196663756389e-07 9.691251761978492141e-05 8.823192183626815677e-05
7.425600886344909668e-01 1.985175311565399170e-01 4.555576306302100420e-04 5.846682563424110413e-02
7.210756540298461914e-01 2.247267663478851318e-01 5.750636104494333267e-03 4.844699054956436157e-02
1.824210514314472675e-03 7.857003365643322468e-04 2.264892868697643280e-02 9.747411012649536133e-01
9.976046681404113770e-01 2.064987493213266134e-04 2.186265541240572929e-03 2.483689968357793987e-06
1.636190609133336693e-05 7.971177101135253906e-01 1.921222656965255737e-01 1.074357423931360245e-02
9.954612255096435547e-01 3.873031528200954199e-04 2.756414469331502914e-03 1.395091530866920948e-03
2.085986780002713203e-04 1.449649862479418516e-04 9.995857477188110352e-01 6.066153218853287399e-05
2.178795693907886744e-04 4.765141606330871582e-01 1.604495919309556484e-04 5.231074690818786621e-01
5.527131725102663040e-05 1.571278844494372606e-04 9.956877827644348145e-01 4.099871963262557983e-03
