5.790505747427232563e-05 6.649103015661239624e-02 1.000124728307127953e-03 9.324509501457214355e-01
9.993284940719604492e-01 3.198430567863397300e-05 3.171851567458361387e-04 3.223625826649367809e-04
6.156521267257630825e-04 9.993210434913635254e-01 6.097789810155518353e-05 2.378038288952666335e-06
9.737658500671386719e-01 3.575983864720910788e-04 2.593063436506781727e-05 2.585057355463504791e-02
9.059510827064514160e-01 9.123855084180831909e-02 5.092444553156383336e-06 2.805293537676334381e-03
5.847064894624054432e-04 1.982277899514883757e-04 1.463256627321243286e-01 8.528913855552673340e-01
1.303276419639587402e-02 1.027620048262178898e-03 4.123228043317794800e-02 9.447073340415954590e-01
2.138676427421160042e-05 6.361794930853648111e-06 4.419839978218078613e-01 5.579882860183715820e-01
9.876440763473510742e-01 6.202501390362158418e-05 1.128206029534339905e-02 1.011889195069670677e-03
6.525901699205860496e-05 1.435304056940367445e-06 9.964458942413330078e-01 3.487380687147378922e-03
2.290232852101325989e-02 7.935016602277755737e-02 7.388792000710964203e-04 8.970085978507995605e-01
9.402616024017333984e-01 5.674668774008750916e-02 2.908826805651187897e-03 8.286777301691472530e-05
