2.382204122841358185e-02 8.858711123466491699e-01 1.535874232649803162e-02 7.494813948869705200e-02
3.344078315421938896e-03 9.864991443464532495e-05 6.556685548275709152e-06 9.965507388114929199e-01
1.777001540176570415e-03 9.980813860893249512e-01 8.210947271436452866e-05 5.958447218290530145e-05
8.202025492209941149e-05 2.719562035053968430e-03 9.932718276977539062e-01 3.926539327949285507e-03
9.998005032539367676e-01 3.540699617587961257e-05 5.825797302350110840e-07 1.635118824196979403e-04
9.236392974853515625e-01 4.807690624147653580e-03 5.988982506096363068e-03 6.556399911642074585e-02
1.906019133457448334e-05 9.937918186187744141e-01 4.481059033423662186e-03 1.707972842268645763e-03
1.064145726559218019e-05 9.998570084571838379e-01 8.981757855508476496e-05 4.252911094226874411e-05
9.962846636772155762e-01 3.878957795677706599e-05 1.639967194932978600e-05 3.660068847239017487e-03
9.987531900405883789e-01 1.108174619730561972e-04 8.539163391105830669e-04 2.820657973643392324e-04
1.110575511120259762e-03 3.184209344908595085e-05 6.996607680775923654e-06 9.988505840301513672e-01
2.097299729939550161e-04 9.977266192436218262e-01 2.062669256702065468e-03 9.866697610050323419e-07
