4.643023479729890823e-03 8.537314534187316895e-01 7.632325286976993084e-05 1.415492147207260132e-01
2.026571110036456957e-06 2.165605081245303154e-03 3.123055794276297092e-04 9.975200295448303223e-01
4.500582690525334328e-06 3.912556543946266174e-02 1.235665404237806797e-03 9.596342444419860840e-01
7.278375327587127686e-02 1.994897465920075774e-04 3.195795216015540063e-05 9.269847869873046875e-01
9.184126257896423340e-01 2.702760137617588043e-02 5.066225305199623108e-02 3.897565649822354317e-03
5.379743379307910800e-05 4.016649036202579737e-04 9.995188713073730469e-01 2.565138493082486093e-05
9.890403747558593750e-01 1.202014686896291096e-06 1.079012174159288406e-02 1.682190486462786794e-04
9.957555532455444336e-01 3.612014916143380105e-05 3.485016524791717529e-03 7.233164506033062935e-04
9.443417787551879883e-01 4.955647746101021767e-04 1.832282214309088886e-05 5.514432117342948914e-02
6.137193122413009405e-05 2.895544457715004683e-04 9.995986223220825195e-01 5.039811003371141851e-05
4.998020455241203308e-02 9.493908882141113281e-01 2.250517718493938446e-04 4.037889302708208561e-04
9.998406171798706055e-01 1.561417448101565242e-04 3.138248757750261575e-06 6.913045069723011693e-08
