5.484669429733912693e-08 9.983527660369873047e-01 1.508542391093214974e-05 1.632147352211177349e-03
2.860616632460732944e-06 6.544574280269443989e-04 9.992699027061462402e-01 7.278368138941004872e-05
9.963647723197937012e-01 3.164466004818677902e-03 2.662592742126435041e-04 2.044712600763887167e-04
9.998003244400024414e-01 1.131455792346969247e-04 8.751198038225993514e-06 7.773271499900147319e-05
7.804454071447253227e-05 1.004273537546396255e-03 1.079985639080405235e-03 9.978376626968383789e-01
6.010719516780227423e-06 2.522272097849054262e-06 4.535301122814416885e-04 9.995379447937011719e-01
8.171668276190757751e-03 9.909957647323608398e-01 8.247109944932162762e-04 7.884578735684044659e-06
1.282083831029012799e-04 9.998535513877868652e-01 1.466581579734338447e-05 3.584334763218066655e-06
4.058900958625599742e-05 4.077825578860938549e-04 1.650728336244355887e-06 9.995499253273010254e-01
4.969716655978118069e-07 2.355545802856795490e-05 9.999665617942810059e-01 9.314940143667627126e-06
9.965516328811645508e-01 2.711307723075151443e-03 5.539233097806572914e-04 1.831277768360450864e-04
1.072806553565897048e-04 1.012384818750433624e-04 9.947818517684936523e-01 5.009584594517946243e-03
