5.281162430037511513e-06 9.999118447303771973e-01 8.048137533478438854e-05 2.437555849610362202e-06
6.043948985734459711e-08 9.999836087226867676e-01 1.879434762486198451e-06 1.439448442397406325e-05
6.633917109866160899e-06 4.651668714359402657e-04 1.602517727405938786e-07 9.995279908180236816e-01
7.528818969149142504e-05 3.536164388060569763e-02 7.461069799319375306e-06 9.645555615425109863e-01
1.362739480100572109e-03 9.157313616015017033e-05 9.984695315361022949e-01 7.616059156134724617e-05
2.356958091259002686e-01 2.873980673030018806e-03 8.262194693088531494e-03 7.531679868698120117e-01
1.776495366357266903e-03 3.756894147954881191e-04 9.978424906730651855e-01 5.258211785985622555e-06
4.177221853751689196e-04 4.779678874911041930e-06 7.407711148262023926e-01 2.588063776493072510e-01
6.299069809756474569e-06 9.998684525489807129e-01 2.909006070694886148e-05 9.616125316824764013e-05
9.998650550842285156e-01 1.225851010531187057e-04 2.081482534777023830e-06 1.026293466566130519e-05
9.069505929946899414e-01 4.446076229214668274e-02 4.544188082218170166e-02 3.146746894344687462e-03
3.970008343458175659e-02 3.585065156221389771e-02 1.806678716093301773e-03 9.226426482200622559e-01
