9.910534620285034180e-01 8.387290872633457184e-03 2.223075716756284237e-04 3.369200858287513256e-04
8.584410548210144043e-01 1.412066072225570679e-01 2.463483251631259918e-04 1.060096983565017581e-04
4.881343338638544083e-04 1.177803642349317670e-05 7.004093378782272339e-02 9.294591546058654785e-01
4.115414991974830627e-02 4.114973545074462891e-02 9.174413681030273438e-01 2.547258045524358749e-04
2.031272500753402710e-01 4.344922956079244614e-03 6.776422727853059769e-03 7.857514023780822754e-01
7.343035191297531128e-03 1.009226689347997308e-04 9.312735795974731445e-01 6.128244102001190186e-02
3.648833398983697407e-06 6.655674951616674662e-05 5.810942966490983963e-04 9.993486404418945312e-01
2.857123217836488038e-05 1.435010053683072329e-04 1.083794904843671247e-05 9.998170733451843262e-01
1.189934648573398590e-02 7.246130735438782722e-06 9.655138850212097168e-01 2.257952652871608734e-02
7.011423585936427116e-04 1.855304650962352753e-02 7.948698997497558594e-01 1.858758777379989624e-01
4.285867034923285246e-04 1.230793446302413940e-02 9.458333253860473633e-02 8.926801681518554688e-01
9.995434284210205078e-01 1.576243812451139092e-04 8.895082146409549750e-07 2.980222925543785095e-04
