1.009316401905380189e-04 6.445021368563175201e-03 3.900243245880119503e-05 9.934151172637939453e-01
8.018012158572673798e-04 4.888958483934402466e-02 9.499658346176147461e-01 3.428015625104308128e-04
6.465684855356812477e-04 6.988631188869476318e-02 5.086041637696325779e-04 9.289585351943969727e-01
1.223108964040875435e-03 8.358570188283920288e-02 1.168695744127035141e-02 9.035041928291320801e-01
1.321483254432678223e-01 8.714471012353897095e-02 1.174329593777656555e-01 6.632739901542663574e-01
9.702074527740478516e-01 2.792193368077278137e-02 7.600552180520026013e-06 1.862954813987016678e-03
2.725716149143408984e-05 8.690653443336486816e-01 1.289738866034895182e-04 1.307784318923950195e-01
8.495316142216324806e-04 6.983568309806287289e-04 6.241583469090983272e-05 9.983897209167480469e-01
2.356466575292870402e-05 1.653225695008586626e-06 9.541430472381762229e-07 9.999738931655883789e-01
9.997552037239074707e-01 1.146679569501429796e-04 2.319521081517450511e-05 1.069108329829759896e-04
9.996029138565063477e-01 2.027539267146494240e-05 3.627724654506891966e-04 1.416441045876126736e-05
9.433627724647521973e-01 1.745770103298127651e-03 4.300020464143017307e-06 5.488716065883636475e-02
