4.627265734598040581e-04 6.024915273883379996e-05 9.994504451751708984e-01 2.649823363753966987e-05
5.572388181462883949e-05 1.128950039856135845e-03 2.279920590808615088e-04 9.985873103141784668e-01
1.405667426297441125e-04 9.998407959938049316e-01 3.083028786932118237e-06 1.561787030368577689e-05
2.095863074064254761e-01 1.208696747198700905e-03 7.890662550926208496e-01 1.387532829539850354e-04
1.955594416358508170e-05 4.625122471679787850e-07 9.343186491150845541e-08 9.999798536300659180e-01
6.777303759008646011e-03 9.862586855888366699e-01 6.415745243430137634e-03 5.482404376380145550e-04
4.470239946385845542e-05 7.499872026528464630e-06 9.989584088325500488e-01 9.894528193399310112e-04
1.279302686452865601e-02 1.434430480003356934e-03 9.857648611068725586e-01 7.626769274793332443e-06
2.706623854464851320e-05 4.523247116594575346e-05 9.999275207519531250e-01 1.915259844054162386e-07
3.032503300346434116e-04 9.837458729743957520e-01 1.586902700364589691e-02 8.182302553905174136e-05
2.996237890329211950e-04 2.086181666527409106e-05 9.996683001518249512e-01 1.119194894272368401e-05
2.099913581332657486e-05 2.780717113637365401e-05 1.593228953424841166e-04 9.997918605804443359e-01
