8.304031491279602051e-01 1.638332754373550415e-01 1.513639435870572925e-04 5.612162407487630844e-03
8.493949770927429199e-01 1.038640984916128218e-04 1.501713544130325317e-01 3.298581286799162626e-04
5.143830552697181702e-02 5.052195629104971886e-04 2.931668132077902555e-04 9.477633237838745117e-01
7.897683978080749512e-01 2.471435873303562403e-04 1.222660794155672193e-04 2.098622620105743408e-01
8.436986804008483887e-01 9.377250680699944496e-04 1.544420868158340454e-01 9.215485770255327225e-04
4.242092836648225784e-05 2.258643042296171188e-03 9.976719021797180176e-01 2.709279942791908979e-05
1.910324499476701021e-05 1.782048121094703674e-02 9.816634654998779297e-01 4.969911533407866955e-04
5.772039666771888733e-02 1.408887910656630993e-03 8.133198571158573031e-05 9.407894015312194824e-01
8.135060779750347137e-04 8.503044247627258301e-01 1.477985829114913940e-01 1.083414070308208466e-03
9.807084202766418457e-01 4.993671551346778870e-03 1.425088010728359222e-02 4.704859020421281457e-05
9.748637080192565918e-01 1.210813061334192753e-04 1.369618839817121625e-04 2.487821318209171295e-02
2.070544101297855377e-02 9.654353260993957520e-01 5.658512236550450325e-05 1.380266156047582626e-02
