4.096751508768647909e-04 4.543859686236828566e-04 9.762619137763977051e-01 2.287398651242256165e-02
9.981262683868408203e-01 1.470251940190792084e-03 4.026298411190509796e-04 8.208886015381722245e-07
2.278653718531131744e-02 2.775491520878858864e-05 2.771129645407199860e-02 9.494743943214416504e-01
5.550557489186758175e-06 2.692606940399855375e-04 8.451833309663925320e-06 9.997166991233825684e-01
9.132720530033111572e-03 5.123474635183811188e-03 7.793049793690443039e-03 9.779507517814636230e-01
1.701258224784396589e-05 9.954128861427307129e-01 2.683917409740388393e-04 4.301713779568672180e-03
9.840413331985473633e-01 8.542195428162813187e-05 1.550332177430391312e-02 3.699031949508935213e-04
9.993182420730590820e-01 5.151639925315976143e-04 9.467763106840720866e-07 1.656436361372470856e-04
7.567826658487319946e-03 1.940461248159408569e-02 6.673649549484252930e-01 3.056626021862030029e-01
1.559808697493281215e-05 1.493177842348814011e-03 9.711263119243085384e-04 9.975201487541198730e-01
9.004633128643035889e-02 6.068408489227294922e-01 3.029105365276336670e-01 2.022184926318004727e-04
9.645645618438720703e-01 9.741474787006154656e-05 3.518839552998542786e-02 1.496739132562652230e-04
