3.921294957399368286e-02 1.778808385133743286e-01 1.405559578415704891e-05 7.828921675682067871e-01
1.679796874523162842e-01 6.797873973846435547e-01 9.912363020703196526e-04 1.512417048215866089e-01
9.999071955680847168e-01 4.571181852952577174e-05 1.387769134453264996e-05 3.321030453662388027e-05
7.226610614452511072e-05 1.491779948992189020e-05 9.998932480812072754e-01 1.958668690349441022e-05
7.732620928436517715e-03 3.748191520571708679e-02 1.787803620100021362e-01 7.760051488876342773e-01
1.244549025614105631e-06 1.402442064136266708e-02 9.395377635955810547e-01 4.643663018941879272e-02
9.999166131019592285e-01 4.621982225216925144e-05 4.527719738689484075e-06 3.256375930504873395e-05
9.998865127563476562e-01 1.644473144324365421e-07 4.268649433925020276e-07 1.129138327087275684e-04
4.540016234386712313e-04 9.341977238655090332e-01 2.494226908311247826e-03 6.285409629344940186e-02
7.271631360054016113e-01 5.944317672401666641e-04 2.452446520328521729e-01 2.699775621294975281e-02
2.978021651506423950e-02 7.344636917114257812e-01 2.337142229080200195e-01 2.041883300989866257e-03
8.622215390205383301e-01 1.284931302070617676e-01 8.632743731141090393e-03 6.525312783196568489e-04
