9.987082481384277344e-01 1.195251243188977242e-03 6.028753705322742462e-05 3.627686965046450496e-05
7.792215910740196705e-04 8.805952529655769467e-05 9.989107251167297363e-01 2.219562884420156479e-04
3.829019624390639365e-05 9.729387760162353516e-01 2.667856588959693909e-02 3.443390887696295977e-04
1.035839039832353592e-02 2.461360208690166473e-02 3.659952199086546898e-03 9.613680839538574219e-01
2.294013029313646257e-05 4.056100806337781250e-05 4.110499958187574521e-06 9.999324083328247070e-01
4.262212198227643967e-03 2.175913602113723755e-01 9.413917548954486847e-03 7.687324881553649902e-01
5.048833554610610008e-04 5.738173786085098982e-05 9.993151426315307617e-01 1.225583546329289675e-04
1.663666189415380359e-04 4.753418761538341641e-05 3.676833875942975283e-05 9.997493028640747070e-01
4.751420419779606164e-06 9.996889829635620117e-01 7.764721885905601084e-06 2.984382444992661476e-04
4.070606955792754889e-04 4.891636371612548828e-01 5.029002428054809570e-01 7.529094349592924118e-03
1.666186904003552627e-06 1.205330435186624527e-02 8.605375478509813547e-05 9.878590106964111328e-01
5.666071176528930664e-01 1.359132956713438034e-02 4.156567454338073730e-01 4.144861362874507904e-03
