5.416377007350092754e-06 9.999055862426757812e-01 8.579060522606596351e-05 3.165679345329408534e-06
1.009315252304077148e-03 1.655544638633728027e-01 7.035686820745468140e-02 7.630793452262878418e-01
6.080597449908964336e-05 1.848047190833312925e-06 7.797664962708950043e-03 9.921396970748901367e-01
1.256532222032546997e-02 2.066503614187240601e-01 3.737193066626787186e-03 7.770470976829528809e-01
8.225268125534057617e-01 3.013882413506507874e-02 1.278290711343288422e-02 1.345514804124832153e-01
1.173277618363499641e-03 1.137272338382899761e-03 9.059511423110961914e-01 9.173824638128280640e-02
1.989992888411507010e-04 9.993734955787658691e-01 3.502338659018278122e-04 7.729510252829641104e-05
9.647138118743896484e-01 4.544904455542564392e-03 1.458428334444761276e-03 2.928285859525203705e-02
5.402620299719274044e-04 9.994468688964843750e-01 2.260405608467408456e-06 1.061052716977428645e-05
1.421960632796981372e-06 2.053798016277141869e-05 9.635778951633255929e-06 9.999684095382690430e-01
8.523775818503054325e-07 2.109328960386847029e-07 2.462984411977231503e-07 9.999986886978149414e-01
1.488279104232788086e-01 5.057664513587951660e-01 6.345387373585253954e-05 3.453421592712402344e-01
