1.628513797186315060e-03 6.585448281839489937e-04 9.977097511291503906e-01 3.173414597767987289e-06
1.168191301985643804e-04 9.998498558998107910e-01 3.162210850859992206e-05 1.680627178757276852e-06
7.976720333099365234e-01 1.613847762346267700e-01 7.285500178113579750e-04 4.021461680531501770e-02
1.592024318597395904e-06 9.996317028999328613e-01 3.486057394184172153e-04 1.813093695091083646e-05
9.990762472152709961e-01 6.072073665563948452e-05 7.654704968445003033e-04 9.746028808876872063e-05
9.916045069694519043e-01 5.610054940916597843e-04 3.208500100299715996e-03 4.625973291695117950e-03
9.998161196708679199e-01 4.995348490410833620e-07 1.273802172363502905e-05 1.706723269307985902e-04
6.165302238514414057e-06 6.396695425792131573e-06 9.999847412109375000e-01 2.634570819282089360e-06
1.921125949593260884e-04 6.834959549451014027e-06 3.559740662240074016e-06 9.997975230216979980e-01
9.999512434005737305e-01 1.437522860214812681e-05 9.610334018361754715e-06 2.491554550942964852e-05
7.289661169052124023e-01 2.409673482179641724e-02 2.767240628600120544e-02 2.192647606134414673e-01
7.519617793150246143e-05 9.997934103012084961e-01 1.289762440137565136e-04 2.455497224218561314e-06
