2.118652127683162689e-02 1.218370627611875534e-02 9.664538502693176270e-01 1.759108417900279164e-04
3.223086823709309101e-04 9.648771286010742188e-01 3.318544104695320129e-02 1.615061890333890915e-03
6.316137965768575668e-03 9.929171204566955566e-01 2.775295870378613472e-04 4.892302677035331726e-04
9.995681047439575195e-01 2.012689510593190789e-04 5.004786544304806739e-06 2.256170409964397550e-04
1.635246553632896394e-05 7.828007452189922333e-03 9.921541213989257812e-01 1.488672182858863380e-06
1.122180606216716114e-06 7.024294063739944249e-06 9.999896287918090820e-01 2.250561919936444610e-06
2.626896020956337452e-04 8.190972948796115816e-07 9.996707439422607422e-01 6.571823178092017770e-05
1.043867268890608102e-05 9.999893903732299805e-01 1.663043605049097096e-07 4.046294321824461804e-08
1.643525622785091400e-02 1.722386696201283485e-05 2.848818257916718721e-05 9.835190176963806152e-01
8.140329299521908979e-08 4.606944159490922175e-08 6.556858807016396895e-06 9.999933242797851562e-01
1.131523604271933436e-04 9.992901086807250977e-01 5.964757292531430721e-04 2.114793744567577960e-07
8.838276267051696777e-01 6.977155804634094238e-02 4.639465361833572388e-02 6.188967745401896536e-06
