5.206817604630487040e-06 9.939657449722290039e-01 7.451851706719025970e-05 5.954544991254806519e-03
9.184921383857727051e-01 4.303961060941219330e-03 7.670387625694274902e-02 4.999368102289736271e-04
2.346354631299618632e-05 3.785139648243784904e-03 9.961827397346496582e-01 8.629542207927443087e-06
4.807473487744573504e-06 2.663769526407122612e-03 9.973275065422058105e-01 3.930100774596212432e-06
2.797409069899003953e-05 6.488413214683532715e-01 1.338658928871154785e-01 2.172648608684539795e-01
9.457783102989196777e-01 1.171016227453947067e-02 4.240815714001655579e-02 1.033619264489971101e-04
1.215881183743476868e-01 4.993949458003044128e-02 8.284420967102050781e-01 3.033549182873684913e-05
9.589801430702209473e-01 4.837808955926448107e-04 1.978920074179768562e-03 3.855711594223976135e-02
2.573668723925948143e-03 9.078406691551208496e-01 1.888384926132857800e-03 8.769726008176803589e-02
2.816957235336303711e-01 1.908573359251022339e-01 5.273488759994506836e-01 9.805378067540004849e-05
3.010557964444160461e-03 2.173265209421515465e-03 9.940961599349975586e-01 7.200226536951959133e-04
7.801355677656829357e-04 3.045105040073394775e-01 6.946881413459777832e-01 2.118879274348728359e-05
