1.869170432655664627e-06 4.111348465085029602e-02 2.295937301823869348e-04 9.586549997329711914e-01
3.835164383053779602e-02 9.581150412559509277e-01 2.380809601163491607e-04 3.295293310657143593e-03
1.000034660100936890e-01 8.975417017936706543e-01 2.371431561186909676e-03 8.333803998539224267e-05
7.905698148533701897e-04 1.189271133625879884e-04 7.632423192262649536e-02 9.227662682533264160e-01
6.776218651793897152e-05 7.159629603847861290e-05 9.997392892837524414e-01 1.213150171679444611e-04
3.704410482896491885e-05 4.847017303109169006e-02 9.512373208999633789e-01 2.554605307523161173e-04
1.057632826268672943e-02 2.901591956615447998e-01 6.988044977188110352e-01 4.599892417900264263e-04
4.979955554008483887e-01 5.018188357353210449e-01 1.588456507306545973e-04 2.684353421500418335e-05
9.382180869579315186e-04 3.079498112201690674e-01 7.292874506674706936e-04 6.903827190399169922e-01
8.517221808433532715e-01 1.478895246982574463e-01 2.006760951189789921e-06 3.862570738419890404e-04
1.454459106753347442e-05 2.611149568110704422e-03 1.388922373735113069e-05 9.973604083061218262e-01
6.540047936141490936e-03 4.454722627997398376e-03 2.087095752358436584e-02 9.681342840194702148e-01
