9.985514879226684570e-01 2.316873661811769125e-07 1.413859892636537552e-03 3.447735434747301042e-05
1.069605878001311794e-05 1.473300358156848233e-06 4.963434766978025436e-04 9.994915127754211426e-01
2.185632735490798950e-01 7.193254679441452026e-02 3.366117831319570541e-03 7.061380743980407715e-01
5.087952595204114914e-03 9.757723659276962280e-02 8.969594240188598633e-01 3.753817873075604439e-04
1.942680217325687408e-02 9.454368948936462402e-01 3.511304408311843872e-02 2.325604327779728919e-05
9.997857213020324707e-01 1.653198996791616082e-04 6.954933269298635423e-06 4.203124990453943610e-05
7.194994688034057617e-01 2.679182589054107666e-01 1.216911897063255310e-02 4.131580644752830267e-04
6.087722778320312500e-01 8.728641085326671600e-03 1.383186754537746310e-04 3.823607861995697021e-01
3.380142152309417725e-05 3.797130193561315536e-05 3.454143106937408447e-01 6.545139551162719727e-01
3.273873925209045410e-01 3.176656663417816162e-01 1.466824178351089358e-04 3.548002541065216064e-01
3.683641580209950916e-06 9.998770356178283691e-01 1.150546722783474252e-06 1.181809493573382497e-04
2.724748071614158107e-07 1.206586830448941328e-06 9.999772906303405762e-01 2.128684354829601943e-05
