5.712317652069032192e-04 2.562632039189338684e-02 5.321868811734020710e-04 9.732702970504760742e-01
1.844114996492862701e-02 9.726905263960361481e-04 5.383149255067110062e-05 9.805323481559753418e-01
9.880673289299011230e-01 2.648335183039307594e-03 7.965975964907556772e-05 9.204740636050701141e-03
9.997770190238952637e-01 3.773271600948646665e-05 6.684651907562511042e-06 1.785495405783876777e-04
1.355166659777751192e-05 1.899342169053852558e-03 1.399387565470533445e-05 9.980731606483459473e-01
5.365956894820556045e-05 1.611443003639578819e-03 7.507932782173156738e-01 2.475416511297225952e-01
9.701090455055236816e-01 1.174955163151025772e-03 2.870588749647140503e-02 1.014594545267755166e-05
3.088596165180206299e-01 3.540588542819023132e-02 6.522570848464965820e-01 3.477456746622920036e-03
9.314110502600669861e-05 1.955219486262649298e-04 9.170981938950717449e-04 9.987941980361938477e-01
3.067464567720890045e-02 9.664645791053771973e-01 2.260883338749408722e-03 5.998508422635495663e-04
2.578885992988944054e-03 5.782378502772189677e-05 5.811438895761966705e-04 9.967821240425109863e-01
1.092983526177704334e-03 3.381487727165222168e-01 6.607256531715393066e-01 3.263509643147699535e-05
