4.232206993037834764e-05 9.405495802639052272e-06 1.842689925979357213e-05 9.999298453330993652e-01
5.672028237313497812e-06 2.885512549255508929e-05 5.613293251371942461e-05 9.999093413352966309e-01
8.902980387210845947e-02 5.623864126391708851e-05 2.109370834659785032e-04 9.107030034065246582e-01
9.447233080863952637e-01 6.076291669160127640e-03 7.844067178666591644e-03 4.135635495185852051e-02
9.991809725761413574e-01 8.111761999316513538e-04 2.124724687746493146e-06 5.744519512518309057e-06
3.661465889308601618e-04 3.879782161675393581e-05 7.687800526618957520e-01 2.308149933815002441e-01
9.995354413986206055e-01 2.448780833219643682e-05 4.340881423559039831e-04 5.916533609706675634e-06
8.186490049411077052e-06 2.424213336780667305e-03 2.145382342860102654e-03 9.954221844673156738e-01
2.820538589730858803e-03 1.353384432150050998e-04 9.511416554450988770e-01 4.590245336294174194e-02
4.892813041806221008e-03 2.690899074077606201e-01 6.790124773979187012e-01 4.700474813580513000e-02
9.685169458389282227e-01 2.078374149277806282e-03 2.930029667913913727e-02 1.044644668581895530e-04
8.798084259033203125e-01 2.160735020879656076e-04 1.199454739689826965e-01 3.006514452863484621e-05
