9.980084300041198730e-01 1.863965415395796299e-03 1.084604082279838622e-04 1.917877489177044481e-05
9.963797330856323242e-01 3.390838624909520149e-03 1.446791575290262699e-04 8.480533870169892907e-05
1.537980642751790583e-05 1.148098148405551910e-02 2.769421262200921774e-04 9.882267713546752930e-01
2.348564751446247101e-02 6.871157675050199032e-04 3.662925958633422852e-02 9.391979575157165527e-01
9.983106255531311035e-01 3.238633798900991678e-04 9.769553435035049915e-05 1.267861458472907543e-03
4.221592471003532410e-02 2.506180666387081146e-03 9.546086192131042480e-01 6.692737224511802197e-04
5.535371769838093314e-07 3.231922164559364319e-03 1.083271581592271104e-05 9.967566728591918945e-01
1.340185850858688354e-01 7.925440440885722637e-04 2.495162487030029297e-01 6.156725883483886719e-01
2.399817341938614845e-03 1.436550155631266534e-05 5.979534034850075841e-05 9.975260496139526367e-01
8.269158601760864258e-01 1.484808027744293213e-01 2.818831475451588631e-03 2.178440801799297333e-02
2.060702592134475708e-01 6.463315803557634354e-04 7.932056784629821777e-01 7.769221701892092824e-05
1.938008666038513184e-01 3.081428003497421741e-04 1.362403761595487595e-02 7.922669053077697754e-01
