9.004811048507690430e-01 7.220831234008073807e-03 2.605433692224323750e-04 9.203761816024780273e-02
1.880040317773818970e-01 1.465462846681475639e-03 7.947860956192016602e-01 1.574440486729145050e-02
9.956321716308593750e-01 2.055094519164413214e-04 4.841123591177165508e-04 3.678216366097331047e-03
8.778525590896606445e-01 1.578267692821100354e-04 1.708058640360832214e-03 1.202815175056457520e-01
1.730769574642181396e-01 8.259739279747009277e-01 3.996065061073750257e-05 9.091295069083571434e-04
1.488804817199707031e-03 1.703299698419868946e-03 1.998020149767398834e-02 9.768276810646057129e-01
4.730305518023669720e-04 9.994469881057739258e-01 6.681511422357289121e-06 7.327804632950574160e-05
5.190066099166870117e-01 4.650892913341522217e-01 2.238166052848100662e-03 1.366598904132843018e-02
5.006152150599518791e-07 1.049976781359873712e-04 3.510848386213183403e-03 9.963836073875427246e-01
2.367635369300842285e-01 1.282792363781481981e-04 7.627210021018981934e-01 3.871857770718634129e-04
6.748352898284792900e-04 9.984095692634582520e-01 8.860564557835459709e-04 2.949536064988933504e-05
1.571480184793472290e-03 9.976971745491027832e-01 7.293639355339109898e-04 1.906968350340321194e-06
