2.494077780283987522e-04 2.800166793167591095e-02 9.696006774902343750e-01 2.148245461285114288e-03
9.940931200981140137e-01 1.269356231205165386e-03 2.466000842105131596e-05 4.612794611603021622e-03
2.442980650812387466e-03 9.975300431251525879e-01 1.387778320349752903e-05 1.307522052229614928e-05
1.053323387168347836e-03 9.988663196563720703e-01 7.760656444588676095e-05 2.755117293418152258e-06
1.183086988021386787e-05 2.396877971477806568e-05 9.999448657035827637e-01 1.937001252372283489e-05
1.175849046558141708e-02 1.539430930279195309e-03 7.254206138895824552e-05 9.866294860839843750e-01
9.997404813766479492e-01 1.936717308126389980e-04 6.431381916627287865e-05 1.490315412411291618e-06
1.501035876572132111e-05 9.988363385200500488e-01 1.049906248226761818e-03 9.875722025753930211e-05
4.483450993575388566e-06 1.797700679162517190e-05 7.179116830229759216e-03 9.927984476089477539e-01
6.768914317945018411e-05 9.732003808021545410e-01 5.323149161995388567e-05 2.667869068682193756e-02
6.697331991745159030e-05 9.943126440048217773e-01 1.602685311809182167e-03 4.017729312181472778e-03
9.982407689094543457e-01 1.248574932105839252e-03 2.438500960124656558e-04 2.668186789378523827e-04
