5.297681200318038464e-04 2.370655722916126251e-02 9.748401045799255371e-01 9.235623292624950409e-04
1.370553951710462570e-02 1.171844080090522766e-01 8.647902607917785645e-01 4.319817759096622467e-03
1.361989043653011322e-02 2.726697130128741264e-03 3.406814858317375183e-02 9.495853185653686523e-01
8.213463239371776581e-03 9.917565584182739258e-01 2.943473737104795873e-05 4.281801864181034034e-07
9.995743632316589355e-01 1.278858974274044158e-07 3.457177444943226874e-05 3.909615334123373032e-04
3.310151223558932543e-04 2.017398801399394870e-04 2.857843879610300064e-03 9.966094493865966797e-01
9.799571633338928223e-01 1.799762976588681340e-04 1.968338899314403534e-02 1.794733689166605473e-04
9.955980777740478516e-01 3.685272531583905220e-03 5.864249760634265840e-05 6.579587352462112904e-04
5.715948645956814289e-06 9.999805092811584473e-01 1.098991106118774042e-05 2.732954044404323213e-06
9.850948452949523926e-01 8.329864591360092163e-03 3.339639864861965179e-03 3.235680516809225082e-03
2.056702785193920135e-02 1.027222388074733317e-04 1.660396264924202114e-05 9.793136119842529297e-01
1.543449796736240387e-02 9.841253757476806641e-01 2.425348648102954030e-04 1.975497289095073938e-04
