2.037443406879901886e-02 2.980716712772846222e-02 5.311079439707100391e-04 9.492872953414916992e-01
2.450211672112345695e-03 9.566100835800170898e-01 3.891597688198089600e-02 2.023774199187755585e-03
2.507924288511276245e-02 7.062421739101409912e-02 1.708688139915466309e-01 7.334277033805847168e-01
2.067590132355690002e-02 1.646512560546398163e-02 9.628080725669860840e-01 5.086178862256929278e-05
2.282285095134284347e-06 9.999710321426391602e-01 2.487512028892524540e-05 1.780042566679185256e-06
2.012965160247404128e-05 9.999461174011230469e-01 3.300681419204920530e-05 6.837266255388385616e-07
1.415150761604309082e-01 8.674567192792892456e-02 1.025975070660933852e-04 7.716366648674011230e-01
2.746307000052183867e-04 5.408735480159521103e-03 9.433857202529907227e-01 5.093090981245040894e-02
3.538620891049504280e-03 1.001763375825248659e-04 9.955613613128662109e-01 7.998648798093199730e-04
1.268595951842144132e-04 2.412548810243606567e-01 7.585668563842773438e-01 5.138475535204634070e-05
4.377397149801254272e-02 2.986391336889937520e-05 9.560756087303161621e-01 1.206000233651138842e-04
7.886806270107626915e-05 5.161045491695404053e-02 7.058566808700561523e-01 2.424539178609848022e-01
