8.479712605476379395e-01 1.689232513308525085e-02 1.333422213792800903e-01 1.794288400560617447e-03
1.250697672367095947e-01 3.893715795129537582e-03 1.404083304805681109e-04 8.708961009979248047e-01
5.816898122429847717e-02 1.182046980829909444e-05 9.327717423439025879e-01 9.047522209584712982e-03
5.459193605929613113e-03 1.753815114498138428e-01 1.852330751717090607e-04 8.189741373062133789e-01
2.801802656904328614e-05 8.142945356667041779e-03 3.064025077037513256e-05 9.917984008789062500e-01
1.414988376200199127e-02 8.908103704452514648e-01 9.500212222337722778e-02 3.755368379643186927e-05
9.991996288299560547e-01 1.003407378448173404e-04 3.314811328891664743e-04 3.685909323394298553e-04
9.514333009719848633e-01 4.765934869647026062e-02 1.427191164111718535e-04 7.645619916729629040e-04
2.807912230491638184e-01 4.609662666916847229e-02 6.522341966629028320e-01 2.087796851992607117e-02
1.914726570248603821e-02 1.838732714531943202e-04 3.173692524433135986e-01 6.632996201515197754e-01
2.152623143047094345e-03 9.977781772613525391e-01 5.135745595907792449e-05 1.788107329048216343e-05
5.622852768283337355e-06 3.150354896206408739e-04 3.631548452176502906e-06 9.996756911277770996e-01
