2.138284326065331697e-04 9.695247172203380615e-06 9.991087913513183594e-01 6.676494376733899117e-04
4.771370906382799149e-03 9.946304559707641602e-01 1.504276588093489408e-04 4.477433103602379560e-04
1.928652054630219936e-03 5.671329796314239502e-03 9.922972917556762695e-01 1.027000689646229148e-04
3.690809244289994240e-04 7.892405847087502480e-05 6.715245544910430908e-02 9.323995709419250488e-01
2.368912973906844854e-04 9.996935129165649414e-01 1.483212236053077504e-05 5.481542029883712530e-05
2.547700432842248119e-06 9.998132586479187012e-01 3.951667895307764411e-05 1.446795649826526642e-04
1.017317918012849987e-04 1.360912993550300598e-02 3.649310208857059479e-03 9.826398491859436035e-01
9.999892711639404297e-01 2.871812796456651995e-07 6.199904419190715998e-06 4.298968633520416915e-06
9.078283910639584064e-04 9.990665316581726074e-01 1.679006709309760481e-05 8.904147762223146856e-06
1.356460992246866226e-02 3.041017407667823136e-05 9.815155267715454102e-01 4.889424890279769897e-03
1.352448407487827353e-06 7.937850568850990385e-06 9.996627569198608398e-01 3.279739466961473227e-04
2.658002267708070576e-05 9.840798974037170410e-01 1.579558476805686951e-02 9.795399091672152281e-05
