9.902912974357604980e-01 6.997876334935426712e-03 2.654855605214834213e-03 5.602226519840769470e-05
7.597938529215753078e-04 4.062036518007516861e-03 1.283572167158126831e-01 8.668209314346313477e-01
4.801067407242953777e-04 2.052843774436041713e-05 9.994949698448181152e-01 4.363124844530830160e-06
2.208408340811729431e-02 5.928942118771374226e-04 3.895048797130584717e-02 9.383725523948669434e-01
1.211386993527412415e-01 1.408028947480488569e-05 8.788458108901977539e-01 1.405030729983991478e-06
9.935005307197570801e-01 2.248974633403122425e-04 6.717580981785431504e-05 6.207434460520744324e-03
9.978514909744262695e-01 1.388778327964246273e-03 1.732199598336592317e-04 5.865092971362173557e-04
9.311166405677795410e-01 6.068321526981890202e-04 1.221432629972696304e-02 5.606220662593841553e-02
1.753547280713974033e-06 1.855959635577164590e-05 9.691620107332710177e-06 9.999700188636779785e-01
1.299995779991149902e-01 1.565449386835098267e-01 7.130632400512695312e-01 3.922023752238601446e-04
1.833253353834152222e-01 6.016760380589403212e-06 9.956450201570987701e-03 8.067122101783752441e-01
1.219978556036949158e-01 3.367789031472057104e-04 8.443721383810043335e-02 7.932281494140625000e-01
