8.536440134048461914e-01 2.224194351583719254e-03 8.529741317033767700e-02 5.883437395095825195e-02
9.354840517044067383e-01 1.875136513262987137e-04 2.169467695057392120e-02 4.263378307223320007e-02
2.669977448022109456e-06 9.999544024467468262e-01 4.344893113739090040e-06 3.853035377687774599e-05
8.807262033224105835e-02 1.373768009216291830e-05 2.682396443560719490e-04 9.116453528404235840e-01
1.004161458695307374e-05 2.769326238194480538e-05 9.999567866325378418e-01 5.552755737880943343e-06
5.042299108026782051e-06 9.999024271965026855e-01 4.267004260327666998e-05 4.982324026059359312e-05
9.857065081596374512e-01 1.161678414791822433e-02 2.498522168025374413e-03 1.782121689757332206e-04
3.175950496370205656e-06 2.597515995148569345e-04 4.562454250844893977e-06 9.997325539588928223e-01
1.696617156267166138e-01 6.269125938415527344e-01 4.874680962529964745e-05 2.033768743276596069e-01
2.141330838203430176e-01 7.835044264793395996e-01 2.299488522112369537e-03 6.299237429630011320e-05
2.689103130251169205e-04 2.119809505529701710e-04 2.708580791950225830e-01 7.286610007286071777e-01
7.594150304794311523e-02 9.217039346694946289e-01 2.571930526755750179e-04 2.097315620630979538e-03
