1.167213049484416842e-04 2.782372990623116493e-03 2.120859971910249442e-05 9.970796704292297363e-01
5.529584013856947422e-04 8.132367134094238281e-01 1.861519366502761841e-01 5.839374716742895544e-05
8.911607861518859863e-01 2.665506675839424133e-02 9.929948486387729645e-03 7.225414365530014038e-02
1.198992890749650542e-06 9.995712041854858398e-01 4.246183088980615139e-04 2.944359493994852528e-06
6.817776466050418094e-06 1.737062007123313379e-06 4.368042282294481993e-04 9.995546340942382812e-01
2.206057542935013771e-03 7.088895472406875342e-06 8.124102350848261267e-06 9.977787733078002930e-01
7.581130862236022949e-01 7.448924332857131958e-02 1.666752994060516357e-01 7.222996791824698448e-04
1.010767955449409783e-04 1.819981448352336884e-02 7.891345024108886719e-01 1.925646215677261353e-01
1.467973288526991382e-05 8.284964412450790405e-02 9.145992994308471680e-01 2.536408836022019386e-03
8.870229721069335938e-01 1.698028790997341275e-05 1.128899306058883667e-01 7.004463259363546968e-05
7.154269814491271973e-01 2.807770967483520508e-01 3.306927857920527458e-03 4.890099517069756985e-04
2.749771475791931152e-01 6.876346468925476074e-01 2.403439581394195557e-02 1.335377432405948639e-02
