2.848293166607618332e-03 8.271682858467102051e-01 8.940214291214942932e-03 1.610432267189025879e-01
3.253924427554011345e-03 7.301491498947143555e-02 5.047737155109643936e-03 9.186834096908569336e-01
3.813129663467407227e-02 1.618413329124450684e-01 1.975162420421838760e-03 7.980521917343139648e-01
7.243444997584447265e-05 2.103835868183523417e-05 9.999032616615295410e-01 3.285935008534579538e-06
1.550891829538159072e-05 1.695936771284323186e-05 9.999326467514038086e-01 3.487266440060921013e-05
1.060183644294738770e-01 4.543277323246002197e-01 4.458273906493559480e-05 4.396093487739562988e-01
3.433192381635308266e-03 9.409502148628234863e-02 3.664843738079071045e-03 8.988069891929626465e-01
9.230720400810241699e-01 1.933338535309303552e-05 7.828667730791494250e-05 7.683028280735015869e-02
8.206415077438578010e-05 3.341667252243496478e-05 2.594035549918771721e-06 9.998819828033447266e-01
6.670469883829355240e-04 3.283925179857760668e-04 1.631496697664260864e-01 8.358548879623413086e-01
6.078862497815862298e-06 9.999877810478210449e-01 5.579674962064018473e-06 5.368373194869491272e-07
3.854371607303619385e-04 1.313430257141590118e-03 9.931989908218383789e-01 5.102141294628381729e-03
