9.855365753173828125e-01 6.585836876183748245e-03 1.660956186242401600e-04 7.711441721767187119e-03
9.995870590209960938e-01 2.252894337289035320e-04 2.904112989199347794e-05 1.586253492860123515e-04
2.493836916983127594e-02 2.780220285058021545e-02 2.542359987273812294e-03 9.447171092033386230e-01
9.169372171163558960e-02 6.633644551038742065e-02 9.168504923582077026e-02 7.502847909927368164e-01
1.147586032748222351e-01 8.852159380912780762e-01 1.707561023067682981e-05 8.403383617405779660e-06
6.043810863047838211e-03 4.640892148017883301e-02 2.693575806915760040e-03 9.448536634445190430e-01
9.995984435081481934e-01 2.210221737186657265e-06 3.219972713850438595e-04 7.735926192253828049e-05
5.333445733413100243e-04 2.242346999992150813e-05 6.123324419604614377e-05 9.993829727172851562e-01
2.251511468784883618e-04 7.705882126174401492e-06 3.313218010589480400e-03 9.964539408683776855e-01
2.110663444909732789e-06 2.149043837562203407e-03 6.032427772879600525e-02 9.375245571136474609e-01
1.892797058644646313e-06 2.519436529837548733e-04 4.709089640527963638e-03 9.950370788574218750e-01
9.998734593391418457e-01 2.002511246246285737e-05 1.016072710626758635e-04 4.944103693560464308e-06
