1.458469000681361649e-06 5.666295237460872158e-06 9.971135854721069336e-01 2.879310166463255882e-03
2.305323278051218949e-06 3.409812779864296317e-05 1.084906107280403376e-04 9.998550415039062500e-01
1.774156589817721397e-05 1.509189140051603317e-03 7.441297173500061035e-03 9.910317659378051758e-01
2.501540444791316986e-02 6.236073095351457596e-04 9.731246829032897949e-01 1.236318959854543209e-03
9.928857088088989258e-01 7.027590647339820862e-03 6.453190962929511443e-06 8.020491804927587509e-05
7.523671537637710571e-02 9.222420454025268555e-01 1.891161315143108368e-03 6.300334352999925613e-04
9.998677968978881836e-01 4.497279223869554698e-05 5.386258999351412058e-05 3.336387453600764275e-05
7.703950359427835792e-06 4.415233433974208310e-06 9.981516599655151367e-01 1.836269162595272064e-03
9.994232654571533203e-01 5.685102660208940506e-04 3.885425485350424424e-06 4.428132342582102865e-06
6.617316510528326035e-03 9.927330613136291504e-01 3.145838563796132803e-04 3.350260667502880096e-04
1.673533814027905464e-03 1.317373127676546574e-03 5.118189146742224693e-04 9.964972734451293945e-01
9.998277425765991211e-01 4.120925495953997597e-06 1.173111159005202353e-04 5.078540925751440227e-05
