3.144926449749618769e-05 9.763834896148182452e-07 9.999650716781616211e-01 2.502195911802118644e-06
1.543210091767832637e-04 9.348260238766670227e-03 6.085757922846823931e-05 9.904365539550781250e-01
1.067937337211333215e-04 9.967340230941772461e-01 2.827034331858158112e-04 2.876471960917115211e-03
9.999220967292785645e-01 5.382450763136148453e-05 1.832477209973149002e-05 5.803062322229379788e-06
1.050622358889086172e-05 9.772596955299377441e-01 3.968641249230131507e-05 2.269011363387107849e-02
8.385416003875434399e-05 1.053653662097531196e-07 9.994730949401855469e-01 4.430067783687263727e-04
3.998212605438311584e-07 9.999333620071411133e-01 1.291433636652072892e-05 5.333707667887210846e-05
3.467606802587397397e-05 1.444754016119986773e-04 9.993078708648681641e-01 5.129628698341548443e-04
9.995664954185485840e-01 2.457934606354683638e-04 1.353155239485204220e-04 5.243176929070614278e-05
6.817762186983600259e-05 9.998991489410400391e-01 1.494707134952477645e-06 3.116040534223429859e-05
1.098156717489473522e-04 3.347167512401938438e-05 9.998512268066406250e-01 5.474861154652899131e-06
2.721727287280373275e-05 8.872862963471561670e-06 9.999599456787109375e-01 3.943338469980517402e-06
