8.915987610816955566e-01 4.715168033726513386e-04 1.076206788420677185e-01 3.090168174821883440e-04
9.957479238510131836e-01 1.039581838995218277e-03 3.209349466487765312e-03 3.180072098984965123e-06
4.443887883098796010e-05 4.527769306150730699e-06 9.987348318099975586e-01 1.216232310980558395e-03
1.550973951816558838e-01 2.863345725927501917e-04 8.385760784149169922e-01 6.040166597813367844e-03
1.055999018717557192e-05 9.918112754821777344e-01 7.524962536990642548e-03 6.532648694701492786e-04
9.914115071296691895e-01 3.571446752175688744e-03 5.011889152228832245e-03 5.182775112189119682e-06
8.849542737007141113e-01 8.543575859221164137e-06 7.117690145969390869e-02 4.386032372713088989e-02
9.963771104812622070e-01 3.463549073785543442e-03 1.235329546034336090e-04 3.584170553949661553e-05
2.490671613486483693e-05 2.392502028669696301e-05 9.996650218963623047e-01 2.861377724912017584e-04
9.420385360717773438e-01 8.603300899267196655e-03 4.310321062803268433e-02 6.254937499761581421e-03
1.340368539094924927e-01 1.668852637521922588e-03 1.148869544267654419e-01 7.494072914123535156e-01
5.409394361777231097e-06 1.108511969505343586e-05 9.999663233757019043e-01 1.713047458906657994e-05
