9.059484004974365234e-01 9.374406188726425171e-02 2.982827718369662762e-04 9.295472409576177597e-06
7.641268372535705566e-01 1.386100649833679199e-01 8.997284621000289917e-02 7.290282286703586578e-03
1.410938352346420288e-01 7.370769977569580078e-02 7.451827405020594597e-04 7.844532728195190430e-01
5.624799086945131421e-05 5.446691531687974930e-03 1.586618163855746388e-04 9.943383932113647461e-01
4.460714757442474365e-03 8.610055665485560894e-04 9.946397542953491211e-01 3.851156361633911729e-05
9.040208533406257629e-04 1.257447758689522743e-03 1.824782602488994598e-02 9.795906543731689453e-01
8.860950171947479248e-02 7.971702871145680547e-05 9.074015021324157715e-01 3.909249324351549149e-03
9.503256678581237793e-01 1.249744556844234467e-03 4.733131453394889832e-02 1.093242899514734745e-03
8.419154584407806396e-02 5.765681271441280842e-04 9.141826629638671875e-01 1.049269456416368484e-03
8.255580067634582520e-02 1.441572755575180054e-01 4.619346931576728821e-03 7.686675786972045898e-01
4.331705719232559204e-02 6.499877144960919395e-06 1.011807471513748169e-04 9.565752744674682617e-01
5.452876538038253784e-02 9.264504313468933105e-01 6.255621556192636490e-03 1.276527065783739090e-02
