2.133993984898552299e-05 1.753746182657778263e-03 9.888371229171752930e-01 9.387733414769172668e-03
4.182516422588378191e-04 6.524716809508390725e-06 1.023005135357379913e-02 9.893451929092407227e-01
3.831004505627788603e-06 4.628418901120312512e-05 9.999417066574096680e-01 8.157632692018523812e-06
2.147666877135634422e-03 9.978151917457580566e-01 6.221552666829666123e-06 3.092337283305823803e-05
9.961271882057189941e-01 1.583410153216391336e-06 1.039435301208868623e-05 3.860875265672802925e-03
4.229805199429392815e-06 9.841490282269660383e-06 1.878169132396578789e-04 9.997981190681457520e-01
4.809049642062745988e-05 1.080581132555380464e-04 9.998419284820556641e-01 1.972859081433853135e-06
9.884313941001892090e-01 1.156246941536664963e-02 1.376090267513063736e-06 4.821321908821118996e-06
6.522288313135504723e-04 9.807773828506469727e-01 6.607366376556456089e-04 1.790956780314445496e-02
2.098160475725308061e-04 1.701813744148239493e-06 9.997882246971130371e-01 2.630089284139103256e-07
5.651203682646155357e-04 9.993744492530822754e-01 5.618012892227852717e-06 5.478566527017392218e-05
2.406484600214753300e-05 9.648928046226501465e-01 3.507723659276962280e-02 5.851378773513715714e-06
