1.058668567566201091e-05 3.790620539803057909e-04 9.995944499969482422e-01 1.595001049281563610e-05
7.187221626736572944e-07 8.449697816104162484e-06 9.999905824661254883e-01 1.752696761059269193e-07
1.279305579373613000e-04 9.950703382492065430e-01 4.906327812932431698e-04 4.311172291636466980e-03
9.994362592697143555e-01 1.772189898474607617e-05 2.147347913705743849e-06 5.437851068563759327e-04
7.548132562078535557e-04 3.388831391930580139e-02 1.139970868825912476e-01 8.513597249984741211e-01
9.590839743614196777e-01 3.579807281494140625e-02 4.848234355449676514e-03 2.696146257221698761e-04
1.822890953917521983e-05 8.943716238718479872e-05 1.113590042223222554e-05 9.998812079429626465e-01
1.366102605970809236e-05 9.999595880508422852e-01 9.791689592475449899e-08 2.666251202754210681e-05
9.959790110588073730e-01 9.032093803398311138e-04 5.956077075097709894e-05 3.058139700442552567e-03
7.306204530266313668e-09 2.581114699751196895e-07 9.999850988388061523e-01 1.466153662477154285e-05
5.356882885098457336e-02 9.437466859817504883e-01 4.119648565392708406e-06 2.680441364645957947e-03
2.536160900490358472e-05 2.075802040053531528e-04 9.997257590293884277e-01 4.129904846195131540e-05
