9.999628067016601562e-01 1.073204475687816739e-05 1.079680714610731229e-05 1.568343213875778019e-05
9.957661628723144531e-01 1.457386097172275186e-04 4.083127249032258987e-03 4.984001407137839124e-06
9.099827408790588379e-01 8.942251652479171753e-02 6.593890702788485214e-06 5.881802644580602646e-04
9.041662812232971191e-01 4.646108020097017288e-03 7.528518908657133579e-04 9.043474495410919189e-02
6.255172193050384521e-02 5.970995873212814331e-02 1.821110025048255920e-02 8.595272302627563477e-01
8.838253617286682129e-01 9.682126692496240139e-04 1.151907593011856079e-01 1.572137443872634321e-05
9.774506092071533203e-01 2.182921208441257477e-02 3.865649632643908262e-04 3.336495428811758757e-04
9.070277883438393474e-06 1.059911446645855904e-04 9.998400807380676270e-01 4.486909165279939771e-05
9.999880194664001465e-01 6.935207693459233269e-06 3.970871205183357233e-07 4.602701665135100484e-06
6.935853511095046997e-02 1.291133463382720947e-01 7.925022244453430176e-01 9.025892242789268494e-03
9.997231960296630859e-01 5.983055598335340619e-05 3.280089003965258598e-05 1.841417833929881454e-04
7.106875273166224360e-05 1.385089457035064697e-01 3.853480739053338766e-04 8.610346913337707520e-01
