2.878827415406703949e-02 9.707657098770141602e-01 4.382167535368353128e-04 7.840219950594473630e-06
7.950042486190795898e-01 1.055801185430027544e-04 3.266280691605061293e-04 2.045635432004928589e-01
2.064370550215244293e-03 9.975465536117553711e-01 3.505831700749695301e-04 3.850697976304218173e-05
7.647010497748851776e-03 5.214124685153365135e-04 9.916549921035766602e-01 1.765414053807035089e-04
1.858351170085370541e-04 9.970397353172302246e-01 2.677002223208546638e-03 9.743594273459166288e-05
3.015087258972926065e-06 3.104177885688841343e-04 7.147333235479891300e-06 9.996794462203979492e-01
9.989652633666992188e-01 7.619514944963157177e-04 2.665566862560808659e-04 6.244186806725338101e-06
1.265279762446880341e-02 7.011449430137872696e-03 9.802861213684082031e-01 4.964886829839088023e-05
9.999884366989135742e-01 2.330242296011419967e-06 4.679724497691495344e-06 4.595385689754039049e-06
9.885885119438171387e-01 3.889489562425296754e-06 1.136782579123973846e-02 3.982358612120151520e-05
1.701996978908937308e-07 2.041101652139332145e-06 9.992371797561645508e-01 7.605856517329812050e-04
4.079501195519696921e-06 1.337639218945696484e-06 9.998053908348083496e-01 1.891760621219873428e-04
