1.621635258197784424e-01 3.747177834156900644e-04 1.136248442890064325e-06 8.374605774879455566e-01
8.174149990081787109e-01 2.389048313489183784e-04 4.558467771857976913e-04 1.818901747465133667e-01
5.084505537524819374e-04 8.003228902816772461e-01 5.035317735746502876e-05 1.991182565689086914e-01
7.714931964874267578e-01 2.743773534893989563e-02 1.151283159852027893e-01 8.594077080488204956e-02
2.123364720318932086e-05 5.394477630034089088e-04 9.994221925735473633e-01 1.718569365039002150e-05
4.933906602673232555e-04 1.166772767901420593e-01 8.709221482276916504e-01 1.190726086497306824e-02
7.609020394738763571e-05 8.905485868453979492e-01 8.329043048433959484e-04 1.085423827171325684e-01
6.787556048948317766e-05 7.916795462369918823e-02 6.249218713492155075e-04 9.201393127441406250e-01
8.669791221618652344e-01 1.058351946994662285e-03 4.615789651870727539e-02 8.580456674098968506e-02
2.770203948020935059e-01 7.214252948760986328e-01 1.521048019640147686e-03 3.335197834530845284e-05
9.618695974349975586e-01 3.744813427329063416e-02 1.233946677530184388e-04 5.588743370026350021e-04
3.454836769378744066e-05 3.076588909607380629e-04 9.996511936187744141e-01 6.608704097743611783e-06
