1.532540336484089494e-04 9.993363022804260254e-01 9.002743354358244687e-06 5.014457274228334427e-04
5.619366839528083801e-02 8.745333761908113956e-04 5.265945568680763245e-03 9.376658797264099121e-01
1.006379097816534340e-04 1.386212534271180630e-04 1.535269320011138916e-01 8.462337851524353027e-01
1.916463370434939861e-04 5.018800962716341019e-03 3.007056564092636108e-02 9.647190570831298828e-01
2.751247771084308624e-02 1.497541961725801229e-04 1.064178645610809326e-01 8.659198880195617676e-01
8.049426227807998657e-02 2.690229121071752161e-05 3.573616221547126770e-02 8.837426304817199707e-01
7.811289037817914505e-07 4.652358475141227245e-04 9.995306134223937988e-01 3.356544993948773481e-06
9.102836315832973924e-07 4.285723262000828981e-04 1.095650834031403065e-03 9.984748959541320801e-01
2.303208597004413605e-02 9.278859198093414307e-02 8.801171779632568359e-01 4.062171094119548798e-03
7.238332927227020264e-02 5.534347728826105595e-04 8.223032578825950623e-03 9.188401699066162109e-01
1.909541431814432144e-03 9.980459809303283691e-01 1.601757048774743453e-06 4.289787830202840269e-05
1.622226700419560075e-04 4.063786938786506653e-02 9.796039015054702759e-02 8.612394928932189941e-01
