9.613000154495239258e-01 5.616841008304618299e-05 3.860699012875556946e-02 3.687708885991014540e-05
1.437389524653553963e-03 1.061097756028175354e-01 3.086104698013514280e-04 8.921442031860351562e-01
1.521303802728652954e-01 9.412760846316814423e-03 8.375498056411743164e-01 9.070577216334640980e-04
2.248399518430233002e-02 6.477255374193191528e-02 1.151421945542097092e-02 9.012292027473449707e-01
2.015614183619618416e-03 1.786248758435249329e-03 1.901867333799600601e-03 9.942962527275085449e-01
8.736525177955627441e-01 1.609535072930157185e-03 5.722906440496444702e-02 6.750890612602233887e-02
9.999265074729919434e-01 1.079519279301166534e-05 2.502486313460394740e-05 3.760333129321224988e-05
9.879702925682067871e-01 1.158254873007535934e-02 3.618922710302285850e-05 4.109619185328483582e-04
8.571527600288391113e-01 5.899360257899388671e-05 1.052192819770425558e-04 1.426830887794494629e-01
8.790199160575866699e-01 4.115376505069434643e-04 1.201787367463111877e-01 3.897676069755107164e-04
1.107688876800239086e-04 9.553607014822773635e-06 2.248749951831996441e-04 9.996548295021057129e-01
3.252431284636259079e-03 1.037443216773681343e-04 1.254045741916343104e-06 9.966425895690917969e-01
