9.748159646987915039e-01 5.333687877282500267e-04 8.512994390912353992e-04 2.379946038126945496e-02
9.622801542282104492e-01 3.652682900428771973e-02 8.945727313403040171e-05 1.103540766052901745e-03
2.011256664991378784e-01 4.054149147123098373e-03 1.822803053073585033e-03 7.929973602294921875e-01
7.821238785982131958e-02 2.102037817239761353e-01 5.933228414505720139e-03 7.056506276130676270e-01
8.807185804471373558e-05 1.537507632747292519e-04 2.969001798192039132e-06 9.997552037239074707e-01
8.487377166748046875e-01 1.332781165838241577e-01 1.315600238740444183e-04 1.785260438919067383e-02
1.988648325204849243e-01 7.968670129776000977e-01 3.993893973529338837e-03 2.743322111200541258e-04
1.175066499854438007e-04 1.367439865134656429e-03 2.629387308843433857e-04 9.982520937919616699e-01
1.613022573292255402e-02 9.837172627449035645e-01 6.337269951472990215e-06 1.461127249058336020e-04
8.798660635948181152e-01 3.336741356179118156e-04 5.490729236043989658e-04 1.192511245608329773e-01
1.528106927871704102e-01 8.366501424461603165e-05 8.914768695831298828e-04 8.462141156196594238e-01
9.632722358219325542e-04 1.255532377399504185e-03 1.189881819300353527e-03 9.965913295745849609e-01
