5.168486950424266979e-06 3.749290772248059511e-04 9.989228248596191406e-01 6.970576941967010498e-04
1.079157111234962940e-03 3.893706598319113255e-04 1.830572378821671009e-03 9.967008829116821289e-01
5.816968623548746109e-04 9.994167685508728027e-01 1.339375216957705561e-06 2.564395629178761737e-07
9.980520606040954590e-01 1.901593757793307304e-03 1.295591391681227833e-05 3.340953480801545084e-05
9.612447619438171387e-01 3.360499249538406730e-06 3.750894591212272644e-02 1.242980360984802246e-03
4.955422809871379286e-07 4.001892648375360295e-06 7.705560165049973875e-06 9.999878406524658203e-01
2.444671508783358149e-06 9.997426271438598633e-01 3.115829485977883451e-06 2.517664979677647352e-04
8.004230949154589325e-07 9.972244501113891602e-01 3.890395455528050661e-04 2.385749947279691696e-03
9.901775717735290527e-01 1.015545931295491755e-04 9.553803130984306335e-03 1.670972706051543355e-04
7.842012337277992629e-07 7.807662041159346700e-05 9.943515062332153320e-01 5.569674540311098099e-03
9.998138546943664551e-01 5.785650046163937077e-06 1.679031702224165201e-04 1.248388980457093567e-05
9.998597502708435059e-01 4.054371311212889850e-05 9.135665459325537086e-05 8.409221663896460086e-06
