6.387242674827575684e-02 6.091265822760760784e-04 3.580776101443916559e-04 9.351603984832763672e-01
1.063332310877740383e-04 9.997931718826293945e-01 7.377332804026082158e-05 2.670505455171223730e-05
5.792256561107933521e-04 1.166197216662112623e-05 8.676559082232415676e-05 9.993222951889038086e-01
1.968066245317459106e-01 8.248603343963623047e-02 7.179751396179199219e-01 2.732230816036462784e-03
9.673000574111938477e-01 3.323107375763356686e-05 3.130031377077102661e-02 1.366366632282733917e-03
8.554075844585895538e-03 9.717068672180175781e-01 2.531213220208883286e-03 1.720785535871982574e-02
8.164382597897201777e-05 5.288316309452056885e-02 8.191873431205749512e-01 1.278477758169174194e-01
2.623783349990844727e-01 4.401240963488817215e-03 7.329032421112060547e-01 3.172489232383668423e-04
7.229383587837219238e-01 3.346352279186248779e-02 1.773409843444824219e-01 6.625711172819137573e-02
9.956730604171752930e-01 3.317204769700765610e-03 1.003654091618955135e-03 6.092779130995040759e-06
3.433510137256234884e-04 4.375631760922260582e-05 9.996114969253540039e-01 1.364771719636337366e-06
1.636802591383457184e-02 3.715316532179713249e-03 9.794602990150451660e-01 4.563450347632169724e-04
