2.133592665195465088e-01 7.467830777168273926e-01 6.311370525509119034e-03 3.354614600539207458e-02
8.789488929323852062e-04 1.370488852262496948e-01 1.091236174106597900e-01 7.529485225677490234e-01
8.477245501126162708e-06 9.934397935867309570e-01 6.548849400132894516e-03 2.857193521776935086e-06
2.052624477073550224e-04 6.037419661879539490e-03 9.920450448989868164e-01 1.712177414447069168e-03
1.020350973703898489e-04 9.998924136161804199e-01 1.109539695676176052e-07 5.423375569080235437e-06
2.083958634102600627e-06 9.997919201850891113e-01 1.711230197543045506e-06 2.042102132691070437e-04
9.987668991088867188e-01 1.579365380166564137e-05 1.214317511767148972e-03 2.938217448900104500e-06
9.995139241218566895e-01 1.038933623931370676e-04 3.642779774963855743e-04 1.794706622604280710e-05
9.724195003509521484e-01 3.295866772532463074e-04 2.719150483608245850e-02 5.936703382758423686e-05
9.998624324798583984e-01 8.043251909839455038e-06 1.248131156899034977e-04 4.711871497420361266e-06
9.919382333755493164e-01 5.985934287309646606e-03 1.019557821564376354e-03 1.056299894116818905e-03
9.980610609054565430e-01 5.272514536045491695e-04 1.304505043663084507e-03 1.071223086910322309e-04
