7.239983688123174943e-07 1.904382042994257063e-05 3.297513831057585776e-05 9.999473094940185547e-01
8.143626619130373001e-04 8.237782865762710571e-02 9.168015122413635254e-01 6.275369287322973832e-06
4.119267396163195372e-05 3.389355842955410480e-04 2.926699380623176694e-07 9.996196031570434570e-01
1.539085060358047485e-01 5.290933325886726379e-02 7.931572198867797852e-01 2.492603016435168684e-05
8.600445985794067383e-01 1.385396569967269897e-01 1.362997805699706078e-03 5.275696821627207100e-05
6.664691609330475330e-04 1.627764552831649780e-01 2.080788165330886841e-01 6.284782886505126953e-01
1.606443402124568820e-05 1.149697482105693780e-06 9.999822378158569336e-01 5.627506993732822593e-07
2.564909209468169138e-07 2.522025077666967263e-08 9.999753832817077637e-01 2.431726352369878441e-05
1.815734285628423095e-04 2.133547887206077576e-02 1.137054641731083393e-04 9.783692359924316406e-01
1.755572669208049774e-02 3.566270752344280481e-04 1.983289234340190887e-02 9.622547626495361328e-01
7.837759767426177859e-06 1.148612354882061481e-04 1.585743622854351997e-03 9.982915520668029785e-01
2.438321462250314653e-05 4.524569213390350342e-01 5.474833250045776367e-01 3.542104241205379367e-05
