4.161907127127051353e-04 9.977441430091857910e-01 1.659629378991667181e-05 1.823086058720946312e-03
3.167711383866844699e-06 9.840854406356811523e-01 1.169057759398128837e-05 1.589966192841529846e-02
1.660746347624808550e-04 2.988218329846858978e-02 9.698255062103271484e-01 1.262016157852485776e-04
9.906710386276245117e-01 5.717746447771787643e-03 2.337440149858593941e-03 1.273725531063973904e-03
6.164311344036832452e-05 3.567045132513158023e-05 9.085749479709193110e-05 9.998118281364440918e-01
1.377542794216424227e-04 2.668512985110282898e-03 1.531771267764270306e-03 9.956619739532470703e-01
9.928467869758605957e-01 8.227302168961614370e-05 1.969961449503898621e-03 5.101031623780727386e-03
1.973242964595556259e-03 9.978184700012207031e-01 2.072082716040313244e-04 1.088169938157079741e-06
2.894834778999211267e-06 9.997292160987854004e-01 9.569777466822415590e-05 1.721864100545644760e-04
9.998626708984375000e-01 5.040731412009336054e-05 6.327174105535959825e-06 8.053493365878239274e-05
2.839008266164455563e-05 7.547671998509031255e-08 1.949867055373033509e-06 9.999696612358093262e-01
2.075587864965200424e-03 7.289057248272001743e-04 9.871786236763000488e-01 1.001680549234151840e-02
