1.588539332151412964e-01 1.315911710262298584e-01 5.765816895291209221e-04 7.089782953262329102e-01
2.508622128516435623e-03 9.927480220794677734e-01 3.254861570894718170e-03 1.488504349254071712e-03
1.135326772928237915e-01 8.856636285781860352e-01 7.025208906270563602e-04 1.011716158245690167e-04
9.798774719238281250e-01 3.115154395345598459e-04 2.007721741392742842e-05 1.979090273380279541e-02
7.704567909240722656e-01 8.237209916114807129e-02 2.687172032892704010e-02 1.202994138002395630e-01
7.772948265483137220e-06 8.631082018837332726e-04 7.044692039489746094e-01 2.946599721908569336e-01
1.349041122011840343e-04 2.468828461132943630e-04 9.988163113594055176e-01 8.018905646167695522e-04
9.916479140520095825e-02 8.937544226646423340e-01 1.620646362425759435e-04 6.918741855770349503e-03
7.539594662375748158e-05 2.761852811090648174e-04 9.996222257614135742e-01 2.615245284687262028e-05
9.998311400413513184e-01 4.926263841298350599e-07 1.674524683039635420e-04 9.961138403014047071e-07
7.179794907569885254e-01 3.869107225909829140e-03 1.086775591829791665e-04 2.780426442623138428e-01
9.551694989204406738e-01 1.204123982461169362e-04 1.476072357036173344e-04 4.456248879432678223e-02
