8.913835287094116211e-01 7.241206616163253784e-02 9.363711433252319694e-05 3.611067682504653931e-02
1.198865538754034787e-05 1.777011857484467328e-05 1.710615288175176829e-05 9.999531507492065430e-01
9.353613859275355935e-05 8.031753301620483398e-01 4.258219632902182639e-05 1.966885328292846680e-01
8.964154124259948730e-01 1.027870774269104004e-01 7.525245891883969307e-04 4.494367385632358491e-05
8.097446560859680176e-01 8.678416634211316705e-05 3.928842023015022278e-02 1.508801728487014771e-01
1.286695003509521484e-01 7.610376458615064621e-03 3.166361013427376747e-03 8.605537414550781250e-01
1.690450335445348173e-05 9.544267058372497559e-01 4.543187469244003296e-02 1.245470193680375814e-04
1.028733895509503782e-04 9.998593926429748535e-01 3.044018512809998356e-06 3.475795165286399424e-05
9.988973736763000488e-01 2.132329512960495776e-07 1.075123436748981476e-03 2.731470885919407010e-05
9.893174767494201660e-01 9.565500542521476746e-03 2.255669096484780312e-05 1.094404724426567554e-03
8.941927080741152167e-05 3.460610285401344299e-02 8.637531399726867676e-01 1.015512943267822266e-01
9.922719597816467285e-01 7.222394060590886511e-07 2.643771586008369923e-04 7.462990470230579376e-03
