7.374498061835765839e-03 4.120701923966407776e-02 7.801988720893859863e-02 8.733986020088195801e-01
2.387643908150494099e-04 9.854754209518432617e-01 8.014738559722900391e-04 1.348438207060098648e-02
9.967207312583923340e-01 3.294727357570081949e-04 2.447080099955201149e-03 5.027101142331957817e-04
3.168392460793256760e-03 3.756703436374664307e-02 9.592021107673645020e-01 6.242750532692298293e-05
4.569072552840225399e-05 1.015584202832542360e-04 4.653037990465236362e-07 9.998522996902465820e-01
7.794467965140938759e-04 2.483912394382059574e-04 6.691614538431167603e-02 9.320560097694396973e-01
2.339526638388633728e-02 2.220308524556457996e-04 9.751310944557189941e-01 1.251659821718931198e-03
9.995225667953491211e-01 6.886406481498852372e-05 3.724283014889806509e-04 3.611710417317226529e-05
9.866469502449035645e-01 7.692173676332458854e-05 8.464914280921220779e-04 1.242968440055847168e-02
4.594593346118927002e-01 1.054194942116737366e-01 1.399660541210323572e-04 4.349812269210815430e-01
2.834642231464385986e-01 2.595183998346328735e-02 6.904899477958679199e-01 9.391611092723906040e-05
1.754469412844628096e-04 9.974743127822875977e-01 2.306317212060093880e-03 4.401305341161787510e-05
