2.212758263340219855e-04 6.052995377103798091e-05 9.983682036399841309e-01 1.350045436993241310e-03
9.839224219322204590e-01 2.413235733911278658e-06 1.583552733063697815e-02 2.395673509454354644e-04
8.076376980170607567e-05 9.996178150177001953e-01 2.947860339190810919e-04 6.601821951335296035e-06
5.001256940886378288e-04 9.335958361625671387e-01 1.502353232353925705e-03 6.440175324678421021e-02
1.013421206152997911e-05 5.323385630617849529e-05 9.998130202293395996e-01 1.236482348758727312e-04
2.961326681543141603e-04 1.606991136213764548e-04 9.625644683837890625e-01 3.697874024510383606e-02
5.865152925252914429e-03 1.901039294898509979e-02 3.952212166041135788e-03 9.711722135543823242e-01
9.509910345077514648e-01 4.679948091506958008e-02 7.125276606529951096e-04 1.496864599175751209e-03
1.601447875145822763e-04 9.998241662979125977e-01 5.838398919877363369e-06 9.851618415268603712e-06
7.327345520025119185e-05 9.997646212577819824e-01 1.206975298373436090e-06 1.609257160453125834e-04
3.085762045884621330e-06 1.260545541299507022e-04 9.990907907485961914e-01 7.800937746651470661e-04
4.179921373724937439e-02 7.776805758476257324e-02 6.381159182637929916e-03 8.740515708923339844e-01
