1.307882921537384391e-04 6.825842865509912372e-05 9.997821450233459473e-01 1.880525996966753155e-05
2.679235767573118210e-04 1.191293904412304983e-05 5.422816684585995972e-06 9.997147321701049805e-01
3.798052202910184860e-04 9.789040088653564453e-01 2.046471834182739258e-02 2.515003725420683622e-04
4.421278368681669235e-03 1.787345507182180882e-03 9.936320185661315918e-01 1.593405904714018106e-04
3.016067494172602892e-04 9.754561185836791992e-01 2.982183825224637985e-03 2.126019820570945740e-02
9.734222658153157681e-06 2.298899744346272200e-06 9.999859929084777832e-01 1.978073441932792775e-06
3.506602952256798744e-04 9.971098899841308594e-01 9.809606126509606838e-06 2.529646968469023705e-03
3.261778969317674637e-03 3.959888999816030264e-06 9.210053682327270508e-01 7.572889328002929688e-02
6.377983372658491135e-03 9.935997128486633301e-01 4.272316346032312140e-06 1.804831845220178366e-05
1.131036668084561825e-03 8.682854968355968595e-05 7.552544047939591110e-06 9.987745881080627441e-01
6.191337160998955369e-05 1.589723615325056016e-05 9.996637105941772461e-01 2.584354951977729797e-04
9.889756441116333008e-01 1.493700983701273799e-04 1.081284042447805405e-02 6.218678754521533847e-05
