9.523960947990417480e-01 7.284087478183209896e-04 4.668334871530532837e-02 1.922150549944490194e-04
2.202236559242010117e-03 2.279319800436496735e-03 9.953608512878417969e-01 1.576069043949246407e-04
6.506790220737457275e-02 3.376173600554466248e-02 8.744072318077087402e-01 2.676309831440448761e-02
2.703144855331629515e-05 9.991662502288818359e-01 3.363065188750624657e-04 4.704223538283258677e-04
9.199400544166564941e-01 1.029377835948253050e-05 3.364057093858718872e-02 4.640908911824226379e-02
1.231709122657775879e-02 8.500890135765075684e-01 1.282342821359634399e-01 9.359634481370449066e-03
6.603483110666275024e-02 9.309523105621337891e-01 1.503066755503823515e-06 3.011344233527779579e-03
6.761598051525652409e-04 9.904214143753051758e-01 4.605904221534729004e-03 4.296520259231328964e-03
3.461131200310774148e-06 1.626223706807650160e-06 2.628926595207303762e-04 9.997320175170898438e-01
7.906353857833892107e-06 7.570090703666210175e-03 9.921450018882751465e-01 2.769913407973945141e-04
1.097053661942481995e-01 2.643658990564290434e-05 8.901744484901428223e-01 9.374861838296055794e-05
9.972199768526479602e-05 1.350934058427810669e-02 1.994350604945793748e-04 9.861915111541748047e-01
