7.959070205688476562e-01 2.038336396217346191e-01 1.749661714711692184e-05 2.417654322925955057e-04
1.938792265718802810e-04 9.997719526290893555e-01 2.802311246341560036e-05 6.135191597422817722e-06
1.011331114568747580e-04 3.186688991263508797e-04 9.986559748649597168e-01 9.242472588084638119e-04
4.236961249262094498e-03 1.880438321677502245e-05 9.937801361083984375e-01 1.964143011718988419e-03
5.468120798468589783e-04 9.955366253852844238e-01 3.503483254462480545e-03 4.130829474888741970e-04
5.436967853711394127e-07 7.674164371564984322e-04 1.656709064263850451e-04 9.990663528442382812e-01
9.998989701271057129e-01 9.106830839300528169e-05 3.562477104424033314e-06 6.341394509945530444e-06
1.035265158861875534e-03 9.988459348678588867e-01 1.023187724058516324e-04 1.650061494729015976e-05
1.989040029002353549e-04 1.558665389893576503e-04 1.217184355482459068e-03 9.984280467033386230e-01
5.318656985764391720e-05 9.968913197517395020e-01 3.034966997802257538e-03 2.060263068415224552e-05
9.966327548027038574e-01 2.767124911770224571e-03 2.032258344115689397e-04 3.969424869865179062e-04
9.714238047599792480e-01 3.131301840767264366e-03 2.530794031918048859e-02 1.369899691781029105e-04
