4.833399725612252951e-05 9.887846708297729492e-01 1.095486152917146683e-02 2.121164143318310380e-04
1.591856998857110739e-04 1.164937111752806231e-05 9.997823238372802734e-01 4.690078640123829246e-05
9.843595027923583984e-01 1.817887183278799057e-03 4.451886343304067850e-04 1.337740942835807800e-02
1.402920315740630031e-04 6.458457210101187229e-04 1.601185533218085766e-03 9.976127147674560547e-01
3.084367199335247278e-04 3.025211207568645477e-02 2.090287022292613983e-02 9.485365748405456543e-01
2.581180353899981128e-07 2.061028499156236649e-05 9.999261498451232910e-01 5.299444455886259675e-05
1.028591213980689645e-05 2.165355533361434937e-01 7.834436893463134766e-01 1.049490765581140295e-05
3.125174553133547306e-04 3.762000051210634410e-05 1.837759511545300484e-03 9.978121519088745117e-01
8.834248546918388456e-06 1.185859180986881256e-02 4.818665608763694763e-02 9.399458765983581543e-01
2.461155236233025789e-04 1.014973167912103236e-05 9.997404813766479492e-01 3.269495891800033860e-06
5.466332368087023497e-05 3.930237539861991536e-07 9.998498558998107910e-01 9.507180220680311322e-05
9.998866319656372070e-01 1.080152214854024351e-04 1.063214881469320972e-06 4.312688815844012424e-06
