3.660013154149055481e-02 9.633284211158752441e-01 6.443807797040790319e-05 7.041896878945408389e-06
9.703339934349060059e-01 1.089072320610284805e-03 2.838856726884841919e-02 1.882865763036534190e-04
4.072500087204389274e-05 9.834657907485961914e-01 1.644777134060859680e-02 4.575636194203980267e-05
1.920799165964126587e-02 3.795245429500937462e-04 9.750854969024658203e-01 5.326984915882349014e-03
9.952698945999145508e-01 4.451124928891658783e-03 3.999607997684506699e-06 2.749944396782666445e-04
2.916422772614168935e-06 3.382062539458274841e-03 9.965956211090087891e-01 1.943458664754871279e-05
9.837983846664428711e-01 6.541935727000236511e-03 1.291634747758507729e-03 8.368088863790035248e-03
1.050886977463960648e-02 9.724213480949401855e-01 4.462766228243708611e-04 1.662350259721279144e-02
7.584246191072452348e-07 1.039825656334869564e-04 9.998938441276550293e-01 1.473033307775040157e-06
3.952591214329004288e-04 8.575633728469256312e-06 5.700558423995971680e-02 9.425905942916870117e-01
9.939970970153808594e-01 3.248560009524226189e-03 9.343250421807169914e-04 1.820055767893791199e-03
3.794623189605772495e-04 6.809901969972997904e-05 5.440823733806610107e-04 9.990083575248718262e-01
