9.629238247871398926e-01 4.699254714068956673e-05 1.978588989004492760e-03 3.505057841539382935e-02
1.660039573907852173e-01 2.219178713858127594e-02 1.321499422192573547e-02 7.985892891883850098e-01
1.647192239761352539e-01 6.175143122673034668e-01 1.217487733811140060e-04 2.176446616649627686e-01
1.105968728661537170e-01 4.502561932895332575e-05 8.823408279567956924e-06 8.893493413925170898e-01
1.266069593839347363e-03 6.827004998922348022e-02 1.538438482384663075e-05 9.304485321044921875e-01
6.892042438266798854e-05 6.763368379324674606e-03 8.057146668434143066e-01 1.874530315399169922e-01
1.221534057549433783e-05 1.163508932222612202e-05 9.999153614044189453e-01 6.077121361158788204e-05
9.991407394409179688e-01 5.041539679950801656e-06 3.766965528484433889e-04 4.775283741764724255e-04
1.006975162454182282e-05 9.999465346336364746e-01 2.086580389004666358e-05 2.255164145026355982e-05
9.048663778230547905e-04 1.280386350117623806e-03 2.912704944610595703e-01 7.065442800521850586e-01
7.332640290260314941e-01 7.225562876556068659e-05 2.664915323257446289e-01 1.721389999147504568e-04
2.491677296347916126e-04 6.422682106494903564e-02 2.462921440601348877e-01 6.892318725585937500e-01
