2.423075726255774498e-03 8.926746249198913574e-01 1.048187315464019775e-01 8.364551467821002007e-05
1.969797350466251373e-02 1.426412016153335571e-01 9.337729960680007935e-02 7.442834973335266113e-01
1.199978813529014587e-01 1.377313435077667236e-01 2.129363827407360077e-02 7.209771871566772461e-01
2.860140812117606401e-04 8.583815395832061768e-02 3.107879365416010842e-06 9.138727188110351562e-01
4.180403720965841785e-06 1.376040700051817112e-06 9.999867081642150879e-01 7.710254976700525731e-06
1.765171327861025929e-05 8.890753984451293945e-01 7.513178884983062744e-02 3.577512502670288086e-02
1.899379887618124485e-03 2.501400558685418218e-05 1.664840616285800934e-02 9.814271926879882812e-01
1.057290864991955459e-04 2.779754996299743652e-01 1.307065016590058804e-03 7.206117510795593262e-01
9.850795865058898926e-01 4.066813744429964572e-06 8.717610035091638565e-05 1.482910383492708206e-02
4.520360671449452639e-04 2.615893492475152016e-03 7.290094494819641113e-01 2.679225802421569824e-01
1.104933762690052390e-04 4.279457789380103350e-05 6.026912014931440353e-03 9.938197731971740723e-01
2.942213905043900013e-04 9.745678305625915527e-01 3.449823270784690976e-05 2.510337345302104950e-02
