1.579785589456150774e-06 4.867973984801210463e-06 1.511366690465365537e-06 9.999920129776000977e-01
9.999811053276062012e-01 9.942458746081683785e-06 4.718590844277059659e-06 4.173699835519073531e-06
1.537949856356135570e-07 6.910193769726902246e-05 1.305392913764080731e-07 9.999306201934814453e-01
7.630108739249408245e-04 5.505242198705673218e-02 9.435724020004272461e-01 6.121905171312391758e-04
9.608953595161437988e-01 2.837812714278697968e-02 2.556735125835984945e-04 1.047089137136936188e-02
6.513193845748901367e-01 2.483429759740829468e-01 3.197239420842379332e-04 1.000179275870323181e-01
1.051285144058056176e-04 6.420141289709135890e-05 3.258673814343637787e-06 9.998273849487304688e-01
7.998627424240112305e-01 3.608196129789575934e-05 6.227355450391769409e-02 1.378276348114013672e-01
4.703803360462188721e-02 2.096374191751237959e-05 1.977091655135154724e-03 9.509639143943786621e-01
5.531658189283916727e-07 9.998836517333984375e-01 1.076818307410576381e-06 1.147182774730026722e-04
3.059684240724891424e-05 9.999285936355590820e-01 3.733329504029825330e-05 3.489267555778496899e-06
4.163801074028015137e-01 4.194453358650207520e-04 1.123984977602958679e-01 4.708019495010375977e-01
