1.869358811745769344e-06 9.837411344051361084e-03 9.901475310325622559e-01 1.322262323810718954e-05
9.942525625228881836e-01 5.534490570425987244e-03 5.857058113178936765e-06 2.070977934636175632e-04
2.297135069966316223e-03 3.486142493784427643e-03 1.412700221408158541e-04 9.940755367279052734e-01
9.831167990341782570e-04 2.231992548331618309e-04 9.987176656723022461e-01 7.597145304316654801e-05
9.933686852455139160e-01 3.052100873901508749e-05 1.212627612403593957e-04 6.479491479694843292e-03
9.797640814213082194e-05 9.998193979263305664e-01 5.882533878320828080e-05 2.379497345827985555e-05
9.896246194839477539e-01 2.262183465063571930e-03 7.947282865643501282e-03 1.658595137996599078e-04
9.361956268548965454e-03 1.686629548203200102e-05 1.000014482997357845e-03 9.896211624145507812e-01
8.976883888244628906e-01 9.811498969793319702e-02 3.511658869683742523e-03 6.850219215266406536e-04
8.848419785499572754e-01 1.887362850538920611e-05 7.026215642690658569e-02 4.487698152661323547e-02
3.478238824754953384e-03 9.928787946701049805e-01 3.331549232825636864e-03 3.114329883828759193e-04
7.126983837224543095e-05 9.769669175148010254e-01 2.290229685604572296e-02 5.956033419352024794e-05
