5.672308034263551235e-04 3.944498530472628772e-06 9.617305397987365723e-01 3.769825771450996399e-02
1.819047331809997559e-02 5.322135402821004391e-04 7.539860234828665853e-05 9.812019467353820801e-01
3.401238238438963890e-03 9.959152340888977051e-01 1.027695107040926814e-04 5.807291599921882153e-04
1.702150825622084085e-06 9.999610185623168945e-01 2.965170278912410140e-05 7.637058843101840466e-06
2.786173718050122261e-03 7.930983556434512138e-04 9.582032216712832451e-04 9.954624772071838379e-01
9.737653136253356934e-01 1.210667309351265430e-03 2.325144123460631818e-05 2.500082179903984070e-02
3.470702096819877625e-03 3.316224610898643732e-04 1.741364039480686188e-02 9.787840843200683594e-01
1.006390334623574745e-06 1.490307855419814587e-03 9.983844757080078125e-01 1.242057624040171504e-04
9.499356746673583984e-01 4.458307474851608276e-02 4.014885984361171722e-03 1.466305227950215340e-03
9.998305439949035645e-01 6.881620356580242515e-05 8.309241820825263858e-05 1.753920696501154453e-05
1.860182266682386398e-03 9.980973005294799805e-01 5.316272108757402748e-06 3.720719541888684034e-05
8.705573861789162038e-08 9.999784827232360840e-01 2.095997297146823257e-05 4.491780316584481625e-07
