-4.643294960260391235e-03 3.591544553637504578e-02 3.459993377327919006e-02 -8.652766793966293335e-02
-8.826244622468948364e-02 8.525683730840682983e-02 -1.318611800670623779e-01 1.882553473114967346e-02
-1.209580376744270325e-01 -9.206281043589115143e-03 -5.883757770061492920e-02 9.034629166126251221e-02
-1.333110779523849487e-01 -5.237606540322303772e-02 2.606099657714366913e-02 4.754268005490303040e-02
-7.953619211912155151e-02 1.114415284246206284e-02 -7.151133567094802856e-02 7.121574133634567261e-02
-3.182502463459968567e-02 1.662113331258296967e-02 2.647737599909305573e-02 -5.639005824923515320e-02
-8.534613996744155884e-02 -1.249622460454702377e-02 1.329477783292531967e-02 6.272452324628829956e-02
4.895684868097305298e-02 6.103586778044700623e-02 -8.851766586303710938e-02 -1.278362609446048737e-02
-6.420314311981201172e-02 -4.981347173452377319e-02 -2.839661017060279846e-02 6.781349331140518188e-02
-2.530721016228199005e-02 3.265919908881187439e-02 -4.222817346453666687e-02 4.887083172798156738e-02
-7.956517487764358521e-02 9.130559861660003662e-02 -8.060596883296966553e-02 -8.907142095267772675e-03
3.783940803259611130e-03 -8.537427522242069244e-03 -1.991356909275054932e-02 2.653683722019195557e-02
