1.824788376688957214e-02 1.790179871022701263e-02 -3.714872151613235474e-02 -4.613032191991806030e-02
-1.378628313541412354e-01 2.674546465277671814e-02 4.098700359463691711e-02 1.069068349897861481e-02
-5.968506261706352234e-02 2.137856930494308472e-02 4.414673894643783569e-02 6.901342887431383133e-03
5.241840332746505737e-02 -3.582523390650749207e-02 2.285125479102134705e-02 -6.199455354362726212e-03
-1.537266224622726440e-01 -2.890458330512046814e-02 -8.546558022499084473e-02 1.077305674552917480e-01
6.157884001731872559e-02 -1.485202163457870483e-01 2.504547312855720520e-02 -6.917540729045867920e-02
1.037055440247058868e-02 -2.946667186915874481e-02 -5.697795189917087555e-03 1.407242007553577423e-02
-1.693112254142761230e-01 1.043072491884231567e-01 -1.047189012169837952e-01 -2.444773446768522263e-03
8.088435232639312744e-02 -1.124382913112640381e-01 -3.233917057514190674e-02 -1.599249616265296936e-02
6.321501452475786209e-03 -1.205045804381370544e-01 -2.988864108920097351e-02 6.097124144434928894e-02
2.180792950093746185e-02 -9.995688498020172119e-02 5.390755459666252136e-02 -1.848708093166351318e-02
-1.234047934412956238e-01 1.347082108259201050e-01 -5.194474384188652039e-02 -1.445889379829168320e-02
