-5.837184563279151917e-02 5.804651230573654175e-02 6.165224686264991760e-02 -1.024869680404663086e-01
5.648226942867040634e-03 -1.006054431200027466e-01 3.284633532166481018e-02 1.187703665345907211e-02
-1.553358882665634155e-02 2.860123477876186371e-02 9.710972197353839874e-03 -9.494470804929733276e-02
3.700778260827064514e-02 -1.672353595495223999e-01 5.605359002947807312e-02 -8.573561161756515503e-02
1.714151538908481598e-02 -2.637404017150402069e-02 -7.010821998119354248e-02 3.685775399208068848e-02
1.021124422550201416e-01 -1.082756519317626953e-01 3.619739040732383728e-02 -1.821311712265014648e-01
-8.150892704725265503e-02 -9.239068627357482910e-02 -1.320490837097167969e-01 1.810866147279739380e-01
5.924329906702041626e-02 -2.846825867891311646e-02 -1.325722783803939819e-01 2.635921724140644073e-02
6.457523256540298462e-02 -1.744857579469680786e-01 7.446992397308349609e-02 -9.696423262357711792e-02
-6.537806987762451172e-02 1.613784395158290863e-02 4.871971905231475830e-02 2.652395516633987427e-02
-8.573867380619049072e-02 6.792696565389633179e-02 1.857059448957443237e-02 -1.669844835996627808e-01
-1.015059649944305420e-01 1.173019874840974808e-02 8.084417134523391724e-02 -1.124316826462745667e-01
