-1.844288781285285950e-02 6.966036558151245117e-02 -5.794519558548927307e-02 -1.708901487290859222e-02
5.427784472703933716e-02 -2.027692459523677826e-02 1.644418574869632721e-02 -4.751710221171379089e-02
1.404774654656648636e-02 -6.119259074330329895e-02 9.223499149084091187e-02 -1.293312609195709229e-01
-9.815333038568496704e-02 -3.895983099937438965e-02 1.324795484542846680e-01 -4.264866933226585388e-02
8.182819187641143799e-02 -3.921919688582420349e-02 -4.563232883810997009e-03 -9.295644611120223999e-02
8.472185581922531128e-02 -6.961894780397415161e-02 -4.485486447811126709e-02 -8.454468101263046265e-03
-1.599927693605422974e-01 6.167172919958829880e-03 -3.939186409115791321e-02 7.558459043502807617e-02
-8.484066277742385864e-02 -1.107763648033142090e-01 -1.001881882548332214e-01 1.378637850284576416e-01
-9.109387174248695374e-03 -1.031886637210845947e-01 5.935533717274665833e-02 4.971756041049957275e-02
5.638679116964340210e-02 -4.027533531188964844e-02 -5.229164287447929382e-02 2.944613061845302582e-02
4.530596733093261719e-02 -6.841825786978006363e-03 -4.622694849967956543e-02 -7.014309987425804138e-03
3.164597600698471069e-02 -5.001542717218399048e-02 1.036170031875371933e-02 3.479367867112159729e-02
