2.003369480371475220e-02 3.715999424457550049e-02 1.196831744164228439e-02 -7.749290019273757935e-02
2.713899128139019012e-02 1.872694492340087891e-02 -4.307441040873527527e-02 -7.893765345215797424e-03
1.386310253292322159e-02 1.459164172410964966e-02 4.097500070929527283e-02 -4.623145237565040588e-02
6.712102144956588745e-02 -3.977907449007034302e-02 -1.163753680884838104e-02 -3.818209841847419739e-02
-1.598223894834518433e-01 5.742425564676523209e-03 -1.541968137025833130e-01 7.630441337823867798e-02
-1.372415423393249512e-01 -5.396396666765213013e-02 -1.421927809715270996e-01 1.267880201339721680e-01
-1.034593358635902405e-01 -5.038823559880256653e-02 -6.275808904320001602e-03 6.827266514301300049e-02
-1.421562880277633667e-01 1.173380110412836075e-02 4.649278521537780762e-02 5.692165344953536987e-03
-1.311847269535064697e-01 1.693074405193328857e-01 -1.592598706483840942e-01 -9.032080322504043579e-02
-5.278935655951499939e-02 -1.334262341260910034e-01 1.033549197018146515e-02 8.707304298877716064e-02
-1.245539262890815735e-01 7.415213156491518021e-03 7.298965752124786377e-02 -5.382065847516059875e-02
1.947218552231788635e-02 2.847446314990520477e-02 -6.610898673534393311e-02 4.026703536510467529e-02
