-3.363711386919021606e-02 5.839537829160690308e-03 1.054798811674118042e-02 -7.380548119544982910e-02
-2.590997144579887390e-03 -1.724698953330516815e-02 3.300625085830688477e-02 3.984880447387695312e-02
1.070673614740371704e-01 -7.019025832414627075e-02 -6.836462765932083130e-02 -1.672399602830410004e-02
-1.935485899448394775e-01 3.389707580208778381e-02 4.066666588187217712e-02 -1.015039309859275818e-01
5.803824216127395630e-02 -7.418083399534225464e-02 7.725331000983715057e-03 -2.615938149392604828e-02
-7.647226750850677490e-02 -1.462064217776060104e-02 -8.432603627443313599e-02 1.142927631735801697e-01
5.740721523761749268e-02 -3.889076039195060730e-02 -3.719551861286163330e-02 1.801133155822753906e-02
-1.044004261493682861e-01 7.981463521718978882e-02 -8.071150630712509155e-02 1.959423068910837173e-03
-4.704438522458076477e-02 -1.161783188581466675e-01 8.725991100072860718e-02 -7.916778326034545898e-02
4.482809454202651978e-02 2.750580199062824249e-02 -3.381090983748435974e-02 -9.183631092309951782e-02
-2.039441280066967010e-02 5.252052098512649536e-02 1.882276684045791626e-02 7.149312179535627365e-03
3.126346319913864136e-02 -6.810819357633590698e-02 2.781392633914947510e-02 7.073475979268550873e-03
