-4.838468879461288452e-02 -3.261462599039077759e-02 -4.880259744822978973e-03 2.715456532314419746e-03
-7.698171585798263550e-02 1.071085706353187561e-01 -5.964601412415504456e-02 -3.805422037839889526e-02
-2.603413909673690796e-02 5.973335355520248413e-03 -4.147858917713165283e-02 7.945747673511505127e-02
2.735573425889015198e-02 -6.994325667619705200e-02 5.982429906725883484e-02 9.242303669452667236e-03
-4.992175474762916565e-02 4.315898194909095764e-02 5.258536711335182190e-02 -3.245817869901657104e-02
6.180095672607421875e-02 1.460399013012647629e-02 -5.072874203324317932e-02 -2.162415534257888794e-01
-9.046876430511474609e-02 -9.745484590530395508e-02 1.366214156150817871e-01 1.869906904175877571e-03
-1.106333732604980469e-02 -6.963029503822326660e-02 8.360686153173446655e-02 -5.350568145513534546e-02
6.730064004659652710e-02 1.190947461873292923e-02 -8.684950321912765503e-02 -1.572503745555877686e-01
7.167664915323257446e-02 -1.468679774552583694e-02 -5.440678820013999939e-02 -4.008780792355537415e-02
-1.071207690984010696e-02 -6.578154861927032471e-02 7.319538295269012451e-02 -1.327515840530395508e-01
-6.179763004183769226e-02 1.937503367662429810e-02 -8.134964853525161743e-02 5.105019733309745789e-02
