3.340134397149085999e-02 -1.270250417292118073e-02 -7.037068903446197510e-02 1.047753542661666870e-02
6.740608718246221542e-03 -3.285833075642585754e-02 -1.096290722489356995e-01 1.133179366588592529e-01
-9.988117963075637817e-03 -7.120447605848312378e-02 7.001652568578720093e-02 1.067171059548854828e-02
2.882885048165917397e-03 -4.560391604900360107e-02 -1.004750281572341919e-01 9.769544750452041626e-02
-7.665373384952545166e-02 1.611587703227996826e-01 -1.163434311747550964e-01 -5.271510686725378036e-03
-1.715068221092224121e-01 -2.015173733234405518e-01 1.668574959039688110e-01 1.846311148256063461e-03
2.588299848139286041e-02 5.956543236970901489e-02 -5.065917596220970154e-02 -1.181242754682898521e-03
1.470099855214357376e-02 -5.413915589451789856e-02 6.368803232908248901e-02 -6.507839262485504150e-02
-3.257967159152030945e-02 5.393424257636070251e-02 -9.144767187535762787e-03 2.681770920753479004e-02
-5.052511394023895264e-02 5.890582129359245300e-02 2.386932261288166046e-02 -1.330671459436416626e-02
1.838744938140735030e-04 9.003247134387493134e-03 6.190215051174163818e-02 -8.003613352775573730e-02
-1.298543810844421387e-01 3.986503183841705322e-02 5.196431279182434082e-02 -5.083596333861351013e-03
