3.372097015380859375e-02 -1.106258295476436615e-02 2.156028151512145996e-02 -1.229117624461650848e-02
6.614042818546295166e-02 -5.775234196335077286e-03 4.230279009789228439e-03 -1.019914746284484863e-01
-7.821414619684219360e-02 9.494591504335403442e-02 -1.046405732631683350e-01 2.725350111722946167e-02
-1.907730847597122192e-02 4.870465397834777832e-02 3.815253730863332748e-03 -7.847991585731506348e-02
-2.589269168674945831e-02 3.161333501338958740e-02 1.784846000373363495e-02 -1.656438037753105164e-02
-1.446326076984405518e-02 -7.646448211744427681e-04 -8.917687460780143738e-03 1.236876286566257477e-02
3.775591775774955750e-02 -4.185112938284873962e-02 1.824475266039371490e-02 5.674987658858299255e-02
3.593640401959419250e-02 -9.491623938083648682e-02 3.604786098003387451e-02 2.951607853174209595e-02
2.385422959923744202e-02 -1.116701439023017883e-01 -7.950475066900253296e-02 5.781551077961921692e-02
-1.200010553002357483e-01 1.971967071294784546e-01 -1.927838027477264404e-01 -1.347826719284057617e-01
-1.302292346954345703e-01 -1.925475001335144043e-01 2.216940224170684814e-01 -1.371627300977706909e-01
6.083325296640396118e-02 -1.650933772325515747e-01 3.695071861147880554e-02 -1.223482266068458557e-01
