5.748144537210464478e-02 -1.621392741799354553e-02 -9.905258566141128540e-02 -1.289444882422685623e-02
4.699601233005523682e-02 3.240687772631645203e-03 -7.830178737640380859e-02 3.237325325608253479e-02
7.255149632692337036e-02 4.220435023307800293e-02 -5.095378309488296509e-02 -1.773534417152404785e-01
-1.441659405827522278e-02 -6.899203360080718994e-02 1.134786233305931091e-01 -8.920205384492874146e-02
-3.647224232554435730e-02 -7.438255101442337036e-02 5.494524538516998291e-02 2.089099725708365440e-03
-1.043963711708784103e-02 -7.314471155405044556e-02 4.551670700311660767e-02 -3.610032051801681519e-02
-9.852145612239837646e-02 -8.175289630889892578e-02 -9.851429611444473267e-03 6.294497847557067871e-02
3.829516097903251648e-02 -4.373927786946296692e-02 8.075041323900222778e-02 -6.883486360311508179e-02
-7.651282101869583130e-02 -1.095428392291069031e-01 1.700383052229881287e-02 4.245350882411003113e-02
8.668740093708038330e-02 -3.052858449518680573e-02 -7.000622153282165527e-02 -8.496467769145965576e-02
-1.488218605518341064e-01 1.120013892650604248e-01 -5.347128212451934814e-02 5.560819525271654129e-03
-3.782364074140787125e-03 3.149011358618736267e-02 1.677217520773410797e-02 -8.702883124351501465e-02
