-4.824987053871154785e-02 -9.408778510987758636e-03 -5.317649338394403458e-03 2.770929969847202301e-02
-2.020101249217987061e-02 -2.601417340338230133e-02 -1.314070727676153183e-02 2.919604443013668060e-02
4.332518205046653748e-02 -9.444194287061691284e-02 5.104465037584304810e-02 -2.930897101759910583e-02
9.718624502420425415e-02 -5.349605903029441833e-02 -7.771462947130203247e-02 -6.900142133235931396e-02
3.936195001006126404e-02 7.908324152231216431e-02 -9.485268592834472656e-02 -3.119325265288352966e-02
9.644790552556514740e-03 6.017430871725082397e-02 1.716706715524196625e-02 -5.690556019544601440e-02
-1.484826020896434784e-02 -3.768165037035942078e-02 -8.041144907474517822e-02 3.680117428302764893e-02
-1.103411987423896790e-01 -3.396350145339965820e-02 7.460721582174301147e-02 -4.742477089166641235e-02
9.416617453098297119e-03 -1.143615171313285828e-01 2.438616193830966949e-02 8.668087422847747803e-03
9.317933768033981323e-02 -8.712619543075561523e-02 -4.027110338211059570e-02 -6.354181468486785889e-02
1.285382062196731567e-01 -5.295199900865554810e-02 -1.131471246480941772e-01 -9.649164229631423950e-02
5.190033093094825745e-02 -7.146826386451721191e-02 2.403421327471733093e-02 -5.451673641800880432e-02
