8.329073898494243622e-03 -5.962526053190231323e-02 2.025337517261505127e-02 1.949476078152656555e-02
2.934178523719310760e-02 -4.350917413830757141e-02 -5.766645073890686035e-02 9.560922533273696899e-02
-1.445970833301544189e-01 1.835452914237976074e-01 -1.406346708536148071e-01 -9.615664929151535034e-02
-1.361029297113418579e-01 -1.584270000457763672e-01 1.889463067054748535e-01 -1.301352828741073608e-01
6.559201981872320175e-03 -1.783485896885395050e-02 3.487689793109893799e-02 3.654294181615114212e-03
1.136994734406471252e-02 7.428039610385894775e-02 -2.137812972068786621e-02 -1.528750658035278320e-01
-6.611583381891250610e-02 1.049864478409290314e-02 9.254099428653717041e-02 -7.037390023469924927e-02
-7.515816390514373779e-02 -1.883637160062789917e-02 6.709316372871398926e-02 4.921194911003112793e-02
3.485784679651260376e-02 -5.270590260624885559e-02 -1.199179608374834061e-02 4.555655270814895630e-02
6.417071074247360229e-02 -7.876372337341308594e-02 1.065310742706060410e-02 -6.607277691364288330e-02
-4.166810959577560425e-02 5.358485970646142960e-03 -1.485829148441553116e-02 5.238131061196327209e-02
8.321614563465118408e-02 -2.683611027896404266e-02 -2.779547590762376785e-03 -8.953914046287536621e-02
