1.172999385744333267e-02 4.191844165325164795e-02 1.934849843382835388e-02 -6.175381317734718323e-02
6.086112465709447861e-03 -2.887008152902126312e-02 -7.090236246585845947e-02 6.209805235266685486e-02
2.940630726516246796e-02 -1.688672155141830444e-01 -2.090069800615310669e-01 1.240066140890121460e-01
7.647514343261718750e-02 -8.020149916410446167e-02 -6.551191210746765137e-02 -1.048847101628780365e-02
-6.575513165444135666e-03 -3.378333151340484619e-02 4.876681417226791382e-02 -2.562698721885681152e-02
-8.496238291263580322e-02 4.517648369073867798e-02 -1.052425708621740341e-02 4.930294305086135864e-02
4.581758379936218262e-02 -4.871952906250953674e-02 7.655563764274120331e-03 -5.983398482203483582e-02
-3.769688075408339500e-03 -5.025618709623813629e-03 3.545682504773139954e-02 -1.648885607719421387e-01
-4.203746467828750610e-02 6.016590166836977005e-03 -4.045783355832099915e-02 4.440237581729888916e-02
1.313457936048507690e-01 -1.230431720614433289e-01 -1.548577994108200073e-01 9.950437583029270172e-03
-6.608466804027557373e-02 1.126109063625335693e-01 -1.042249351739883423e-01 -1.583370752632617950e-02
-3.254952281713485718e-02 3.185113519430160522e-02 2.339271362870931625e-03 2.942717261612415314e-02
