-1.265563070774078369e-01 5.905715376138687134e-02 4.765613749623298645e-02 -4.835632443428039551e-02
-5.430242046713829041e-02 7.511417567729949951e-02 -5.658804997801780701e-02 2.553898654878139496e-02
3.027671761810779572e-02 -8.215180039405822754e-02 4.807695746421813965e-02 -6.570939440280199051e-03
-1.418215185403823853e-01 -3.035569936037063599e-02 8.468128740787506104e-02 1.463048998266458511e-02
-7.547076046466827393e-02 2.513139322400093079e-02 8.473075181245803833e-02 -4.967788606882095337e-02
-8.761487156152725220e-02 -1.224479824304580688e-01 8.672188222408294678e-02 9.411674924194812775e-03
-1.171261146664619446e-01 -3.828648105263710022e-02 8.380049467086791992e-02 -6.676349788904190063e-02
6.239738687872886658e-02 7.833559066057205200e-02 -1.215020790696144104e-01 -2.426846139132976532e-02
-1.531058922410011292e-02 -1.830808818340301514e-01 1.019622161984443665e-01 -4.193682223558425903e-02
-8.729663491249084473e-02 -1.195092797279357910e-01 1.570574790239334106e-01 -5.844697356224060059e-02
1.165842544287443161e-02 -2.695331908762454987e-02 9.580922871828079224e-02 -9.718131273984909058e-02
2.478033676743507385e-02 -4.194940254092216492e-02 3.021312877535820007e-02 -1.096887663006782532e-01
