-1.264960020780563354e-01 1.659334003925323486e-01 -6.680931895971298218e-02 -7.453689724206924438e-02
-9.436018019914627075e-02 -1.336027532815933228e-01 1.789010912179946899e-01 -1.744016110897064209e-01
1.021517533808946609e-02 2.428649738430976868e-02 -1.935569345951080322e-01 1.667123474180698395e-02
-1.963474601507186890e-02 5.380452796816825867e-02 -1.653687953948974609e-01 -1.814912073314189911e-02
5.537930130958557129e-02 -6.581205874681472778e-02 1.357024768367409706e-03 -8.438663557171821594e-03
8.547627180814743042e-02 -2.742567099630832672e-02 -6.376371532678604126e-02 -9.256168454885482788e-02
-1.445745304226875305e-02 6.653151661157608032e-02 -3.994038328528404236e-02 -1.288720816373825073e-01
-1.581990718841552734e-01 4.919031262397766113e-02 -2.937795361503958702e-03 -5.588799249380826950e-03
-4.998707771301269531e-02 5.938987806439399719e-02 -1.911882869899272919e-02 -2.712404122576117516e-03
-5.404816195368766785e-02 -8.587790280580520630e-02 2.493078820407390594e-02 7.790720462799072266e-02
-4.492652788758277893e-02 3.968458622694015503e-02 -1.381462812423706055e-01 3.481233492493629456e-02
4.331919550895690918e-02 2.778469957411289215e-02 -2.495945431292057037e-02 -2.179731242358684540e-02
