-5.141190439462661743e-02 6.293985992670059204e-02 -4.524129256606101990e-02 -3.836807236075401306e-02
-1.132482010871171951e-02 4.889404773712158203e-02 -3.439422696828842163e-02 4.783461242914199829e-02
-8.322186022996902466e-02 1.438750475645065308e-01 -7.513811439275741577e-02 -5.321909487247467041e-02
-1.313867866992950439e-01 -3.755664825439453125e-02 1.491396129131317139e-01 -6.811458617448806763e-02
2.826504968106746674e-02 -7.314447313547134399e-02 -2.385472878813743591e-02 3.264323621988296509e-02
-1.613402068614959717e-01 -3.411684557795524597e-02 -1.301476657390594482e-01 1.255239844322204590e-01
5.745017156004905701e-02 -2.752465754747390747e-02 -6.562700122594833374e-02 -2.253847569227218628e-02
4.357785359025001526e-02 -1.316554248332977295e-01 2.966628223657608032e-02 1.181350788101553917e-03
1.199177466332912445e-02 -4.013656824827194214e-02 2.295075450092554092e-03 6.231433246284723282e-03
4.119148477911949158e-03 -2.732231467962265015e-02 5.177450180053710938e-02 -9.193240106105804443e-02
-7.765958458185195923e-02 8.613540977239608765e-02 -3.453385457396507263e-02 -5.017322674393653870e-02
1.371909305453300476e-02 7.673003710806369781e-03 2.700564451515674591e-02 -3.937660530209541321e-02
