5.426982790231704712e-02 -1.144207268953323364e-01 3.376950323581695557e-02 5.224734917283058167e-02
-4.936932399868965149e-02 -2.079705242067575455e-03 -4.206407815217971802e-02 9.012175351381301880e-02
5.715597048401832581e-02 -1.980252563953399658e-01 3.030996304005384445e-03 7.828151807188987732e-03
-5.115107446908950806e-02 -9.328179806470870972e-02 3.773333877325057983e-02 5.667925626039505005e-02
-2.578432485461235046e-02 -6.127980723977088928e-02 1.258828192949295044e-01 -1.339605599641799927e-01
-2.910857647657394409e-02 -1.148149669170379639e-01 1.236705332994461060e-01 -5.239676684141159058e-02
-1.147932931780815125e-01 -3.971935436129570007e-02 1.078795641660690308e-01 6.045649293810129166e-03
-1.227459385991096497e-01 8.437806367874145508e-02 3.037053346633911133e-02 -1.321158111095428467e-01
-2.392079215496778488e-03 8.966685831546783447e-02 -3.003768809139728546e-02 -7.491327077150344849e-02
-9.009249508380889893e-02 8.723853528499603271e-02 -9.278681874275207520e-02 2.339495904743671417e-02
5.193274840712547302e-02 2.235084772109985352e-02 -8.413092046976089478e-02 -1.046551391482353210e-01
-7.867761701345443726e-02 6.099916994571685791e-02 -1.629727333784103394e-02 -3.086431510746479034e-02
