1.765552349388599396e-02 5.188851803541183472e-02 -6.060267984867095947e-02 -5.490615591406822205e-02
8.496105670928955078e-02 -6.500900536775588989e-02 -5.007257685065269470e-02 -4.113293811678886414e-02
-1.007104665040969849e-02 -6.235060840845108032e-02 8.722976595163345337e-02 -9.732105582952499390e-02
-7.343281060457229614e-02 4.931536503136157990e-03 1.334693469107151031e-02 2.947925031185150146e-02
-1.378827076405286789e-02 -1.562971621751785278e-02 -1.533426940441131592e-01 7.714895904064178467e-02
-4.167473688721656799e-02 -6.883785873651504517e-02 -9.103709459304809570e-02 1.409378796815872192e-01
-1.517401784658432007e-01 6.621253490447998047e-02 -1.107934042811393738e-01 5.153117701411247253e-02
-4.812662675976753235e-02 2.718224562704563141e-02 -8.045639842748641968e-02 4.934866353869438171e-02
-1.220537442713975906e-02 5.036875233054161072e-02 -9.758355095982551575e-03 1.914837211370468140e-02
6.684988737106323242e-02 -5.489534884691238403e-02 -3.568626567721366882e-02 -3.647201508283615112e-02
7.839214056730270386e-02 -1.724818535149097443e-02 -8.915300667285919189e-02 -9.585066139698028564e-02
6.029667705297470093e-02 -9.917456656694412231e-02 3.526457399129867554e-02 -7.021822035312652588e-02
