-7.142443954944610596e-02 -6.833171355538070202e-04 -2.736277133226394653e-02 3.543594107031822205e-02
-1.845525018870830536e-02 3.368223831057548523e-02 -9.207274764776229858e-03 1.965888403356075287e-02
1.248529274016618729e-02 -4.200957342982292175e-02 -9.934383444488048553e-03 4.833692312240600586e-02
-2.911642007529735565e-02 4.616333544254302979e-02 1.777368038892745972e-02 -9.052786976099014282e-02
-4.244571179151535034e-02 -8.471577614545822144e-02 -9.272387833334505558e-04 9.249955415725708008e-02
-6.282157450914382935e-02 1.349843852221965790e-02 -5.555203184485435486e-02 5.097836256027221680e-02
-1.040204092860221863e-01 -2.615161798894405365e-02 -1.792891174554824829e-01 5.958376079797744751e-02
-1.171166077256202698e-01 7.349470257759094238e-02 -2.631910890340805054e-02 1.083195302635431290e-02
-9.771616011857986450e-02 9.215724468231201172e-02 -3.226062655448913574e-02 -6.746912747621536255e-02
-5.780551955103874207e-02 -1.380174905061721802e-01 2.252555266022682190e-02 7.859899848699569702e-02
-8.652645349502563477e-02 6.491654366254806519e-02 -1.405718363821506500e-02 -4.137238860130310059e-02
4.492368921637535095e-02 1.826830394566059113e-02 -3.745483234524726868e-02 -2.108825865434482694e-04
