-1.061083152890205383e-01 1.189469844102859497e-01 -1.251428723335266113e-01 -3.484758734703063965e-02
-2.555125206708908081e-02 7.378210872411727905e-02 -1.010311767458915710e-01 -3.880153223872184753e-02
1.294419914484024048e-01 -4.210035502910614014e-02 -7.887540012598037720e-02 -9.891856461763381958e-02
9.711248427629470825e-02 -6.868184357881546021e-02 -3.493052721023559570e-02 -5.340501666069030762e-02
2.753296634182333946e-03 -8.025854825973510742e-02 -5.904273316264152527e-02 8.377799391746520996e-02
7.097863405942916870e-02 -5.445385724306106567e-02 -1.698917150497436523e-02 -4.040437936782836914e-02
-9.737222455441951752e-03 -7.823579013347625732e-02 1.038369312882423401e-01 -4.596513509750366211e-02
-2.472633309662342072e-02 -8.269236981868743896e-02 1.227158904075622559e-01 -2.101503163576126099e-01
1.125961616635322571e-01 -2.443596161901950836e-02 -1.506669074296951294e-01 -7.038321346044540405e-02
4.975855723023414612e-02 -1.065502613782882690e-01 4.059067741036415100e-02 -5.525849759578704834e-02
2.235136181116104126e-02 -2.010410092771053314e-02 -1.330156158655881882e-02 -3.089756518602371216e-02
-3.829934820532798767e-02 1.056680008769035339e-01 -7.106988131999969482e-02 -1.782755739986896515e-02
