3.040492162108421326e-02 -1.557136978954076767e-02 2.123907394707202911e-02 -1.473753433674573898e-02
6.259876303374767303e-03 -1.030590943992137909e-02 -2.207594923675060272e-02 4.309661686420440674e-02
-9.061452746391296387e-02 6.588768213987350464e-02 -1.024018824100494385e-01 2.811315096914768219e-02
-3.438917547464370728e-02 4.088903218507766724e-02 -1.088007236830890179e-03 -8.545120060443878174e-02
-2.023686766624450684e-01 -1.156240627169609070e-01 1.964209228754043579e-01 -1.003901809453964233e-01
4.012371972203254700e-02 -1.220934186130762100e-02 3.737346082925796509e-02 -1.941540390253067017e-01
-1.241319440305233002e-02 -3.243689984083175659e-02 -1.578100621700286865e-01 1.219201982021331787e-01
3.757121413946151733e-02 -1.725727319717407227e-02 -7.811394333839416504e-02 7.424788922071456909e-02
-8.233557641506195068e-02 1.837888360023498535e-01 -1.073206737637519836e-01 -8.577352017164230347e-02
1.096137706190347672e-02 -1.557382494211196899e-01 7.025038450956344604e-02 -5.638710036873817444e-02
6.240957602858543396e-02 -2.874189801514148712e-02 -8.507189899682998657e-02 9.216513484716415405e-03
-1.514753978699445724e-02 -4.997115209698677063e-02 1.941616460680961609e-02 -1.347209326922893524e-03
