-2.992025576531887054e-02 9.090819209814071655e-02 -9.684151411056518555e-02 -7.351799309253692627e-02
5.809159204363822937e-02 -1.070861890912055969e-01 -1.658082380890846252e-02 9.143173228949308395e-04
2.647295966744422913e-02 2.093282528221607208e-02 -1.570574752986431122e-02 2.842896990478038788e-02
4.140608012676239014e-02 -1.289200875908136368e-02 -3.819834813475608826e-02 2.415439486503601074e-02
-9.144020080566406250e-02 -5.239340290427207947e-02 -4.277031868696212769e-03 5.387738347053527832e-02
-1.062993109226226807e-01 -1.184225734323263168e-02 -1.981362514197826385e-02 4.118843749165534973e-02
-9.443660825490951538e-02 9.392250329256057739e-02 -4.306741803884506226e-02 -4.569410905241966248e-02
-2.618195675313472748e-02 1.540440022945404053e-01 -1.338794529438018799e-01 -1.245746463537216187e-01
1.016239747405052185e-01 -1.089955344796180725e-01 -2.822789177298545837e-02 -1.032790392637252808e-01
-3.510446101427078247e-02 -5.310294777154922485e-02 8.712413907051086426e-02 -3.977404534816741943e-02
-1.246472913771867752e-02 -1.842648535966873169e-02 6.271009147167205811e-02 -4.362352937459945679e-02
3.997201472520828247e-02 -3.045365028083324432e-02 -8.960325270891189575e-02 2.838706970214843750e-02
