4.092050343751907349e-02 4.813979566097259521e-02 -3.743555396795272827e-02 -8.810918033123016357e-02
-1.544065773487091064e-01 6.974834203720092773e-02 -9.920353442430496216e-02 8.813979104161262512e-03
-1.503447070717811584e-02 1.288150995969772339e-01 -9.655413776636123657e-02 -1.733629107475280762e-01
-8.019481599330902100e-02 2.323983050882816315e-02 -3.877733275294303894e-02 2.367570064961910248e-02
1.598129421472549438e-02 -1.504061371088027954e-01 9.084434807300567627e-02 -3.921005502343177795e-02
-8.484824746847152710e-02 -7.532058656215667725e-02 -7.930797338485717773e-02 1.667618006467819214e-01
-1.049807518720626831e-01 7.376009225845336914e-02 -7.936072349548339844e-02 5.396831780672073364e-02
-3.952538967132568359e-02 -2.102102711796760559e-02 -3.124023973941802979e-02 2.617901191115379333e-02
2.676471509039402008e-02 1.623080484569072723e-02 -4.749485757201910019e-03 -5.105027928948402405e-03
5.371747538447380066e-02 -4.203940555453300476e-02 -5.224932730197906494e-02 -7.566944509744644165e-02
2.161515876650810242e-02 1.619171351194381714e-02 -5.179413035511970520e-02 4.181997478008270264e-02
-7.534876465797424316e-03 -2.406391873955726624e-02 3.747938945889472961e-02 -2.039646543562412262e-02
