-9.004244580864906311e-03 1.049379333853721619e-01 -8.639657497406005859e-02 -3.630554676055908203e-02
1.190236955881118774e-02 -5.334364622831344604e-02 -2.708671614527702332e-02 3.556208312511444092e-02
-1.413204893469810486e-02 -6.394693255424499512e-02 8.543485403060913086e-02 -1.827441714704036713e-02
-1.036526858806610107e-01 -3.516282141208648682e-02 1.096118614077568054e-01 -4.518287256360054016e-02
-4.508263245224952698e-02 -1.775500550866127014e-02 6.369046121835708618e-02 -6.066151708364486694e-02
3.259050101041793823e-02 1.822341233491897583e-02 -1.511243432760238647e-01 6.076182238757610321e-03
-5.237602069973945618e-02 3.423440828919410706e-02 1.197742484509944916e-02 -8.715591393411159515e-03
8.885844610631465912e-03 -2.103861607611179352e-02 4.492133855819702148e-02 -3.272368013858795166e-02
1.713061518967151642e-02 -6.565205752849578857e-02 8.539129048585891724e-02 -3.292427584528923035e-02
9.548189118504524231e-03 5.103393644094467163e-02 -1.814651489257812500e-02 -3.865910321474075317e-02
7.085448503494262695e-02 -1.203903742134571075e-02 -2.072704397141933441e-02 8.376079495064914227e-04
-3.969776630401611328e-02 -9.734069928526878357e-03 9.414467960596084595e-02 -1.101000681519508362e-01
