-9.122800081968307495e-02 6.411634385585784912e-02 1.717063225805759430e-02 -1.252426654100418091e-01
-1.294104102998971939e-02 -8.244496583938598633e-02 2.120815590023994446e-02 8.662611246109008789e-02
6.425451487302780151e-02 -1.533289551734924316e-01 3.721876814961433411e-02 6.287126243114471436e-02
1.003494299948215485e-02 -2.043630369007587433e-02 2.802233211696147919e-02 -3.684540838003158569e-02
3.173670731484889984e-03 -1.104582473635673523e-02 5.898984521627426147e-02 -2.854100055992603302e-02
-9.393145143985748291e-02 -1.758695393800735474e-02 -5.083028972148895264e-02 7.333295792341232300e-02
-6.895757280290126801e-03 1.927515864372253418e-02 -9.949855506420135498e-02 -4.155435599386692047e-03
-7.051251828670501709e-02 -5.772398784756660461e-02 1.062619462609291077e-01 -3.938735648989677429e-02
-6.087400019168853760e-02 -3.871669527143239975e-03 -6.372624635696411133e-02 5.892771482467651367e-02
1.852167546749114990e-01 -1.210289448499679565e-01 -2.080460190773010254e-01 -6.867665052413940430e-02
-3.163551678881049156e-03 2.658377587795257568e-02 -1.090634837746620178e-01 2.995235472917556763e-02
2.584833651781082153e-02 2.893172390758991241e-02 -4.021033644676208496e-02 -1.618351638317108154e-01
