-2.759213931858539581e-02 -3.383826836943626404e-02 -7.101871073246002197e-02 4.180085286498069763e-02
-1.986953057348728180e-02 -1.404939964413642883e-02 2.753246575593948364e-03 1.790352538228034973e-02
-3.655372187495231628e-02 -4.189541190862655640e-02 5.821381509304046631e-02 -5.241127219051122665e-03
3.056477569043636322e-02 -7.609954476356506348e-02 -3.428295254707336426e-02 4.549843445420265198e-02
-8.060323446989059448e-02 1.999429911375045776e-01 -1.594246774911880493e-01 -1.363975703716278076e-01
-9.488731622695922852e-02 -8.381919562816619873e-02 1.459291577339172363e-01 -1.152710318565368652e-01
1.856844127178192139e-02 -6.828816235065460205e-02 2.880246192216873169e-02 8.529944345355033875e-03
-6.579057127237319946e-02 3.460324835032224655e-03 4.543090984225273132e-02 6.908779032528400421e-03
-2.189567498862743378e-02 5.340589210391044617e-02 -1.588377729058265686e-02 -3.970284946262836456e-03
-1.065890267491340637e-01 5.108922719955444336e-02 2.581619471311569214e-02 5.533689633011817932e-02
1.395902186632156372e-01 -1.071806773543357849e-01 -7.826333492994308472e-02 -9.285443276166915894e-02
-9.516566246747970581e-02 -2.378381788730621338e-02 -3.855239972472190857e-02 5.430861562490463257e-02
