1.659919391386210918e-03 3.778455546125769615e-03 1.660727337002754211e-02 -8.108840882778167725e-02
8.861733600497245789e-03 -4.244642704725265503e-02 2.334392257034778595e-02 2.436200715601444244e-02
9.796332567930221558e-03 1.017911266535520554e-02 -2.021727338433265686e-02 -8.787457644939422607e-02
-2.139140293002128601e-02 -8.012421429157257080e-03 4.405224695801734924e-02 -3.934957459568977356e-02
-3.644290193915367126e-02 -1.420655101537704468e-01 -6.316003948450088501e-02 9.744659066200256348e-02
8.140636491589248180e-04 6.585489213466644287e-02 -6.238565593957901001e-02 -7.472207397222518921e-02
-1.390921473503112793e-01 -7.015883922576904297e-02 1.399598866701126099e-01 -3.151861578226089478e-02
7.870495319366455078e-02 -3.355323150753974915e-02 -7.828539609909057617e-02 2.293390221893787384e-02
-6.529352627694606781e-03 -7.253473997116088867e-02 -1.051576957106590271e-01 1.072870120406150818e-01
1.448131650686264038e-01 -7.241196930408477783e-02 -1.192096173763275146e-01 -1.165721565485000610e-02
-3.922882303595542908e-02 -3.606835752725601196e-02 2.554925903677940369e-02 -8.406785316765308380e-03
1.303684525191783905e-02 7.370232138782739639e-03 -9.123340249061584473e-03 -6.698076613247394562e-03
