9.161783382296562195e-03 -5.673450231552124023e-02 2.645279280841350555e-02 -5.675462540239095688e-03
-9.075134992599487305e-03 -4.468222334980964661e-02 -5.218043923377990723e-02 7.351446896791458130e-02
3.849261207506060600e-03 1.661687344312667847e-02 2.102016098797321320e-02 -7.087418437004089355e-02
-7.509186118841171265e-02 5.122261866927146912e-02 2.978376299142837524e-02 -1.240593865513801575e-01
-3.721677884459495544e-02 -4.566260799765586853e-02 9.830525517463684082e-02 -1.109224110841751099e-01
-7.758620381355285645e-02 -1.046101003885269165e-02 -6.682959944009780884e-02 8.544632047414779663e-02
-4.631726536899805069e-03 5.884580314159393311e-02 -1.153806000947952271e-01 -7.165111135691404343e-03
-2.435485273599624634e-02 -2.800332196056842804e-02 5.825131759047508240e-02 1.523560378700494766e-02
4.803756624460220337e-02 -1.467846892774105072e-02 -1.233288180083036423e-02 -3.149307891726493835e-02
2.968044579029083252e-02 4.731691628694534302e-02 -4.585317149758338928e-02 -6.052673980593681335e-02
-9.236510843038558960e-03 8.155194111168384552e-03 -5.692585557699203491e-02 -1.575338095426559448e-02
4.842481389641761780e-02 -3.302613645792007446e-02 3.233185783028602600e-02 -1.117216199636459351e-01
