-1.238008886575698853e-01 4.406888037919998169e-02 2.788386307656764984e-02 -7.419574260711669922e-02
-8.743427693843841553e-03 -6.271643936634063721e-02 9.987898916006088257e-02 -1.976937502622604370e-01
2.405305765569210052e-02 -1.335201859474182129e-01 3.874481469392776489e-02 4.583233222365379333e-02
-7.619918882846832275e-02 -9.371504187583923340e-02 5.064246803522109985e-02 1.003518328070640564e-02
-8.456648141145706177e-02 -1.621522381901741028e-02 8.941185474395751953e-02 -4.300894588232040405e-02
1.186714507639408112e-02 -1.747587323188781738e-02 1.728600636124610901e-02 4.192771017551422119e-02
-2.838404849171638489e-03 2.690179506316781044e-03 4.329991713166236877e-02 3.025698475539684296e-02
-5.004196614027023315e-02 1.580424048006534576e-02 5.987407267093658447e-02 -1.018962934613227844e-01
8.941253274679183960e-02 -1.148386150598526001e-01 -5.710989236831665039e-02 4.959219321608543396e-02
-4.215092211961746216e-02 -6.399695575237274170e-02 -1.831669807434082031e-01 1.105649769306182861e-01
4.181762225925922394e-03 8.601360768079757690e-02 -1.137661039829254150e-01 -8.150593936443328857e-02
-1.486416533589363098e-02 -9.863191097974777222e-02 1.206744387745857239e-01 -1.640408039093017578e-01
