-2.044578455388545990e-02 3.390392812434583902e-04 -5.093444511294364929e-02 3.026660531759262085e-02
-4.065007343888282776e-02 -4.426946863532066345e-02 -4.374063387513160706e-02 8.128758519887924194e-02
-9.121160954236984253e-02 1.251885015517473221e-02 -2.272888831794261932e-02 6.018228456377983093e-02
3.655980527400970459e-02 1.022241115570068359e-01 -9.981092065572738647e-02 -5.084322392940521240e-02
-2.678597904741764069e-02 -1.300023216754198074e-02 -1.074433922767639160e-01 7.506225258111953735e-02
-1.098892465233802795e-01 -2.030347287654876709e-02 6.206666305661201477e-02 -1.267995871603488922e-02
-6.489202380180358887e-02 -9.504581242799758911e-02 8.274397999048233032e-02 -3.900771215558052063e-02
2.889014966785907745e-02 -1.078913286328315735e-01 1.083958372473716736e-01 -1.897250115871429443e-01
1.712759882211685181e-01 -1.030869930982589722e-01 -1.799103021621704102e-01 3.467914182692766190e-03
8.959446102380752563e-02 -5.218037590384483337e-02 -4.500235244631767273e-02 -3.862418234348297119e-02
6.350085884332656860e-02 -7.331715524196624756e-02 -4.238611087203025818e-03 -9.133646637201309204e-02
6.814618408679962158e-02 -4.600815847516059875e-02 -6.344973295927047729e-02 -2.305298112332820892e-02
