6.213536113500595093e-02 -1.112720184028148651e-02 -5.184589326381683350e-02 3.879495337605476379e-02
-1.433936785906553268e-02 -1.236868649721145630e-01 1.064450591802597046e-01 -1.305263675749301910e-02
-1.478092093020677567e-02 -1.029193326830863953e-01 9.253123402595520020e-02 -1.224176585674285889e-01
4.577031731605529785e-02 6.470976024866104126e-02 -1.352883875370025635e-01 -7.890290021896362305e-02
4.460264742374420166e-02 -1.177628710865974426e-02 1.519932225346565247e-02 -1.100973412394523621e-01
-1.027033627033233643e-01 2.428397350013256073e-02 2.183305332437157631e-03 -1.191307380795478821e-01
-1.297766417264938354e-01 8.952268958091735840e-02 5.945377633906900883e-04 3.325105458498001099e-02
8.044904470443725586e-02 -5.874943733215332031e-02 -1.188554055988788605e-02 -2.847989462316036224e-02
-4.453409835696220398e-02 -1.063850820064544678e-01 1.316800415515899658e-01 -1.174422279000282288e-01
-6.039852648973464966e-02 1.229652538895606995e-01 -6.349216401576995850e-02 -9.403157979249954224e-02
-1.147354301065206528e-02 -4.170393571257591248e-02 -2.215446671470999718e-03 8.859177120029926300e-03
1.783312484622001648e-02 -1.111302822828292847e-01 3.032110817730426788e-02 2.369227632880210876e-02
