5.037293769419193268e-03 -6.533291190862655640e-02 9.797995537519454956e-02 -1.444682758301496506e-02
2.666307613253593445e-02 -3.870791196823120117e-02 1.756895333528518677e-02 3.576041013002395630e-02
1.292339432984590530e-02 6.693476345390081406e-03 -1.711387746036052704e-02 -8.060380816459655762e-03
-4.475128278136253357e-02 -3.258208185434341431e-02 -4.547589924186468124e-03 2.778185345232486725e-02
-7.825861126184463501e-02 1.810734868049621582e-01 -1.568015813827514648e-01 -8.759771287441253662e-02
-8.170043677091598511e-02 -8.271372318267822266e-02 1.707133352756500244e-01 -9.076941758394241333e-02
4.513958841562271118e-02 4.167035594582557678e-02 1.255807699635624886e-03 -1.307439506053924561e-01
5.777189880609512329e-02 -5.973953288048505783e-03 -8.881662040948867798e-02 1.213881745934486389e-02
8.250826597213745117e-02 -8.677387982606887817e-02 -1.455083638429641724e-01 2.891486138105392456e-02
-6.078151240944862366e-02 5.828166380524635315e-02 4.011469706892967224e-02 -8.491095900535583496e-02
-6.941550225019454956e-02 -1.061113253235816956e-01 4.573873057961463928e-02 -6.133995950222015381e-02
4.311008378863334656e-02 -9.253398515284061432e-03 1.776812970638275146e-02 8.101275190711021423e-03
