-1.435499489307403564e-01 6.909192353487014771e-02 -7.070393860340118408e-02 1.682269014418125153e-02
1.877351850271224976e-02 6.598503887653350830e-02 -1.016046851873397827e-01 6.784274242818355560e-03
-1.418020427227020264e-01 5.584589205682277679e-03 1.723130606114864349e-02 5.512248724699020386e-02
-6.368255615234375000e-02 -8.608438819646835327e-02 9.460027515888214111e-02 6.322502344846725464e-02
2.447616122663021088e-02 4.910767078399658203e-02 -5.406692251563072205e-02 -8.049036376178264618e-03
-1.167932227253913879e-01 6.444568932056427002e-02 2.594926767051219940e-02 -9.089607745409011841e-02
-7.789681851863861084e-02 1.410139799118041992e-01 -1.188379526138305664e-01 -3.484130278229713440e-02
8.069089800119400024e-02 -3.357196599245071411e-02 -4.496568441390991211e-02 -1.466236561536788940e-01
-2.430502139031887054e-02 -1.013379544019699097e-01 1.016912311315536499e-01 -2.206659689545631409e-02
-5.200838297605514526e-02 2.632508240640163422e-02 5.060197040438652039e-02 -4.467862471938133240e-02
4.817737266421318054e-03 6.673239916563034058e-02 -1.376021653413772583e-01 3.445654734969139099e-02
7.896654307842254639e-02 3.817639872431755066e-02 1.266284659504890442e-02 -1.149668470025062561e-01
