-8.197330683469772339e-02 -7.296340912580490112e-02 4.249038547277450562e-02 6.008965894579887390e-02
-2.304888702929019928e-02 -3.526885807514190674e-02 5.145277455449104309e-02 -6.326082348823547363e-02
-2.711465395987033844e-02 -8.516681939363479614e-02 5.618981644511222839e-02 -2.346753142774105072e-02
3.061124123632907867e-03 -1.108770221471786499e-01 7.816196233034133911e-02 -3.772232308983802795e-02
9.556450881063938141e-03 2.374686673283576965e-02 -1.577795892953872681e-01 1.304398942738771439e-02
-2.886131778359413147e-02 -1.382244229316711426e-01 1.168438717722892761e-01 -1.037918329238891602e-01
-8.792719990015029907e-02 -1.757123321294784546e-01 1.596519052982330322e-01 -8.821560442447662354e-02
-2.674621529877185822e-02 -7.291831821203231812e-02 7.460439205169677734e-02 -8.593752980232238770e-02
6.861136853694915771e-02 -1.129690036177635193e-01 2.239509671926498413e-02 -9.094244241714477539e-02
-4.148242995142936707e-03 1.863534189760684967e-02 8.852630853652954102e-03 2.142170444130897522e-02
-1.608503237366676331e-02 5.041345953941345215e-02 6.144422106444835663e-03 3.389383852481842041e-02
7.075472921133041382e-02 -1.262283474206924438e-01 2.207909338176250458e-02 -3.257817775011062622e-02
