-6.930970400571823120e-02 4.673685133457183838e-02 9.536877274513244629e-03 3.358384221792221069e-02
-4.964743927121162415e-02 8.521509915590286255e-02 -3.706488758325576782e-02 -6.176129728555679321e-02
1.206840649247169495e-01 -1.286277323961257935e-01 -5.174664407968521118e-02 -4.974892362952232361e-02
-8.096674829721450806e-02 6.351469457149505615e-02 -9.417608380317687988e-02 4.396330937743186951e-02
-1.169985830783843994e-01 -3.765655308961868286e-02 -5.426637455821037292e-02 9.825188666582107544e-02
-1.249396875500679016e-01 -8.907233178615570068e-02 -5.109639465808868408e-02 1.078081801533699036e-01
-4.643750563263893127e-02 1.412519998848438263e-02 3.769586561247706413e-03 -4.687388986349105835e-02
-7.991745136678218842e-03 9.378831833600997925e-02 -1.387064009904861450e-01 -4.403861612081527710e-02
-5.490746349096298218e-02 -1.164689436554908752e-01 7.641809433698654175e-02 3.902527317404747009e-02
-2.309849672019481659e-02 -1.995189674198627472e-02 5.426628515124320984e-02 -1.537257619202136993e-02
-4.303678497672080994e-02 -2.540789917111396790e-02 1.737653650343418121e-02 4.598405212163925171e-02
-1.797942910343408585e-03 5.434283614158630371e-02 -1.220183596014976501e-01 2.939144521951675415e-02
