6.163661554455757141e-02 -2.803450450301170349e-02 -1.022741347551345825e-01 7.839866727590560913e-02
-4.153045639395713806e-02 8.781404793262481689e-02 -3.502321988344192505e-02 -1.453712433576583862e-01
-1.205361932516098022e-01 -9.943727403879165649e-03 5.875310674309730530e-02 -1.005021017044782639e-02
-2.255740761756896973e-02 -1.340702734887599945e-02 6.970649212598800659e-02 -5.799228698015213013e-02
-5.058733746409416199e-02 4.211528226733207703e-02 6.731517612934112549e-02 -3.396910801529884338e-02
-1.006615012884140015e-01 -5.163658410310745239e-02 -1.909810304641723633e-02 7.469241321086883545e-02
5.320575088262557983e-02 -1.361936032772064209e-01 2.332622371613979340e-02 -5.932844430208206177e-02
-1.290672831237316132e-02 5.658417567610740662e-02 -2.111461572349071503e-02 3.072646912187337875e-03
4.562012106180191040e-02 2.886717952787876129e-02 -1.225969940423965454e-01 9.430976584553718567e-03
-5.190878733992576599e-02 3.009001910686492920e-02 9.346691891551017761e-03 -2.077659964561462402e-02
4.303414747118949890e-02 7.551725953817367554e-02 -6.014945730566978455e-02 -3.365587443113327026e-02
5.216864123940467834e-02 -2.634890936315059662e-02 -4.437096044421195984e-02 5.475967004895210266e-02
