6.167655810713768005e-02 3.177136927843093872e-02 -1.967478692531585693e-01 2.204470150172710419e-02
-4.984527453780174255e-02 3.252686560153961182e-02 4.619003832340240479e-02 -9.317048639059066772e-02
5.964924395084381104e-02 -1.028450299054384232e-02 -4.972986876964569092e-02 2.758957445621490479e-02
-4.254820197820663452e-02 -7.900614291429519653e-02 -1.483902521431446075e-02 5.503764748573303223e-02
7.980993017554283142e-03 -9.521552175283432007e-02 6.220572441816329956e-02 -3.688947111368179321e-02
3.154134377837181091e-02 4.469599807634949684e-04 -2.617806941270828247e-02 5.097945407032966614e-02
-4.746045917272567749e-02 4.223566874861717224e-02 -2.608417766168713570e-03 -7.726500183343887329e-02
-3.900045156478881836e-02 4.330328106880187988e-02 4.904425889253616333e-02 -1.336140185594558716e-01
-4.526397958397865295e-02 -4.084198735654354095e-03 8.154974132776260376e-02 -1.213649138808250427e-01
-7.959918677806854248e-02 -3.052220493555068970e-02 -8.347217738628387451e-02 8.013526350259780884e-02
1.098169086617417634e-04 6.325575709342956543e-02 -1.319580376148223877e-01 -5.316177755594253540e-02
-7.454597949981689453e-02 -1.341923326253890991e-02 1.027180552482604980e-01 -8.689633756875991821e-02
