-3.548051044344902039e-02 7.340953499078750610e-02 -2.469542808830738068e-02 -6.521088629961013794e-02
7.216870784759521484e-02 -8.428326249122619629e-02 3.401397913694381714e-02 -6.061892956495285034e-02
4.031078144907951355e-02 -4.219033755362033844e-03 -8.499003946781158447e-03 -1.622824966907501221e-01
1.376412995159626007e-02 1.076158415526151657e-02 -1.322308741509914398e-02 2.401581592857837677e-02
-4.235033690929412842e-02 3.790685161948204041e-02 4.593164846301078796e-02 -9.466055035591125488e-02
5.613250657916069031e-02 -1.162139400839805603e-01 -7.942718267440795898e-02 2.713009156286716461e-02
-3.466036543250083923e-02 -4.802728071808815002e-02 8.896590769290924072e-02 -7.542565464973449707e-02
-1.825821213424205780e-02 -1.166043877601623535e-01 9.941641986370086670e-02 -9.758488088846206665e-02
6.939873844385147095e-02 4.092308506369590759e-02 -8.763682842254638672e-02 -1.541683226823806763e-01
-3.547784686088562012e-02 6.106676906347274780e-02 -4.907333478331565857e-02 -2.611012943089008331e-02
-6.383776664733886719e-02 -6.137864664196968079e-02 -9.782648831605911255e-02 1.539157778024673462e-01
-5.457508191466331482e-02 -4.380470514297485352e-02 -6.732292473316192627e-02 8.085417747497558594e-02
