-1.106290519237518311e-01 -4.961583018302917480e-02 -2.069283463060855865e-02 8.878102153539657593e-02
-3.343249484896659851e-02 6.011534947901964188e-03 -7.809984683990478516e-02 8.822475373744964600e-02
-8.346689492464065552e-02 6.933279335498809814e-02 -1.532001942396163940e-01 6.467442959547042847e-02
-6.954050809144973755e-02 3.630077838897705078e-02 2.691734395921230316e-02 -1.884553022682666779e-02
1.079654246568679810e-01 -7.619769126176834106e-02 6.631216499954462051e-03 -4.240927845239639282e-02
-1.771696470677852631e-02 -1.154047176241874695e-01 -9.103134274482727051e-02 1.371565312147140503e-01
-9.040821343660354614e-02 -6.719775497913360596e-02 -6.928821653127670288e-02 1.104973107576370239e-01
-5.117798596620559692e-02 2.588281221687793732e-02 6.733421236276626587e-02 -7.280226051807403564e-02
-8.264620602130889893e-02 -5.447284504771232605e-02 1.018574312329292297e-01 -1.081000864505767822e-01
-1.531121432781219482e-01 1.230785530060529709e-02 -1.212436184287071228e-01 5.502238869667053223e-02
-1.153324246406555176e-01 3.208351135253906250e-02 -8.245111256837844849e-02 6.891111284494400024e-02
6.773968925699591637e-04 -1.815784722566604614e-02 6.216984614729881287e-02 -7.189214974641799927e-02
