-3.143714368343353271e-02 -5.402475595474243164e-02 2.302396111190319061e-02 6.509250961244106293e-03
2.086157351732254028e-02 -6.879390776157379150e-02 4.674860462546348572e-02 -1.175816431641578674e-01
3.151071444153785706e-02 -4.158884659409523010e-02 1.463852357119321823e-02 -1.053748130798339844e-01
5.511375889182090759e-02 -6.979396566748619080e-03 -1.186168268322944641e-01 -2.127803862094879150e-02
3.239766508340835571e-02 4.016342759132385254e-02 3.664791211485862732e-02 -1.453081965446472168e-01
3.929033130407333374e-02 -7.339173555374145508e-02 8.682667464017868042e-02 -8.350378274917602539e-02
1.082696858793497086e-02 -6.022226810455322266e-02 7.952150702476501465e-02 -7.742200046777725220e-02
-3.969695791602134705e-02 -6.957744061946868896e-02 5.139716342091560364e-02 -9.417643398046493530e-02
-6.046117842197418213e-02 6.557111442089080811e-02 -4.344399645924568176e-02 -9.195040911436080933e-03
-1.332300063222646713e-02 -6.136360391974449158e-02 3.485729917883872986e-03 2.822505310177803040e-02
-5.651304870843887329e-02 -3.984133526682853699e-02 5.635377764701843262e-02 -6.772906333208084106e-02
-1.461348123848438263e-02 -9.307826310396194458e-02 7.173188775777816772e-02 1.279693190008401871e-02
