4.500064998865127563e-03 -6.485582888126373291e-02 2.117737010121345520e-02 1.461841445416212082e-02
-1.062814220786094666e-01 -1.239589899778366089e-01 1.192976906895637512e-01 -5.426004156470298767e-02
1.083964481949806213e-02 2.769514918327331543e-03 1.199193857610225677e-02 -1.195421516895294189e-01
-1.048862040042877197e-01 -1.041308864951133728e-01 1.764097511768341064e-01 -8.085994422435760498e-02
-3.531340509653091431e-02 -3.491906449198722839e-02 2.981179393827915192e-02 -6.186637282371520996e-02
2.605532109737396240e-02 6.901462096720933914e-03 -1.422437280416488647e-01 -2.705900371074676514e-02
2.936036512255668640e-02 -1.490446329116821289e-01 1.075764670968055725e-01 -1.156855076551437378e-01
2.598475664854049683e-02 -1.706801801919937134e-01 8.621907979249954224e-02 -8.032777905464172363e-02
4.218935966491699219e-02 -4.448970034718513489e-02 -2.926286496222019196e-02 3.941620513796806335e-02
-7.390092313289642334e-02 -7.085523009300231934e-02 8.158852159976959229e-02 1.897155120968818665e-02
2.326063439249992371e-02 2.912717685103416443e-02 6.934057921171188354e-03 -3.047981299459934235e-02
-1.272944211959838867e-01 9.458950161933898926e-02 -3.915634006261825562e-03 -5.116815492510795593e-02
