4.753859341144561768e-02 7.635246030986309052e-03 -6.364800035953521729e-02 -4.204113781452178955e-02
3.686022013425827026e-02 -7.177496794611215591e-03 4.492741078138351440e-03 3.762395679950714111e-02
1.414009481668472290e-01 -1.142010241746902466e-01 -7.900041341781616211e-02 -1.472377479076385498e-01
-1.559107005596160889e-01 1.283250451087951660e-01 -1.062244847416877747e-01 -3.643007203936576843e-02
2.105095051229000092e-02 -2.178994379937648773e-02 6.195515021681785583e-02 -1.179313808679580688e-01
-7.673031091690063477e-02 -1.768648177385330200e-01 1.966868638992309570e-01 -1.326533854007720947e-01
-2.757627516984939575e-02 -1.498602330684661865e-01 1.511216014623641968e-01 -1.117753759026527405e-01
-5.720757693052291870e-02 -5.416947603225708008e-02 6.985972076654434204e-02 -1.288366410881280899e-02
-8.501578867435455322e-02 -3.758165612816810608e-02 9.017258137464523315e-02 -1.123784482479095459e-01
-4.717504978179931641e-02 3.592092171311378479e-02 1.622439362108707428e-02 -2.808312652632594109e-03
1.039692200720310211e-02 -5.271498113870620728e-02 -1.877625100314617157e-02 6.060614064335823059e-02
2.475194446742534637e-02 -3.712537139654159546e-02 -5.761016905307769775e-02 4.029855132102966309e-02
