-3.366695344448089600e-02 -8.851805329322814941e-02 8.422249555587768555e-02 1.427191402763128281e-02
-1.290767192840576172e-01 4.557276889681816101e-02 -2.345331571996212006e-02 7.440690696239471436e-02
-1.097247898578643799e-01 3.441835567355155945e-02 -7.310394197702407837e-02 2.787872590124607086e-02
4.042454063892364502e-02 3.730113431811332703e-02 -9.514234960079193115e-02 -4.069721698760986328e-02
-7.697188854217529297e-02 4.686610400676727295e-02 -2.725756354629993439e-02 -6.339208781719207764e-02
-1.626385450363159180e-01 -2.013250142335891724e-01 2.061814442276954651e-02 7.956358790397644043e-02
-1.348143070936203003e-01 4.792398214340209961e-02 -1.788333952426910400e-01 7.099765539169311523e-02
-1.099751964211463928e-01 1.292279660701751709e-01 -1.227231621742248535e-01 -3.568898653611540794e-03
-4.999520629644393921e-02 1.114775463938713074e-01 -1.269556730985641479e-01 -1.049728617072105408e-01
-1.070294082164764404e-01 -8.772884309291839600e-02 3.467019274830818176e-02 1.072673872113227844e-02
-5.658680573105812073e-02 -3.815848380327224731e-02 7.189779728651046753e-02 5.880090221762657166e-02
6.025682762265205383e-02 -6.613523699343204498e-03 2.003445057198405266e-03 -5.488496273756027222e-02
