-4.599810019135475159e-02 -3.828715905547142029e-02 -2.335174940526485443e-02 7.265428453683853149e-02
9.945989400148391724e-02 -3.225050121545791626e-02 -1.046254783868789673e-01 -1.110850647091865540e-02
-3.172371163964271545e-02 5.491415783762931824e-02 1.004806905984878540e-02 -1.778555661439895630e-02
-7.960833609104156494e-02 -8.218917250633239746e-02 1.073883771896362305e-01 -2.617810107767581940e-02
8.539571426808834076e-03 -1.078478172421455383e-01 4.753114655613899231e-02 -7.262308150529861450e-02
-2.279343828558921814e-02 2.120115235447883606e-02 -3.024963289499282837e-02 5.843903869390487671e-02
-4.634831100702285767e-02 1.009486764669418335e-01 -3.208665177226066589e-02 -9.631842374801635742e-02
5.504175275564193726e-02 7.202167809009552002e-02 -9.065993130207061768e-02 -9.119167923927307129e-02
-1.709676533937454224e-01 3.061063215136528015e-02 -1.659618690609931946e-02 4.611422121524810791e-02
2.145094983279705048e-02 4.349657893180847168e-02 -4.035423696041107178e-02 2.449709922075271606e-02
5.965561140328645706e-03 8.380212634801864624e-02 -1.226016953587532043e-01 -5.744644254446029663e-02
-3.472460806369781494e-02 5.267184600234031677e-02 -9.354345500469207764e-02 4.741459712386131287e-02
