-3.233641386032104492e-02 -1.036235615611076355e-01 2.745034918189048767e-02 -3.831249661743640900e-03
4.779463633894920349e-02 6.540325284004211426e-02 -6.671924889087677002e-02 -6.178410723805427551e-02
-1.093824743293225765e-03 1.208002120256423950e-01 -8.551515638828277588e-02 -4.963213577866554260e-02
-1.365570444613695145e-02 -4.788744449615478516e-02 -6.637240946292877197e-02 8.575175702571868896e-02
-1.322700381278991699e-01 -5.672496743500232697e-03 -2.384793013334274292e-02 3.394343703985214233e-02
-5.737274140119552612e-02 -7.524622231721878052e-02 -4.049799963831901550e-02 6.088865920901298523e-02
-3.560045361518859863e-02 2.004803903400897980e-02 7.436797022819519043e-04 2.364679425954818726e-02
3.905419027432799339e-03 1.055299770087003708e-03 -6.208703666925430298e-02 3.445377200841903687e-02
-1.396882627159357071e-02 8.552814275026321411e-02 -3.883812576532363892e-02 -1.520916353911161423e-02
-6.126274913549423218e-02 1.356153097003698349e-02 -7.353087514638900757e-02 7.377792894840240479e-02
3.178586484864354134e-03 7.339593768119812012e-02 -2.327498607337474823e-02 -3.234171122312545776e-02
3.439268097281455994e-02 6.055695004761219025e-03 -7.023753225803375244e-02 -1.228656806051731110e-02
