-4.367743153125047684e-03 3.989041596651077271e-02 3.284325450658798218e-02 -7.177525758743286133e-02
2.901493385434150696e-02 -1.122777815908193588e-03 -5.867862328886985779e-02 3.644033521413803101e-02
-7.131662219762802124e-02 3.942630067467689514e-02 -1.860013976693153381e-02 3.674308955669403076e-02
-1.322753876447677612e-01 6.047777086496353149e-02 -1.042956039309501648e-01 8.405140042304992676e-02
-1.254537254571914673e-01 -9.021772444248199463e-02 4.623969085514545441e-03 9.530540555715560913e-02
-1.559942215681076050e-01 5.846690386533737183e-02 -3.509859740734100342e-02 1.141529064625501633e-03
-6.897335499525070190e-02 1.443732678890228271e-01 -1.286361366510391235e-01 1.360205654054880142e-02
-4.157105460762977600e-02 9.970778599381446838e-03 -1.750945299863815308e-02 6.032339110970497131e-02
9.900107979774475098e-03 1.082946136593818665e-01 -7.654302567243576050e-02 -9.361989051103591919e-02
-6.973825395107269287e-02 -2.662178874015808105e-02 5.357496440410614014e-03 7.927859574556350708e-02
-1.107272952795028687e-01 5.212824791669845581e-02 1.675266213715076447e-02 3.341341391205787659e-02
-8.577300608158111572e-02 7.556343078613281250e-02 -9.004786610603332520e-02 4.549713060259819031e-02
