1.486255507916212082e-02 -8.571433834731578827e-03 2.223057905212044716e-03 -7.156600244343280792e-03
1.011588145047426224e-02 -5.015575513243675232e-02 2.448320016264915466e-02 -3.045705333352088928e-02
2.077976427972316742e-02 4.085332527756690979e-02 9.293187409639358521e-03 1.294590183533728123e-04
1.509088929742574692e-02 -1.856479048728942871e-02 -3.573549538850784302e-02 -1.501892879605293274e-02
-6.601899862289428711e-02 1.125613749027252197e-01 -2.142450399696826935e-02 -9.141098707914352417e-02
-4.362379014492034912e-02 -7.219785451889038086e-02 1.306805014610290527e-01 -1.049013882875442505e-01
4.618624225258827209e-02 -9.894539415836334229e-02 4.035168141126632690e-02 -1.394433528184890747e-01
-1.157775744795799255e-01 -1.273018568754196167e-01 -5.303057283163070679e-02 1.219729781150817871e-01
7.027636468410491943e-02 8.728695660829544067e-02 -9.498361498117446899e-02 -2.869119308888912201e-02
-1.061100959777832031e-01 4.815653339028358459e-02 5.367499962449073792e-02 -1.243897993117570877e-02
4.236071556806564331e-02 -1.571018248796463013e-01 3.447429835796356201e-02 -5.675831437110900879e-02
-3.727374225854873657e-02 -3.629522770643234253e-02 2.697348035871982574e-02 2.468560636043548584e-02
