4.403463378548622131e-02 -5.832597380504012108e-04 -4.555493593215942383e-02 -4.056362062692642212e-02
1.106057912111282349e-01 -7.208859920501708984e-02 7.934668660163879395e-02 -1.348431259393692017e-01
5.725111812353134155e-02 -5.781072378158569336e-02 5.088927224278450012e-02 -2.145319432020187378e-02
-7.075992226600646973e-02 7.523734867572784424e-02 -1.401356700807809830e-02 -6.962845218367874622e-04
1.854354888200759888e-02 1.240515336394309998e-01 -1.844585090875625610e-01 -7.789290696382522583e-02
3.124735783785581589e-03 7.354585081338882446e-02 -5.751631408929824829e-02 -1.110835298895835876e-01
-3.581287339329719543e-02 1.008100733160972595e-01 -4.303304851055145264e-02 -1.423343569040298462e-01
-5.457237362861633301e-03 -1.839318275451660156e-01 7.727333158254623413e-02 -2.338077500462532043e-02
1.341279316693544388e-02 1.132987141609191895e-01 -1.226582303643226624e-01 -1.293464098125696182e-02
-6.801406294107437134e-02 5.314532294869422913e-02 -6.249532103538513184e-03 -4.231134057044982910e-02
-1.374477148056030273e-01 4.713422805070877075e-02 -8.121909201145172119e-02 8.008185774087905884e-02
-6.040371209383010864e-02 8.996497094631195068e-02 -4.093425720930099487e-02 -3.808388486504554749e-02
