-4.326780326664447784e-03 1.026399433612823486e-02 -8.406475931406021118e-02 4.621227830648422241e-02
-6.425444036722183228e-02 1.113792210817337036e-01 -4.773022979497909546e-02 -4.215093702077865601e-02
-1.008114814758300781e-01 1.192840114235877991e-01 -3.842489421367645264e-02 -2.867293171584606171e-02
7.405737787485122681e-02 -2.671338990330696106e-02 -1.089124158024787903e-01 1.050124038010835648e-02
-8.758978545665740967e-02 -1.386164426803588867e-01 9.667911380529403687e-02 3.627035766839981079e-02
-2.296782657504081726e-02 -4.642926156520843506e-03 1.785914599895477295e-02 3.292474523186683655e-02
1.236195564270019531e-01 -8.359809219837188721e-02 -1.160913798958063126e-02 -7.183231413364410400e-02
5.025208368897438049e-02 -3.941948339343070984e-02 -2.076257579028606415e-02 3.534691035747528076e-02
-4.484439641237258911e-02 -9.341161698102951050e-02 1.380533128976821899e-01 -1.007120385766029358e-01
-5.050301551818847656e-02 2.215002849698066711e-02 -7.215983420610427856e-02 8.945171535015106201e-02
1.385484170168638229e-02 4.106539860367774963e-02 6.037504877895116806e-03 -8.770812302827835083e-02
7.220605015754699707e-02 -5.826092883944511414e-02 -2.773655764758586884e-02 -1.083045080304145813e-01
