-2.472524344921112061e-02 -1.514881998300552368e-01 8.499633520841598511e-02 1.616464927792549133e-03
4.098073393106460571e-02 -4.396863654255867004e-02 -1.458193212747573853e-01 6.680948287248611450e-02
-4.858944192528724670e-02 7.474691420793533325e-02 -1.351342187263071537e-03 -2.848775312304496765e-02
-1.037925034761428833e-01 6.562220305204391479e-02 -5.439651757478713989e-02 -7.872337847948074341e-02
1.172601245343685150e-02 -1.476217061281204224e-01 1.545858830213546753e-01 -6.204302981495857239e-02
1.625393144786357880e-02 1.075042188167572021e-01 -7.068132609128952026e-02 -1.163454949855804443e-01
-5.222700163722038269e-02 3.143669292330741882e-02 -9.133368730545043945e-03 2.219602651894092560e-02
-2.997455187141895294e-02 -3.092779405415058136e-02 -5.161567777395248413e-02 6.418868899345397949e-02
3.050309605896472931e-02 5.572932586073875427e-02 -1.567150354385375977e-01 -5.639959499239921570e-02
7.760542631149291992e-02 -7.946258783340454102e-02 5.014361813664436340e-03 -4.765118658542633057e-02
1.544302701950073242e-01 -1.424841731786727905e-01 -1.813506484031677246e-01 -3.438065946102142334e-02
-1.266671717166900635e-01 4.495802894234657288e-02 -9.218911640346050262e-03 2.458789385855197906e-02
