5.564553663134574890e-02 -1.261590570211410522e-01 2.962138876318931580e-02 1.311613339930772781e-02
-9.766205400228500366e-02 6.240634247660636902e-02 -5.798546597361564636e-02 2.019486390054225922e-03
6.772231310606002808e-02 -7.555549591779708862e-02 -1.154059451073408127e-02 3.866807371377944946e-02
2.815620973706245422e-02 -5.065428093075752258e-02 3.180184215307235718e-02 -2.718300186097621918e-02
-1.426686197519302368e-01 6.581687182188034058e-02 -9.062524139881134033e-02 4.586426541209220886e-02
-1.123186349868774414e-01 4.286623373627662659e-02 -1.211711019277572632e-01 4.390861839056015015e-02
-1.108077727258205414e-02 -1.299885809421539307e-01 5.650179926306009293e-03 5.953430384397506714e-02
3.139600902795791626e-02 4.677257686853408813e-02 5.130714736878871918e-03 -1.238905545324087143e-02
-6.247223913669586182e-02 5.623669177293777466e-02 -3.197971358895301819e-02 -1.245540603995323181e-01
6.585507094860076904e-02 -1.010089889168739319e-01 -7.169626653194427490e-02 2.080838754773139954e-02
-4.281074181199073792e-02 -7.055802643299102783e-02 1.016439273953437805e-01 -1.249912232160568237e-01
3.578785806894302368e-02 -5.989024415612220764e-02 5.868647992610931396e-02 -1.196871399879455566e-01
