3.821896389126777649e-03 5.141419917345046997e-02 -1.885840552859008312e-03 2.405544556677341461e-02
8.807135745882987976e-03 4.262501839548349380e-03 2.240313217043876648e-03 7.125354837626218796e-03
3.982615470886230469e-02 -3.577611967921257019e-02 1.116297557018697262e-03 1.003929530270397663e-03
-2.741698361933231354e-02 -2.501992508769035339e-02 1.351285260170698166e-02 8.187060058116912842e-02
2.338473685085773468e-02 -1.151678245514631271e-02 2.784107252955436707e-02 -5.456235632300376892e-02
-5.486511439085006714e-02 2.835598215460777283e-02 2.503398433327674866e-02 -1.949088647961616516e-02
2.440610434859991074e-03 3.558541089296340942e-02 4.565566778182983398e-03 -8.750133216381072998e-03
-6.522122770547866821e-02 1.358793228864669800e-01 -5.487038567662239075e-02 -8.362166583538055420e-02
-1.034965962171554565e-01 -6.908401101827621460e-02 1.799199432134628296e-01 -1.899077743291854858e-01
-5.696251988410949707e-02 2.802773751318454742e-02 -4.919987171888351440e-02 4.381508752703666687e-02
3.472855687141418457e-02 -1.325284242630004883e-01 -1.831637173891067505e-01 1.173364222049713135e-01
1.178098171949386597e-01 -7.470332086086273193e-02 -8.095940202474594116e-02 -5.831694602966308594e-02
