3.704382106661796570e-02 2.688231877982616425e-02 -9.098656475543975830e-03 -4.229451715946197510e-02
2.613631542772054672e-03 -1.277707964181900024e-01 -2.429705299437046051e-02 4.911683872342109680e-02
1.906458172015845776e-03 5.238582193851470947e-02 6.523208227008581161e-03 -5.549541860818862915e-02
-9.151752293109893799e-02 5.108629912137985229e-02 -5.504237115383148193e-02 -1.619709073565900326e-03
-3.702847659587860107e-02 3.971365094184875488e-02 -1.276229619979858398e-01 5.278392508625984192e-02
9.098357707262039185e-02 -7.499445974826812744e-02 -4.551499709486961365e-02 -1.285583805292844772e-02
-1.141671165823936462e-01 -1.656247861683368683e-02 -1.249243170022964478e-01 8.272729068994522095e-02
6.591834127902984619e-02 -1.075121462345123291e-01 2.451562322676181793e-02 -3.277987614274024963e-02
-1.399634480476379395e-01 6.611230224370956421e-02 -6.257355958223342896e-02 5.159581452608108521e-02
-1.253085881471633911e-01 1.911376863718032837e-01 -1.244800537824630737e-01 -1.309994608163833618e-01
-6.136608868837356567e-02 -4.808709397912025452e-02 9.619232267141342163e-02 -1.425940990447998047e-01
2.823186479508876801e-02 -6.222815439105033875e-02 -5.931761115789413452e-02 5.803058296442031860e-02
