-4.335337877273559570e-02 1.511656865477561951e-02 7.943940907716751099e-02 -6.373299658298492432e-02
2.759075537323951721e-02 2.620023116469383240e-02 1.610961859114468098e-03 -6.503157317638397217e-02
-1.018934622406959534e-01 -6.492161005735397339e-02 1.083391010761260986e-01 -8.434958010911941528e-02
-4.839358851313591003e-02 -4.770054295659065247e-02 4.852343723177909851e-02 -3.119815886020660400e-02
2.336586453020572662e-02 7.409399002790451050e-02 -2.102192044258117676e-01 -1.621387200430035591e-03
-7.469154149293899536e-02 -4.889573529362678528e-02 1.368437856435775757e-01 -5.610601976513862610e-02
-5.816397815942764282e-02 2.467850223183631897e-03 6.213779747486114502e-02 -7.623482495546340942e-02
-1.031231358647346497e-01 -1.595964431762695312e-01 1.970803737640380859e-02 6.064253672957420349e-02
-1.006772816181182861e-01 -4.707072861492633820e-03 1.007372140884399414e-01 -1.110142916440963745e-01
8.771152235567569733e-03 8.643235079944133759e-03 1.797564141452312469e-02 2.059248462319374084e-02
-7.856418192386627197e-02 6.649906188249588013e-02 -1.303629726171493530e-01 6.538257002830505371e-03
-1.129511967301368713e-01 -2.424984052777290344e-02 -6.503936648368835449e-02 9.441003203392028809e-02
