2.622959576547145844e-02 -7.931084930896759033e-02 7.668667286634445190e-02 -7.146690785884857178e-02
4.166477173566818237e-02 -7.227425277233123779e-02 -1.048524212092161179e-02 -1.003189831972122192e-01
1.262624748051166534e-02 3.740473464131355286e-02 -1.025139763951301575e-01 3.543481230735778809e-02
5.745436623692512512e-02 5.258784070611000061e-02 -4.357410967350006104e-02 -6.906852871179580688e-02
-8.848085999488830566e-02 1.027289964258670807e-02 1.363117061555385590e-02 -5.174377560615539551e-02
6.696983426809310913e-02 -4.951758310198783875e-02 -1.282239984720945358e-02 -2.438187785446643829e-02
1.726391725242137909e-02 -8.170393109321594238e-02 -1.171585638076066971e-02 4.938274621963500977e-02
-8.717405050992965698e-02 -6.852759420871734619e-02 -1.211970150470733643e-01 1.591921597719192505e-01
7.381489127874374390e-02 -1.414373815059661865e-01 3.626056015491485596e-02 -8.708354085683822632e-02
-3.498153761029243469e-02 6.908460706472396851e-02 -3.737577795982360840e-02 3.757093846797943115e-02
-5.471382662653923035e-02 1.255260258913040161e-01 -6.532067060470581055e-02 -5.804410949349403381e-02
-1.060500219464302063e-01 -1.580698937177658081e-01 1.862699985504150391e-01 -3.815550357103347778e-02
