6.725993938744068146e-03 -2.337645972147583961e-03 -4.277639463543891907e-02 3.554106876254081726e-02
-5.606743972748517990e-03 -6.919042021036148071e-02 8.181322365999221802e-02 -8.578767627477645874e-02
-8.423088490962982178e-02 -1.090992763638496399e-01 8.135843276977539062e-02 -1.598420739173889160e-02
8.524326980113983154e-02 -1.603826880455017090e-01 2.360052242875099182e-02 -4.833335056900978088e-02
-1.133590638637542725e-01 -1.772191189229488373e-02 8.228108286857604980e-02 -1.551879495382308960e-01
-1.334774047136306763e-01 -1.621332764625549316e-01 4.997031763195991516e-02 5.758351087570190430e-02
5.131635069847106934e-02 8.132408559322357178e-02 -1.124000698328018188e-01 -4.080436751246452332e-02
-4.148758575320243835e-02 -1.998681575059890747e-02 7.481941580772399902e-02 1.671414822340011597e-02
-1.264589726924896240e-01 -1.249369978904724121e-01 1.099429577589035034e-01 -1.863643154501914978e-02
-2.350138686597347260e-02 -1.210648790001869202e-01 5.947861447930335999e-02 5.226151272654533386e-02
-2.013541525229811668e-03 -4.755230620503425598e-02 8.229881525039672852e-02 -1.404754966497421265e-01
-6.596985459327697754e-02 8.694335818290710449e-02 -6.924776732921600342e-02 1.913883350789546967e-02
