-7.653831690549850464e-02 5.224479362368583679e-02 1.782778464257717133e-02 1.474156230688095093e-02
-3.163464367389678955e-02 1.646813601255416870e-01 -1.114526093006134033e-01 -1.233542934060096741e-01
-1.924710273742675781e-01 -6.309915333986282349e-02 -3.228586167097091675e-03 9.529572725296020508e-02
-1.945019662380218506e-01 -3.240928426384925842e-02 1.198134049773216248e-01 -6.361380219459533691e-02
-1.049975901842117310e-01 2.355680614709854126e-02 5.401121079921722412e-02 -2.814271114766597748e-02
2.400404540821909904e-03 -9.842124581336975098e-02 8.621520549058914185e-02 -8.960431814193725586e-02
-1.189977023750543594e-02 1.290201246738433838e-01 -1.223647817969322205e-01 -8.064073324203491211e-02
-3.801447898149490356e-02 -6.962532550096511841e-02 5.669092014431953430e-02 5.625458434224128723e-03
-9.069319814443588257e-02 -4.868781566619873047e-02 8.615807443857192993e-02 -5.637506023049354553e-02
6.654609739780426025e-02 2.184594795107841492e-02 -9.194368869066238403e-02 -3.112491033971309662e-02
1.779851131141185760e-02 -6.999741494655609131e-02 6.629630923271179199e-02 -8.688686648383736610e-04
-1.044187843799591064e-01 6.094309687614440918e-02 2.519913204014301300e-02 -2.547895163297653198e-02
