1.032112911343574524e-01 -1.423150897026062012e-01 -7.869010418653488159e-02 -2.709153108298778534e-02
2.765848301351070404e-02 2.211416140198707581e-02 2.066939696669578552e-02 -5.946479737758636475e-02
5.755137652158737183e-03 -7.345900684595108032e-02 2.038854919373989105e-02 6.045433878898620605e-02
-7.373311370611190796e-02 -9.786669164896011353e-02 1.581150591373443604e-01 -7.350399345159530640e-02
4.823262244462966919e-02 3.096555359661579132e-02 -5.013589560985565186e-02 -9.093573689460754395e-02
-8.693664520978927612e-02 1.632025651633739471e-02 9.461200982332229614e-02 -1.613020747900009155e-01
-2.056018449366092682e-02 4.219526797533035278e-02 7.493079639971256256e-03 -6.124488264322280884e-02
4.893249273300170898e-02 -3.054465400055050850e-03 -6.686843931674957275e-02 -1.151351630687713623e-02
3.507302328944206238e-02 -9.938920289278030396e-02 4.740764852613210678e-03 4.304049536585807800e-02
-5.523436889052391052e-02 -8.434594422578811646e-02 1.228072047233581543e-01 -1.615905389189720154e-02
-2.376752346754074097e-02 8.477068692445755005e-02 1.482182275503873825e-02 -9.558045864105224609e-02
-2.125954069197177887e-02 -1.512712538242340088e-01 7.404747605323791504e-02 -1.461597043089568615e-03
