2.172514237463474274e-02 -5.041059106588363647e-02 9.777305647730827332e-03 -5.312942434102296829e-03
1.191266253590583801e-02 1.076385192573070526e-02 -2.099994197487831116e-02 -1.415551174432039261e-03
3.904850780963897705e-02 -5.563047155737876892e-02 6.085823476314544678e-02 -1.494317688047885895e-02
-1.263222377747297287e-02 5.911571532487869263e-02 -7.801081240177154541e-02 -2.014919742941856384e-02
-5.553441494703292847e-02 3.965571150183677673e-02 -1.095139980316162109e-02 1.608102396130561829e-02
-1.387030035257339478e-01 9.538331627845764160e-02 7.058480754494667053e-03 -8.194050937891006470e-02
-6.272756308317184448e-02 -6.990744173526763916e-02 1.551160812377929688e-01 -1.268815100193023682e-01
4.642498120665550232e-02 -1.441414933651685715e-02 -6.529147922992706299e-02 3.574479371309280396e-02
5.320042371749877930e-02 -9.669367223978042603e-02 -3.741120919585227966e-02 -5.324404686689376831e-02
-5.722692981362342834e-02 -8.076309412717819214e-02 -6.430922076106071472e-03 9.721195697784423828e-02
5.018492415547370911e-02 4.773228615522384644e-02 -1.126776337623596191e-01 -9.005925804376602173e-02
1.789178512990474701e-02 -1.528994143009185791e-01 5.259848758578300476e-02 -1.314302906394004822e-02
