5.821883678436279297e-02 -5.361870303750038147e-02 -3.176172263920307159e-03 -1.834523677825927734e-02
5.951779708266258240e-02 1.637046225368976593e-02 1.362285763025283813e-02 -1.231218352913856506e-01
-1.229551341384649277e-02 2.813561074435710907e-02 -8.506288379430770874e-02 4.917194321751594543e-02
-1.043247710913419724e-02 -2.431449852883815765e-02 5.095848068594932556e-02 -2.186718583106994629e-02
1.495891809463500977e-02 -8.737119287252426147e-02 4.485256224870681763e-02 5.031036958098411560e-02
-1.073406860232353210e-01 6.635290384292602539e-02 -8.657585829496383667e-03 -9.492251276969909668e-02
1.105056032538414001e-01 -1.095299720764160156e-01 -6.899963319301605225e-02 -2.196634933352470398e-02
-8.205929398536682129e-02 -1.088915243744850159e-01 1.076439097523689270e-01 -6.453918665647506714e-02
-9.774368256330490112e-02 1.316009759902954102e-01 -7.418911159038543701e-02 -1.337696909904479980e-01
-1.723303808830678463e-03 -1.004411466419696808e-02 -2.996675111353397369e-02 4.699931293725967407e-02
-6.434200704097747803e-02 -3.058337979018688202e-02 4.160122945904731750e-02 -7.584250718355178833e-02
-4.204501956701278687e-02 8.748862892389297485e-02 -7.548724859952926636e-02 4.986135754734277725e-03
