4.907915741205215454e-02 -4.414883255958557129e-02 -5.233584716916084290e-02 -1.385595649480819702e-02
-3.250883892178535461e-02 5.216266214847564697e-02 3.653931664302945137e-03 -9.478633850812911987e-02
-2.227937057614326477e-02 -9.840727597475051880e-02 1.212605237960815430e-01 -1.639633178710937500e-01
-1.232065111398696899e-01 -8.828574419021606445e-02 1.553665697574615479e-01 -1.294077634811401367e-01
-1.055583208799362183e-01 -1.189237087965011597e-01 1.786551773548126221e-01 -9.065790474414825439e-02
-1.402796991169452667e-02 -2.113254666328430176e-01 1.373194158077239990e-01 -1.758480221033096313e-01
-4.559568688273429871e-02 -1.601388603448867798e-01 1.856836080551147461e-01 -7.650042325258255005e-02
-6.391861289739608765e-02 -1.453738957643508911e-01 1.159964650869369507e-01 3.517916426062583923e-02
1.909004896879196167e-02 -8.190490305423736572e-02 6.015100702643394470e-02 -5.174643546342849731e-02
2.430843887850642204e-03 3.010111115872859955e-02 5.025551095604896545e-02 -7.105740904808044434e-02
3.239927440881729126e-02 5.942848511040210724e-03 -4.052593931555747986e-02 1.992995664477348328e-02
4.151113703846931458e-02 -3.268704563379287720e-02 -2.119750343263149261e-02 3.564006090164184570e-02
