5.333759635686874390e-02 5.225355178117752075e-02 -2.709384635090827942e-02 -1.089475229382514954e-01
3.571796417236328125e-02 -8.425748348236083984e-02 7.152003049850463867e-02 -1.017855629324913025e-01
6.847602874040603638e-02 -7.894980907440185547e-02 -3.288136050105094910e-02 7.507079094648361206e-02
-3.616071864962577820e-02 1.054301336407661438e-01 -4.374711960554122925e-02 -1.349303424358367920e-01
-1.285443603992462158e-01 -7.084928452968597412e-02 7.344526052474975586e-02 -4.744994267821311951e-02
3.319503739476203918e-02 -1.609901338815689087e-01 8.618109673261642456e-02 1.486912555992603302e-02
6.186937540769577026e-02 -3.984272107481956482e-02 -7.991801202297210693e-02 2.547618933022022247e-02
7.292069029062986374e-03 6.259293109178543091e-02 -8.533380925655364990e-02 -9.074852615594863892e-02
4.308928921818733215e-02 -5.050690378993749619e-03 -5.455038323998451233e-02 -4.976811632513999939e-02
-2.496501058340072632e-02 -3.688760474324226379e-02 6.486250460147857666e-02 -9.214219450950622559e-02
-1.193202957510948181e-01 3.475924581289291382e-02 4.702526330947875977e-02 -1.273585204035043716e-02
3.170377388596534729e-02 1.305753178894519806e-02 2.970503829419612885e-02 -9.732420742511749268e-02
