1.049354579299688339e-02 5.358384922146797180e-02 3.784653497859835625e-03 -6.204978376626968384e-02
-2.689821086823940277e-02 9.462542831897735596e-02 -1.325026899576187134e-01 -4.943996667861938477e-02
7.875039242208003998e-03 -1.374832540750503540e-02 -1.918865554034709930e-02 2.545702084898948669e-02
-1.242814064025878906e-01 -4.405644536018371582e-02 1.117767244577407837e-01 -1.651791110634803772e-02
1.614868757314980030e-03 -7.967750728130340576e-02 9.260519593954086304e-02 -4.390770941972732544e-02
1.120192781090736389e-01 -1.049041654914617538e-02 -1.305107325315475464e-01 -1.465073823928833008e-01
1.429966371506452560e-02 -4.549017176032066345e-02 5.536492168903350830e-02 1.711778715252876282e-02
1.220647618174552917e-02 -1.573901623487472534e-03 3.601325303316116333e-02 -7.130830734968185425e-02
6.567552685737609863e-02 1.104063994716852903e-05 -9.106127917766571045e-02 1.321372948586940765e-02
6.353932619094848633e-02 -8.382956683635711670e-02 3.867095336318016052e-02 -3.998667746782302856e-02
-1.233783643692731857e-02 -2.222840301692485809e-02 5.462830141186714172e-02 -3.686758130788803101e-02
-2.571788430213928223e-02 8.785554021596908569e-02 -3.127291426062583923e-02 -8.163554221391677856e-02
