1.713792048394680023e-02 4.640461504459381104e-02 -8.125595748424530029e-02 -3.811466321349143982e-02
-6.690432131290435791e-02 3.216910362243652344e-02 -4.783463105559349060e-02 5.221362039446830750e-02
-1.708019152283668518e-02 1.021552383899688721e-01 -3.389043360948562622e-02 -7.311690598726272583e-02
-3.139731008559465408e-03 3.862243890762329102e-02 1.564279384911060333e-02 3.559773787856101990e-02
8.946780115365982056e-02 -1.186194568872451782e-01 2.848462201654911041e-02 5.917357280850410461e-02
1.530643785372376442e-03 -1.358713302761316299e-02 4.410363733768463135e-02 -1.660894136875867844e-03
-7.662861794233322144e-02 -9.549655765295028687e-02 -5.869330093264579773e-02 1.304316967725753784e-01
-1.580934599041938782e-02 7.555450499057769775e-02 -1.168743125163018703e-03 -1.448783576488494873e-01
-5.267761647701263428e-02 -1.363095790147781372e-01 3.476608544588088989e-02 4.136658087372779846e-02
-5.536193400621414185e-02 -5.078151822090148926e-02 -9.887062758207321167e-02 1.180573850870132446e-01
9.278459101915359497e-02 -1.106570363044738770e-01 -6.238743197172880173e-03 -2.826426737010478973e-02
-1.657401025295257568e-02 6.926636211574077606e-03 -1.032638847827911377e-01 4.092222079634666443e-02
