-1.340855006128549576e-02 -7.436023652553558350e-02 1.562725752592086792e-02 6.885038316249847412e-02
-4.891786351799964905e-02 -1.228497624397277832e-01 -2.153957076370716095e-02 1.231890767812728882e-01
-1.807356625795364380e-02 -4.072811454534530640e-02 1.556983590126037598e-02 -3.204315667971968651e-03
1.689659059047698975e-02 -9.141086786985397339e-02 6.945640593767166138e-02 2.073818258941173553e-02
6.760474294424057007e-03 4.322154819965362549e-02 -6.722555309534072876e-02 5.739415064454078674e-02
-7.580665987916290760e-05 9.221713244915008545e-02 -1.305066198110580444e-01 -3.404361754655838013e-02
-2.430072240531444550e-02 1.053768396377563477e-01 -7.596146315336227417e-02 -8.137525618076324463e-02
-8.188473433256149292e-02 3.736889734864234924e-02 3.135019540786743164e-02 -4.963936284184455872e-02
-1.200883015990257263e-01 8.842440694570541382e-02 -1.415364295244216919e-01 2.669409289956092834e-02
-6.853254139423370361e-02 1.440423130989074707e-01 -7.825728505849838257e-02 -1.410963535308837891e-01
4.663291200995445251e-02 -1.062211021780967712e-01 2.123552002012729645e-02 2.377205342054367065e-02
2.031875215470790863e-02 -5.398984998464584351e-02 -1.067645475268363953e-02 7.010264694690704346e-02
