-1.241699419915676117e-02 -7.082725316286087036e-02 -8.648131787776947021e-02 1.143046692013740540e-01
8.812107890844345093e-02 -1.507906615734100342e-01 -1.624627038836479187e-02 -1.328140380792319775e-03
-1.404446512460708618e-01 6.544359028339385986e-02 -7.594843953847885132e-02 8.309989236295223236e-03
-9.700211882591247559e-02 -6.334841251373291016e-02 5.490048974752426147e-02 1.699182018637657166e-02
-7.117755711078643799e-02 3.078402392566204071e-02 3.118614293634891510e-02 2.248388528823852539e-02
1.943946070969104767e-02 5.537638068199157715e-02 -2.845617942512035370e-02 -2.666319720447063446e-02
-1.448922902345657349e-01 1.273516565561294556e-01 -4.332352895289659500e-03 -1.615001261234283447e-01
-2.311215177178382874e-02 9.384626150131225586e-02 -7.399678230285644531e-02 5.853691138327121735e-03
-4.743389412760734558e-02 1.371434032917022705e-01 -9.856625646352767944e-02 -3.884521871805191040e-02
-4.436224326491355896e-02 1.064462438225746155e-01 -1.090724319219589233e-01 -8.170855790376663208e-02
-8.032314479351043701e-02 3.927460685372352600e-02 -4.850173741579055786e-02 1.532515604048967361e-02
4.367205873131752014e-02 -1.139481738209724426e-01 -6.470984965562820435e-02 4.167194291949272156e-02
