-1.929483003914356232e-02 3.538051620125770569e-02 -4.993088543415069580e-02 -1.681550778448581696e-02
5.157700553536415100e-02 2.272554673254489899e-02 7.055492606014013290e-03 -9.066835045814514160e-02
-9.671570360660552979e-02 6.853775680065155029e-02 -9.878451377153396606e-02 5.703252740204334259e-03
2.394957281649112701e-02 1.128980591893196106e-01 -8.980031311511993408e-02 -5.418089684098958969e-03
-9.255827218294143677e-02 1.314254403114318848e-01 -5.670687928795814514e-02 -6.672316044569015503e-02
-8.477193862199783325e-02 -1.952637545764446259e-02 1.453188508749008179e-01 -1.597839891910552979e-01
-2.880128473043441772e-02 1.361029688268899918e-02 1.902471529319882393e-03 1.111070532351732254e-02
-7.593081146478652954e-02 -1.535264104604721069e-01 -1.140890046954154968e-01 1.642210632562637329e-01
5.943449959158897400e-02 -5.123425275087356567e-02 -5.716358125209808350e-02 1.242982130497694016e-02
7.277742773294448853e-02 -3.800847381353378296e-02 5.988987628370523453e-03 2.947634272277355194e-02
-1.350703686475753784e-01 2.527280896902084351e-02 -6.178844347596168518e-02 2.521410211920738220e-02
3.671542182564735413e-02 1.413487922400236130e-02 2.409567870199680328e-02 -1.193541511893272400e-01
