-2.247452363371849060e-02 -2.301656268537044525e-02 2.678491175174713135e-02 2.488490752875804901e-02
-5.968327075242996216e-02 -5.670068785548210144e-02 2.695800550282001495e-02 5.817990377545356750e-02
-2.653375640511512756e-02 9.774918109178543091e-02 -1.646806746721267700e-01 -3.740387037396430969e-02
-1.629727776162326336e-03 3.066505491733551025e-02 -3.664321079850196838e-02 -2.015439793467521667e-02
1.133559923619031906e-02 2.800996042788028717e-02 -6.558993458747863770e-02 4.217470064759254456e-02
4.313503950834274292e-02 -1.039871945977210999e-02 -1.405811309814453125e-01 -1.667682314291596413e-03
7.458659261465072632e-02 -5.699805542826652527e-02 -9.212724980898201466e-04 -2.318838983774185181e-02
1.658083200454711914e-01 -1.809246987104415894e-01 -3.705417737364768982e-02 -2.494774572551250458e-02
-4.181657731533050537e-02 1.051314696669578552e-01 -1.129962280392646790e-01 -8.500358462333679199e-02
-1.765825152397155762e-01 -2.653714455664157867e-02 9.100817888975143433e-02 -6.608860194683074951e-02
-1.113578793592751026e-03 -1.122360154986381531e-01 1.525888592004776001e-01 -1.195460259914398193e-01
-7.074904441833496094e-02 1.596257090568542480e-03 2.556065842509269714e-02 1.501402072608470917e-02
