-6.704223901033401489e-02 6.529276818037033081e-02 1.326448004692792892e-02 -1.070618405938148499e-01
-1.045177057385444641e-01 5.325523391366004944e-02 1.311887614428997040e-02 -2.383172884583473206e-02
-8.346987515687942505e-02 6.138718873262405396e-02 -1.215688511729240417e-02 -1.299924999475479126e-01
3.014971967786550522e-03 -2.070624567568302155e-02 -4.875108972191810608e-02 6.785225123167037964e-02
-5.061399564146995544e-02 5.442302301526069641e-02 -8.321294188499450684e-02 7.716924697160720825e-02
-6.904013454914093018e-02 1.651248522102832794e-02 -1.035079061985015869e-01 7.052370160818099976e-02
-1.010869666934013367e-01 -2.669400162994861603e-02 2.310529351234436035e-02 5.960237234830856323e-02
-3.446418046951293945e-02 2.896470017731189728e-02 -2.371751889586448669e-02 2.837839536368846893e-02
-7.736928761005401611e-02 1.128005906939506531e-01 -8.653230965137481689e-02 -6.055983901023864746e-02
-7.282101362943649292e-02 -7.016997784376144409e-02 -5.161228124052286148e-03 7.179110497236251831e-02
-1.195350438356399536e-01 1.231534034013748169e-01 -5.219958350062370300e-02 -4.966604337096214294e-02
1.123458705842494965e-02 9.893364459276199341e-02 -9.843131899833679199e-02 -5.708419159054756165e-02
