-1.370926648378372192e-01 8.237707614898681641e-02 -8.702013641595840454e-02 -6.884488277137279510e-03
5.424062907695770264e-02 -9.206116199493408203e-03 -6.420866400003433228e-02 -4.381417110562324524e-02
-2.667646110057830811e-02 -2.134857326745986938e-02 4.579036682844161987e-02 -1.105545461177825928e-01
-3.822704404592514038e-02 5.525616183876991272e-02 -7.349843531847000122e-02 -3.905016183853149414e-02
3.554971516132354736e-02 -3.570400923490524292e-02 1.885420829057693481e-02 1.657388545572757721e-02
3.873226419091224670e-02 -4.400348290801048279e-03 1.799220405519008636e-02 -2.844193205237388611e-02
-8.427231572568416595e-03 1.049560904502868652e-01 -6.032737717032432556e-02 -1.271549761295318604e-01
6.122787017375230789e-03 -3.741615265607833862e-02 -3.799603134393692017e-02 4.465594515204429626e-02
-6.483560055494308472e-02 -2.755066938698291779e-02 8.654349297285079956e-02 -7.416108250617980957e-02
-7.087293267250061035e-02 -3.003348596394062042e-02 1.210125833749771118e-01 -1.469481885433197021e-01
1.241446733474731445e-01 -4.970540106296539307e-02 -1.006846278905868530e-01 -8.057033270597457886e-02
1.011942401528358459e-01 -8.674197643995285034e-02 -4.918438941240310669e-02 -1.495725940912961960e-02
