2.777734771370887756e-02 8.574235439300537109e-02 -2.636823244392871857e-02 -3.962479159235954285e-02
3.512490168213844299e-02 1.799423992633819580e-02 -3.691794350743293762e-02 6.850860547274351120e-03
-6.219633296132087708e-02 -5.053606256842613220e-02 4.891423135995864868e-02 5.678524821996688843e-02
1.402759831398725510e-02 2.454537898302078247e-03 7.163842767477035522e-02 -9.027898311614990234e-03
1.031180992722511292e-01 -9.260910004377365112e-02 -6.992863118648529053e-02 -1.983880624175071716e-02
5.374854803085327148e-02 -3.199226036667823792e-02 -6.919721513986587524e-02 -9.575856849551200867e-03
3.966721519827842712e-02 -3.860700130462646484e-02 4.079438373446464539e-02 -1.626258343458175659e-02
-9.321594610810279846e-03 -1.084166839718818665e-01 -4.778756201267242432e-02 1.038944050669670105e-01
9.824221581220626831e-02 -4.937289282679557800e-02 -2.498904475942254066e-03 -6.345550715923309326e-02
8.848971128463745117e-02 -3.287963196635246277e-02 -8.636196702718734741e-02 -8.932668715715408325e-02
7.283156365156173706e-02 -8.574884384870529175e-03 -9.891622513532638550e-02 -7.531512528657913208e-03
5.347692593932151794e-02 -2.251477353274822235e-02 -1.525767333805561066e-02 -2.881263568997383118e-02
