-3.074406646192073822e-02 -9.411410987377166748e-02 9.002747386693954468e-02 1.729641482234001160e-02
1.224488243460655212e-01 -2.851394377648830414e-02 -1.155621260404586792e-01 -9.759541600942611694e-02
-5.482534319162368774e-02 4.224088042974472046e-02 -7.749941945075988770e-02 5.274240300059318542e-02
-6.983772665262222290e-02 5.570992454886436462e-02 2.079539233818650246e-03 -4.987706243991851807e-02
5.479405820369720459e-02 -5.041066184639930725e-02 5.874726548790931702e-02 -5.919114127755165100e-02
-2.560058608651161194e-03 -3.276810422539710999e-02 -1.288544833660125732e-01 7.308481633663177490e-02
1.073931995779275894e-02 1.740689203143119812e-02 4.109470918774604797e-02 -1.325049698352813721e-01
-1.969190314412117004e-02 5.939962714910507202e-02 -4.259697347879409790e-02 3.313104435801506042e-02
-2.410149388015270233e-02 -1.095261946320533752e-01 -2.799591235816478729e-02 5.812292173504829407e-02
1.736915437504649162e-03 -8.147746324539184570e-02 6.033510714769363403e-02 4.500917624682188034e-03
-9.037663787603378296e-02 7.825643569231033325e-02 -1.600058004260063171e-02 -6.091677770018577576e-02
3.454593196511268616e-02 -2.701401244848966599e-03 5.388906598091125488e-02 -1.388342827558517456e-01
