5.707051139324903488e-03 -2.134406194090843201e-02 -3.476873040199279785e-02 2.679000422358512878e-02
-3.537147864699363708e-02 1.250539720058441162e-02 4.979116842150688171e-03 -2.234650589525699615e-02
-2.822696790099143982e-02 -1.088120937347412109e-01 5.248062685132026672e-02 9.703092277050018311e-03
3.295046091079711914e-02 -2.013182826340198517e-02 -1.126743555068969727e-01 8.250118046998977661e-02
7.813291251659393311e-02 -6.736737489700317383e-02 -6.528787780553102493e-03 -7.661044597625732422e-02
-1.509427577257156372e-01 6.093659251928329468e-02 -1.375875920057296753e-01 8.199252933263778687e-02
1.332699656486511230e-01 -9.147624671459197998e-02 -9.427552670240402222e-02 -5.172332283109426498e-03
-1.762533746659755707e-02 -3.901779651641845703e-02 8.141923695802688599e-02 -3.162350878119468689e-02
7.244946900755167007e-03 3.382001072168350220e-02 2.223187498748302460e-02 -4.679867252707481384e-02
-7.669766992330551147e-02 -1.928498735651373863e-03 7.172097265720367432e-02 -1.083435937762260437e-01
-3.988826647400856018e-02 1.270918734371662140e-02 3.445516899228096008e-02 -7.730598002672195435e-02
-2.897596359252929688e-02 1.737340353429317474e-02 3.417124226689338684e-02 -2.163111791014671326e-02
