-2.695189602673053741e-02 -5.534514319151639938e-03 4.985679686069488525e-02 -1.199293695390224457e-02
-7.573727518320083618e-02 1.020788922905921936e-01 -1.341439932584762573e-01 3.171730414032936096e-02
-1.180869489908218384e-01 -1.226731389760971069e-02 -4.204303026199340820e-02 9.743207693099975586e-02
-1.008824631571769714e-01 -6.208314746618270874e-02 1.224729046225547791e-01 -4.803867638111114502e-02
6.094803102314472198e-03 -1.870244555175304413e-02 7.416173070669174194e-02 -2.534536644816398621e-02
6.026136875152587891e-02 -1.990482769906520844e-02 -9.320423007011413574e-03 3.558487072587013245e-02
6.473365426063537598e-02 -2.723516710102558136e-02 -1.282507646828889847e-02 -5.579821392893791199e-02
5.429871007800102234e-02 -4.223342612385749817e-02 -5.415422096848487854e-02 -7.252601534128189087e-02
5.065097659826278687e-02 -5.093618482351303101e-02 -6.733276695013046265e-02 1.987974904477596283e-02
1.932640559971332550e-02 -1.458120644092559814e-01 -9.611068665981292725e-02 1.134868562221527100e-01
-1.270522475242614746e-01 -6.544194370508193970e-02 6.715587526559829712e-02 -1.344632357358932495e-02
1.624970138072967529e-02 -6.125160306692123413e-02 9.085847064852714539e-03 1.722620986402034760e-02
