-5.836665257811546326e-02 1.015554275363683701e-02 1.825132407248020172e-02 9.495907463133335114e-03
4.634110629558563232e-02 -4.300498589873313904e-02 9.917469322681427002e-02 -8.042813837528228760e-02
-1.516148820519447327e-02 -3.382193669676780701e-02 5.314831063151359558e-02 -5.141068249940872192e-02
-2.689335308969020844e-02 -1.094602700322866440e-02 -1.761073060333728790e-02 5.377457663416862488e-02
4.437118768692016602e-02 -3.741064341738820076e-03 -2.005510497838258743e-03 -4.764701426029205322e-02
-4.930872842669487000e-02 6.375761330127716064e-02 -2.423645369708538055e-02 9.671682491898536682e-03
-3.699691593647003174e-02 1.525813899934291840e-02 -1.762669086456298828e-01 4.807796701788902283e-02
1.137073040008544922e-01 -5.713137611746788025e-02 -8.739481121301651001e-02 -3.673784807324409485e-02
-5.060495436191558838e-02 3.114865720272064209e-02 -8.002485334873199463e-02 5.001787841320037842e-02
1.125875487923622131e-01 -1.170826554298400879e-01 -5.509149283170700073e-02 -1.132330149412155151e-01
-1.495083272457122803e-01 1.884610205888748169e-01 -7.748643308877944946e-02 -1.156442463397979736e-01
-1.697346866130828857e-01 7.156615145504474640e-03 5.383304134011268616e-02 -1.307861059904098511e-01
