-1.174529418349266052e-01 2.994106337428092957e-02 -1.126858964562416077e-01 8.959046006202697754e-02
6.351234763860702515e-02 -4.288706183433532715e-02 -1.192113906145095825e-01 -2.339000441133975983e-02
-2.639858052134513855e-02 8.687514811754226685e-02 -1.016487926244735718e-01 3.595439018681645393e-03
1.682708971202373505e-02 -9.150309115648269653e-02 7.046122848987579346e-02 -9.365693666040897369e-03
-3.639969974756240845e-02 1.368875205516815186e-01 -4.225193336606025696e-02 -1.662785261869430542e-01
-1.370630562305450439e-01 -4.645746573805809021e-02 6.507091969251632690e-02 2.757787331938743591e-02
1.274074763059616089e-01 -1.137445271015167236e-01 -8.119792491197586060e-02 1.893797516822814941e-02
3.378074988722801208e-02 -3.491489216685295105e-02 1.421548053622245789e-02 3.707160055637359619e-02
-1.542546302080154419e-01 -1.800087839365005493e-02 -4.021907970309257507e-02 8.370272070169448853e-02
3.848844394087791443e-02 3.202276304364204407e-02 -1.265332847833633423e-01 2.178744226694107056e-02
-5.875339731574058533e-02 3.517580404877662659e-02 -2.239927090704441071e-02 2.086405456066131592e-02
-7.090789824724197388e-02 4.775812849402427673e-02 5.404562130570411682e-02 -3.526143729686737061e-02
