7.502681575715541840e-03 -1.657166890799999237e-02 -4.672729223966598511e-02 4.476074501872062683e-02
3.655287995934486389e-02 -1.143913865089416504e-01 1.974005065858364105e-02 -2.701406739652156830e-02
-1.548319160938262939e-01 -1.198523584753274918e-02 -4.916765540838241577e-02 4.600936919450759888e-02
-6.661109626293182373e-02 -3.355412557721138000e-02 -9.635810554027557373e-02 1.091639474034309387e-01
-7.751472294330596924e-02 -4.383890889585018158e-03 6.955760065466165543e-03 7.876810431480407715e-02
-9.075450152158737183e-02 3.267387673258781433e-02 -6.184505298733711243e-02 5.162879824638366699e-02
7.579798251390457153e-02 3.122945502400398254e-02 -5.189944803714752197e-02 -6.071821227669715881e-02
-1.713576316833496094e-01 -1.202878803014755249e-01 9.899302385747432709e-03 5.608839541673660278e-02
-6.536932196468114853e-03 -2.400138042867183685e-02 -4.592483863234519958e-02 3.699754178524017334e-02
-8.256335556507110596e-02 2.235108753666281700e-03 -1.453866511583328247e-01 9.484201669692993164e-02
-3.079513646662235260e-02 -7.039763033390045166e-02 -2.733591943979263306e-02 7.487225532531738281e-02
-1.302402317523956299e-01 4.922592546790838242e-03 6.478123366832733154e-02 6.194423418492078781e-03
