-7.701810449361801147e-02 3.014465980231761932e-02 -5.513691902160644531e-02 -1.186150405555963516e-02
-8.730932325124740601e-02 -1.119609698653221130e-01 4.190813004970550537e-02 5.146606266498565674e-02
-5.554038286209106445e-02 8.443435281515121460e-02 -5.555148050189018250e-02 -4.420511424541473389e-02
-2.365645719692111015e-03 9.278100728988647461e-02 -4.488240554928779602e-02 -1.455739587545394897e-01
2.184516936540603638e-02 7.314907386898994446e-03 -4.737193882465362549e-02 -1.364695094525814056e-02
9.736331552267074585e-02 -1.860141456127166748e-01 4.383690655231475830e-03 -1.134113594889640808e-01
-6.703896820545196533e-02 -9.612596035003662109e-02 1.177485957741737366e-01 -2.330449968576431274e-02
-1.323537379503250122e-01 4.004809632897377014e-02 -1.716453582048416138e-02 3.795322403311729431e-02
-3.491915389895439148e-02 -8.596484549343585968e-03 -5.684753507375717163e-02 4.810030385851860046e-02
-7.287070900201797485e-02 8.504994213581085205e-02 -5.583613365888595581e-02 -1.130288615822792053e-01
-7.759416848421096802e-02 9.576974436640739441e-03 -3.788340464234352112e-02 5.731354281306266785e-02
-1.216624826192855835e-01 -1.361189484596252441e-01 1.650404930114746094e-01 -7.833761721849441528e-02
