2.875997871160507202e-02 -9.642856568098068237e-02 -1.693304628133773804e-02 7.919221371412277222e-02
-8.751862682402133942e-03 6.094467639923095703e-02 -4.914578422904014587e-02 -1.274147629737854004e-01
-3.831128403544425964e-02 -4.293887317180633545e-02 -9.552995115518569946e-02 7.909937202930450439e-02
2.661078982055187225e-02 -1.059880573302507401e-02 8.110532164573669434e-02 -4.490466043353080750e-02
-4.499068949371576309e-03 9.348312765359878540e-02 -1.047176420688629150e-01 -2.568914741277694702e-02
-8.856184780597686768e-02 -1.450781971216201782e-01 1.028352081775665283e-01 -1.261373702436685562e-02
-7.873422652482986450e-02 1.671041548252105713e-01 -1.150201782584190369e-01 -1.178832426667213440e-01
5.220625177025794983e-02 2.155470103025436401e-02 -3.343696147203445435e-02 -1.668056249618530273e-01
-1.596518456935882568e-01 -3.928895667195320129e-02 -5.881164968013763428e-02 1.410184204578399658e-01
-4.515738040208816528e-02 -4.586181789636611938e-02 1.264800876379013062e-01 -5.589457228779792786e-02
6.728628184646368027e-03 7.208720594644546509e-02 -7.784270495176315308e-02 3.986529633402824402e-02
-1.415589600801467896e-01 -9.030901640653610229e-02 1.079629436135292053e-01 2.704828232526779175e-02
