2.666273526847362518e-02 1.212061289697885513e-02 -2.029582671821117401e-02 5.118833854794502258e-02
-1.705572009086608887e-02 2.897138334810733795e-02 -3.967951983213424683e-02 9.922132827341556549e-03
-3.038453310728073120e-02 -2.354783704504370689e-03 -7.749079912900924683e-02 8.900417387485504150e-02
8.799394965171813965e-02 -6.966841965913772583e-02 -5.411410704255104065e-02 -5.662351101636886597e-02
-1.269714981317520142e-01 9.267884306609630585e-03 2.450851723551750183e-02 1.692008599638938904e-02
5.968471523374319077e-03 -4.205349460244178772e-02 9.683519601821899414e-02 -1.686935424804687500e-01
-6.087784841656684875e-02 -5.051045492291450500e-02 1.320599466562271118e-01 -9.713739156723022461e-02
-6.033340841531753540e-02 -1.641450971364974976e-01 1.396236717700958252e-01 -1.418665647506713867e-01
-1.651420816779136658e-02 -1.115642040967941284e-01 8.423539251089096069e-02 2.586308121681213379e-02
-1.429349835962057114e-02 -1.097040846943855286e-01 8.364378660917282104e-02 -8.275370113551616669e-03
-9.642725810408592224e-03 -8.214164525270462036e-03 7.654695957899093628e-02 -5.499976873397827148e-02
-1.164015848189592361e-03 -8.397168666124343872e-02 -2.108237892389297485e-02 6.758660078048706055e-02
