-5.424652248620986938e-02 1.632748842239379883e-01 -1.383275538682937622e-01 -7.725594192743301392e-02
-1.605090685188770294e-02 -1.126182302832603455e-01 -6.401944160461425781e-02 1.353116929531097412e-01
-1.562290638685226440e-02 8.796647936105728149e-02 -7.018183916807174683e-02 3.336519747972488403e-02
-4.256237298250198364e-03 -8.753848075866699219e-02 -5.129531398415565491e-02 9.991208463907241821e-02
6.806745193898677826e-03 -7.131040096282958984e-02 7.021635770797729492e-02 -2.678276738151907921e-03
-5.470066517591476440e-02 5.514342710375785828e-02 2.258227951824665070e-02 -3.047053329646587372e-02
2.570813521742820740e-02 2.011454850435256958e-02 6.130660325288772583e-02 -1.439314931631088257e-01
7.192373275756835938e-02 7.044581696391105652e-03 -4.412734508514404297e-02 -6.682489812374114990e-02
1.367743462324142456e-01 -1.236392036080360413e-01 -5.653742328286170959e-02 -5.849025771021842957e-02
7.992321252822875977e-02 -1.282257884740829468e-01 4.260293499100953341e-04 7.290218770503997803e-02
7.599929720163345337e-02 1.839568465948104858e-02 1.671958714723587036e-02 -1.149476692080497742e-01
5.647921934723854065e-02 6.507056951522827148e-02 -1.088520139455795288e-01 -1.089205667376518250e-01
