-1.478791702538728714e-02 9.012461453676223755e-02 -9.520268440246582031e-02 -6.893024593591690063e-02
-6.312912330031394958e-03 7.890462130308151245e-02 -5.998474359512329102e-02 6.007367279380559921e-03
-9.520411491394042969e-02 1.759348809719085693e-01 -4.544535279273986816e-02 -1.637920141220092773e-01
-1.317945420742034912e-01 6.282322853803634644e-02 4.630718380212783813e-02 -5.251895636320114136e-02
-1.316740736365318298e-02 4.780105501413345337e-02 -1.943840296007692814e-03 -3.054388798773288727e-02
-7.411921024322509766e-02 1.677222996950149536e-01 -1.508809477090835571e-01 -1.418276727199554443e-01
-1.381104886531829834e-01 -1.974370181560516357e-01 2.237132936716079712e-01 -1.200126484036445618e-01
5.307726934552192688e-02 -4.848463833332061768e-02 5.126773379743099213e-03 -5.874547734856605530e-02
-4.904766008257865906e-02 -7.511028088629245758e-03 -1.023209542036056519e-01 4.963730648159980774e-02
3.253985941410064697e-02 -3.287747129797935486e-02 -2.126505412161350250e-02 -5.261052772402763367e-02
-4.020129144191741943e-02 7.114397361874580383e-03 1.277214754372835159e-02 1.008991603157483041e-04
5.275910347700119019e-02 -7.657600939273834229e-02 -3.972521051764488220e-02 5.019885301589965820e-02
