6.698414683341979980e-02 4.801596328616142273e-02 -5.854444578289985657e-02 -6.298925727605819702e-02
-1.030657291412353516e-01 -7.711201906204223633e-02 7.001277804374694824e-02 4.434985667467117310e-02
3.316505253314971924e-02 -2.292467094957828522e-02 -4.598323628306388855e-02 -3.941787406802177429e-02
2.688034623861312866e-02 -1.577440532855689526e-03 4.777935892343521118e-02 -4.309403151273727417e-02
9.559220820665359497e-02 -3.048982284963130951e-02 -8.318992704153060913e-02 -4.740119725465774536e-02
4.717184230685234070e-02 -3.009524755179882050e-02 3.388660773634910583e-02 -2.100355476140975952e-01
1.268365681171417236e-01 -1.043278574943542480e-01 -6.926857680082321167e-02 -4.034637287259101868e-02
-2.040921151638031006e-02 -9.041372686624526978e-02 9.329680353403091431e-02 -2.154010534286499023e-02
-1.265484690666198730e-01 -4.583139717578887939e-02 1.029662787914276123e-01 -4.004604369401931763e-02
9.907632134854793549e-03 5.265251919627189636e-02 -3.410815075039863586e-02 -5.820274353027343750e-02
6.277234852313995361e-02 -7.551911473274230957e-02 3.025947662536054850e-04 -1.254246383905410767e-01
1.951975561678409576e-02 -8.998301625251770020e-02 6.244489178061485291e-02 -1.618673950433731079e-01
