-2.621284127235412598e-02 8.919277787208557129e-02 -1.023440957069396973e-01 2.054804563522338867e-02
5.091376602649688721e-02 1.912451162934303284e-02 -4.805558174848556519e-02 5.242896825075149536e-02
-7.363735884428024292e-02 -6.129001826047897339e-02 9.641271084547042847e-02 -9.278083220124244690e-03
2.223262330517172813e-03 -4.182385280728340149e-02 -1.291312128305435181e-01 8.297653496265411377e-02
-1.258277446031570435e-01 9.150529652833938599e-02 -1.947254315018653870e-02 -1.061153709888458252e-01
-5.750339850783348083e-02 -1.391670200973749161e-02 1.073850691318511963e-01 -1.054259389638900757e-01
3.382679075002670288e-02 -1.801878400146961212e-02 2.696275711059570312e-02 -2.448684349656105042e-02
1.732190512120723724e-02 -8.263584226369857788e-03 -5.591220781207084656e-02 -4.096917342394590378e-03
-6.071798875927925110e-02 7.211837917566299438e-02 -6.628185510635375977e-02 1.082135550677776337e-02
-9.742489457130432129e-02 -2.796299988403916359e-03 6.242586299777030945e-02 7.759081199765205383e-03
2.894908748567104340e-02 -5.082520842552185059e-02 -6.621345528401434422e-04 -3.997730836272239685e-02
-2.990572340786457062e-02 7.430138438940048218e-02 -4.735586792230606079e-02 -1.762824133038520813e-02
