5.084005650132894516e-03 -5.138130486011505127e-02 3.953316062688827515e-02 -6.770102679729461670e-02
2.099193073809146881e-02 5.313486233353614807e-02 -3.316105157136917114e-02 -2.235882170498371124e-02
-1.970273815095424652e-02 -7.153716683387756348e-02 7.103665918111801147e-02 -4.189709201455116272e-03
6.445062160491943359e-02 -3.062703087925910950e-02 -8.900308609008789062e-02 -5.046504735946655273e-02
1.160082593560218811e-02 -1.606530994176864624e-01 2.225006185472011566e-02 4.103049263358116150e-02
-4.146237298846244812e-02 -3.906124830245971680e-02 1.375249922275543213e-01 -1.293247789144515991e-01
8.872902393341064453e-02 -2.988306991755962372e-02 -1.088105961680412292e-01 -5.080873519182205200e-02
-1.020562499761581421e-01 -6.187601014971733093e-02 1.309271007776260376e-01 -3.048985451459884644e-02
1.657586731016635895e-02 4.590853676199913025e-02 7.308431435376405716e-03 -6.500344723463058472e-02
6.495280563831329346e-02 -5.231266841292381287e-02 -8.388801477849483490e-03 -5.691044963896274567e-03
6.817024946212768555e-02 -8.503136783838272095e-02 -2.830162085592746735e-02 4.394010826945304871e-02
6.656187027692794800e-02 -5.697868019342422485e-02 -6.526351440697908401e-03 -3.266034275293350220e-02
