5.182692036032676697e-02 -4.996035620570182800e-02 -3.373448923230171204e-02 4.386790096759796143e-02
-9.809878468513488770e-02 2.641053870320320129e-02 5.804331228137016296e-02 1.225783117115497589e-02
-1.539635844528675079e-02 4.551379755139350891e-02 -5.076770670711994171e-03 -8.340788632631301880e-02
1.962954178452491760e-03 1.202257070690393448e-02 -6.203852221369743347e-02 7.215443253517150879e-02
-1.881330274045467377e-02 -1.263496130704879761e-01 1.038056090474128723e-01 -1.350797340273857117e-02
4.795054346323013306e-02 -5.102406814694404602e-02 2.654014155268669128e-02 -4.882556945085525513e-02
4.042151570320129395e-02 -1.482338756322860718e-01 5.361681059002876282e-02 2.073697000741958618e-02
1.458871513605117798e-01 -7.488716393709182739e-02 -7.136689126491546631e-02 -1.212724670767784119e-01
5.427066236734390259e-02 -1.101218312978744507e-01 -3.952385112643241882e-02 5.627024173736572266e-02
3.050798550248146057e-02 -6.425784528255462646e-02 4.001777991652488708e-02 -3.395659849047660828e-02
6.406438350677490234e-02 -1.387111246585845947e-01 -8.954068273305892944e-02 4.895208030939102173e-02
3.003108873963356018e-02 -1.153150945901870728e-01 3.506322205066680908e-02 -9.900411218404769897e-02
