-3.311772644519805908e-02 6.133219972252845764e-02 -6.306365877389907837e-02 -1.293132081627845764e-02
-1.233452409505844116e-01 9.725339710712432861e-02 -4.465473815798759460e-02 -3.555650264024734497e-02
-9.688338637351989746e-02 -8.740679919719696045e-02 1.301756203174591064e-01 -1.207778230309486389e-01
4.518187046051025391e-02 -1.189275607466697693e-01 1.259425655007362366e-02 -2.211769670248031616e-02
-5.358834937214851379e-02 -1.172431465238332748e-02 -1.829447746276855469e-01 9.084669500589370728e-02
6.211665458977222443e-03 2.461200580000877380e-02 2.655519731342792511e-02 -1.005324125289916992e-01
-4.591175541281700134e-02 8.829405903816223145e-02 -3.886858001351356506e-02 2.003626339137554169e-02
7.768604159355163574e-02 -1.136205121874809265e-01 -2.347324974834918976e-02 2.429549768567085266e-02
-6.238311156630516052e-02 4.440835118293762207e-02 -1.620475947856903076e-02 -5.129741504788398743e-03
-5.368131399154663086e-02 4.105140641331672668e-02 4.339144751429557800e-02 -4.149680957198143005e-02
4.276487510651350021e-03 -4.125886410474777222e-02 2.400256693363189697e-02 -1.051501929759979248e-02
-1.917903497815132141e-02 -3.413017466664314270e-02 -5.206351727247238159e-02 7.806134968996047974e-02
