5.646842718124389648e-02 -2.507075667381286621e-02 -1.943805813789367676e-02 2.197219058871269226e-02
1.391260884702205658e-02 -8.490479737520217896e-02 5.845704581588506699e-03 7.438342273235321045e-02
-1.621848791837692261e-01 -5.147964134812355042e-02 -6.006373092532157898e-02 1.038750931620597839e-01
-7.902342081069946289e-02 -1.065268740057945251e-01 -2.887633070349693298e-02 9.048625826835632324e-02
-2.162973769009113312e-02 -3.124480508267879486e-02 2.104249969124794006e-02 3.599991649389266968e-02
-8.436557650566101074e-02 -2.941721677780151367e-02 -1.119286194443702698e-02 7.509529590606689453e-02
7.880369573831558228e-02 -5.218201130628585815e-02 -9.701380878686904907e-02 4.743734374642372131e-02
-1.032550111413002014e-01 -2.462607994675636292e-02 2.157372795045375824e-02 7.075622677803039551e-02
4.988570883870124817e-02 -2.767974697053432465e-02 -1.407037526369094849e-01 7.371729612350463867e-02
-1.362017840147018433e-01 2.382709272205829620e-02 -7.910000532865524292e-02 5.879324302077293396e-02
-8.681962639093399048e-02 -4.415751248598098755e-02 -1.032510101795196533e-01 7.970511913299560547e-02
-3.454682230949401855e-02 -1.472398452460765839e-02 3.894781228154897690e-03 1.504151499830186367e-03
