-9.215068072080612183e-03 4.656545817852020264e-02 8.583502843976020813e-03 -3.292062506079673767e-02
1.538033783435821533e-01 -7.275664061307907104e-02 -1.059289649128913879e-01 -1.128005683422088623e-01
-3.905171528458595276e-03 -5.523738637566566467e-02 3.185885772109031677e-02 -4.111098125576972961e-02
-8.620318770408630371e-02 1.397473737597465515e-02 2.154369372874498367e-03 3.376490622758865356e-02
-6.217639893293380737e-02 -3.131411597132682800e-02 9.559443593025207520e-02 -5.368852242827415466e-02
-2.429335378110408783e-02 7.005008310079574585e-02 -6.766319274902343750e-02 -4.188519716262817383e-02
2.842964977025985718e-02 -1.335105150938034058e-01 7.827385514974594116e-02 -8.245264738798141479e-02
2.757514268159866333e-02 4.115843772888183594e-02 -1.515701878815889359e-03 -1.540351808071136475e-01
5.401817709207534790e-02 -2.451422251760959625e-02 -5.642118304967880249e-02 -2.960650436580181122e-02
-8.632124960422515869e-02 -3.750786930322647095e-02 3.404741361737251282e-02 3.227329626679420471e-02
-7.829868048429489136e-02 -5.426585301756858826e-02 1.508898288011550903e-01 -1.299215555191040039e-01
-7.497397065162658691e-02 1.235498711466789246e-01 -4.575693607330322266e-02 -7.385512441396713257e-02
