2.349469996988773346e-02 -9.954127669334411621e-02 9.021666646003723145e-02 -3.572307154536247253e-02
4.294387996196746826e-02 -9.797924198210239410e-03 -1.738103479146957397e-01 3.306169062852859497e-02
5.420234426856040955e-02 -1.219107881188392639e-01 8.519394695758819580e-02 -4.707577452063560486e-02
5.866619944572448730e-02 -1.908966805785894394e-03 -4.143366590142250061e-03 -1.776791363954544067e-01
-8.979105949401855469e-02 8.561386168003082275e-02 -4.696840792894363403e-02 -2.727580070495605469e-02
5.303393676877021790e-02 -1.547673344612121582e-02 -2.380339428782463074e-02 -8.893047273159027100e-02
-2.980078011751174927e-02 -1.327149122953414917e-01 3.105615824460983276e-02 6.214756518602371216e-02
-1.264699697494506836e-01 1.515424698591232300e-01 -8.867323398590087891e-02 -1.638401485979557037e-02
2.994239330291748047e-02 -4.437616840004920959e-02 -7.104565203189849854e-02 6.980716437101364136e-02
-1.114815473556518555e-01 -2.392236515879631042e-02 1.085169836878776550e-01 -1.545673310756683350e-01
-1.232776492834091187e-01 1.342628747224807739e-01 -6.682804226875305176e-02 -5.219234153628349304e-02
-9.668723493814468384e-02 -8.603881299495697021e-02 1.959050819277763367e-02 5.866576731204986572e-02
