4.089235886931419373e-02 -1.675676368176937103e-02 1.753139658831059933e-03 -4.982360079884529114e-02
-2.193040959537029266e-02 5.695804487913846970e-03 7.071756571531295776e-02 -7.461704313755035400e-02
-2.702626027166843414e-02 -5.473276600241661072e-02 6.221803650259971619e-02 -1.021745055913925171e-01
1.716759614646434784e-02 -1.720120906829833984e-01 5.327723175287246704e-02 -1.943160966038703918e-02
-1.335317194461822510e-01 2.243985235691070557e-02 8.770627528429031372e-02 -1.129542291164398193e-01
-1.227342188358306885e-01 -1.188312768936157227e-01 7.705618441104888916e-02 6.162269413471221924e-02
9.948710910975933075e-03 1.105886101722717285e-01 -1.201695054769515991e-01 3.025228623300790787e-03
-2.798553369939327240e-02 -3.835964947938919067e-02 7.399899512529373169e-02 5.301518831402063370e-03
-1.514752507209777832e-01 -9.241665154695510864e-02 1.010912209749221802e-01 -2.129927463829517365e-02
-2.808551862835884094e-02 -1.195174977183341980e-01 2.839959040284156799e-02 5.909199640154838562e-02
-2.160019613802433014e-02 -4.022555798292160034e-02 1.026544123888015747e-01 -1.056765168905258179e-01
-4.366879537701606750e-02 7.818116247653961182e-02 -1.391480863094329834e-01 3.088095039129257202e-02
