-2.395242266356945038e-02 -4.554310441017150879e-02 -1.991351842880249023e-01 8.522038161754608154e-02
-1.891728304326534271e-02 -1.044186726212501526e-01 1.254222244024276733e-01 -1.556006222963333130e-01
-1.923116147518157959e-01 -3.797273337841033936e-02 9.963192790746688843e-02 -1.278295181691646576e-02
5.097102373838424683e-02 5.177032202482223511e-03 4.186758771538734436e-02 -1.407683640718460083e-01
2.533850818872451782e-02 -1.010829210281372070e-01 6.504756212234497070e-02 -1.070514097809791565e-01
1.133744139224290848e-02 -3.408792242407798767e-02 4.509136453270912170e-02 -4.567801579833030701e-02
2.590888924896717072e-02 8.078020066022872925e-02 -9.600513428449630737e-02 8.901164866983890533e-03
-8.264318853616714478e-02 -2.549371682107448578e-02 1.488533336669206619e-02 4.365618154406547546e-02
-1.731604337692260742e-01 -1.031970903277397156e-01 1.661974489688873291e-01 -5.395928770303726196e-02
-2.039562910795211792e-02 -1.690797060728073120e-01 9.573334455490112305e-02 2.098436281085014343e-02
5.874314904212951660e-02 -2.308220975100994110e-02 -3.751116245985031128e-02 -1.368864327669143677e-01
-1.173660252243280411e-02 7.575427740812301636e-02 2.549771219491958618e-02 -8.704818040132522583e-02
