2.293788641691207886e-02 -1.037949770689010620e-01 6.426528096199035645e-02 1.837520673871040344e-02
-5.881295539438724518e-03 8.779261261224746704e-02 -5.321965366601943970e-02 -1.246451660990715027e-01
2.566866017878055573e-02 -2.020096406340599060e-02 -1.999798566102981567e-01 4.198192059993743896e-02
-6.215582042932510376e-02 1.956021785736083984e-02 5.503511801362037659e-02 -3.746501728892326355e-02
-1.678941398859024048e-01 7.951547950506210327e-02 -7.858408987522125244e-02 7.724116090685129166e-03
1.208483427762985229e-01 -8.012915402650833130e-02 -3.832621127367019653e-02 -9.061782807111740112e-02
-1.156685501337051392e-01 1.956368796527385712e-02 5.684290826320648193e-02 -1.289192587137222290e-01
-5.019364878535270691e-02 1.033311486244201660e-01 -4.025036096572875977e-02 -5.073144286870956421e-02
-1.030159518122673035e-01 1.627477444708347321e-02 -2.318939752876758575e-02 3.916629403829574585e-02
6.690365821123123169e-02 -2.558347955346107483e-02 -9.894689172506332397e-02 4.987224563956260681e-02
3.728502988815307617e-02 6.982267834246158600e-03 -9.863784909248352051e-02 -1.484637148678302765e-02
-8.533116430044174194e-02 5.865907296538352966e-04 -1.054898500442504883e-01 5.507780238986015320e-02
