-8.543127775192260742e-02 7.785429805517196655e-02 -8.376368880271911621e-02 -3.544049337506294250e-03
-4.927308112382888794e-02 -7.085857540369033813e-02 6.604468822479248047e-02 3.189712017774581909e-02
-3.343398496508598328e-02 -4.462467879056930542e-02 6.432864069938659668e-02 -6.095926091074943542e-02
6.598943471908569336e-02 -2.588685415685176849e-02 -1.451217941939830780e-02 -7.992636412382125854e-02
5.504925176501274109e-02 -5.768967047333717346e-02 3.131612762808799744e-02 3.825565363513305783e-05
1.937387324869632721e-02 8.267330937087535858e-03 6.133833900094032288e-03 -3.202039003372192383e-02
-5.031287297606468201e-02 1.009948477149009705e-01 -7.256434857845306396e-02 -1.900094002485275269e-02
7.504128850996494293e-03 -3.519618883728981018e-02 -1.026953384280204773e-01 8.799952268600463867e-02
-1.652373932301998138e-02 -1.169847249984741211e-01 8.923092484474182129e-02 -2.147045172750949860e-02
1.637170277535915375e-02 6.529790163040161133e-02 -1.658649742603302002e-02 -1.399227418005466461e-02
7.639985531568527222e-02 -8.586147427558898926e-02 -5.156683176755905151e-02 -1.240132004022598267e-02
-6.564892362803220749e-03 -9.284520894289016724e-02 1.187822073698043823e-01 -1.002676039934158325e-01
