3.597768396139144897e-02 -1.451816111803054810e-01 2.088747220113873482e-03 2.703968621790409088e-02
-2.641448751091957092e-03 3.205875679850578308e-02 3.974037617444992065e-02 -7.945935428142547607e-02
5.112243350595235825e-03 -1.471194531768560410e-02 6.159111484885215759e-02 -8.498569577932357788e-02
3.398100961931049824e-04 1.064606308937072754e-01 -1.652613580226898193e-01 -6.582617014646530151e-02
-1.256522722542285919e-02 -4.854938387870788574e-02 8.334992080926895142e-02 -5.647785216569900513e-02
-1.065745428204536438e-01 9.415390086360275745e-04 4.400781914591789246e-02 -6.041232123970985413e-02
8.794314227998256683e-03 -1.280613839626312256e-01 4.227045178413391113e-02 7.049741595983505249e-02
-1.267685294151306152e-01 -1.853357553482055664e-01 1.598704755306243896e-01 -2.048231981461867690e-04
-2.644566074013710022e-02 9.339142590761184692e-02 -3.995360061526298523e-02 -6.387264933437108994e-03
-3.497458994388580322e-02 -1.051076129078865051e-01 -2.654555067420005798e-02 1.303786933422088623e-01
-7.144695520401000977e-02 -4.491906985640525818e-02 1.018935814499855042e-01 -7.229585200548171997e-03
-8.794671297073364258e-02 -3.068072348833084106e-02 -2.807132154703140259e-02 9.284400194883346558e-02
