-6.881565600633621216e-02 -3.138492116704583168e-03 4.415712878108024597e-02 3.436585143208503723e-02
1.196376010775566101e-01 -1.038602963089942932e-01 -1.514416839927434921e-02 -1.168071851134300232e-01
5.005742982029914856e-02 3.530549630522727966e-02 -5.635556578636169434e-02 1.130939181894063950e-02
4.934913292527198792e-02 -2.779015712440013885e-02 2.266534790396690369e-02 -1.547182947397232056e-01
6.228260323405265808e-02 -3.275228291749954224e-02 -4.822176415473222733e-03 -9.558100998401641846e-02
5.380646884441375732e-02 -6.118235737085342407e-02 -4.601290449500083923e-02 7.302695512771606445e-02
-6.808857619762420654e-02 -2.820152789354324341e-02 1.397704631090164185e-01 -1.388031542301177979e-01
-7.188070565462112427e-02 -2.603252790868282318e-02 6.787019222974777222e-02 -4.042298346757888794e-02
-6.322099268436431885e-02 5.633251368999481201e-02 -9.166545420885086060e-02 5.996421352028846741e-02
-5.716125667095184326e-02 2.078747004270553589e-02 9.903685748577117920e-02 -1.369706541299819946e-01
-6.055114418268203735e-02 -2.246887050569057465e-02 4.911714792251586914e-02 5.236317217350006104e-02
-1.690036803483963013e-02 5.263307690620422363e-02 -7.303508929908275604e-03 4.642986133694648743e-02
