-9.768845885992050171e-02 6.981714814901351929e-02 -4.333592206239700317e-02 -5.239734053611755371e-02
-8.930510282516479492e-02 -4.934147000312805176e-02 4.282660037279129028e-02 5.775889381766319275e-02
-3.667834028601646423e-02 -2.100568823516368866e-02 -1.513272225856781006e-01 9.302557259798049927e-02
8.452378213405609131e-02 -1.349164843559265137e-01 -1.273327507078647614e-02 -3.306000307202339172e-02
-5.814683437347412109e-02 2.432008832693099976e-02 -1.521313786506652832e-01 7.529006153345108032e-02
5.376140400767326355e-02 -4.423931613564491272e-02 5.273690074682235718e-02 -4.036008194088935852e-02
6.505512166768312454e-03 -1.683116704225540161e-02 2.063943445682525635e-02 -2.078384347259998322e-02
-6.382061541080474854e-02 9.784687310457229614e-02 -5.880706757307052612e-02 -1.844624429941177368e-02
-6.211742013692855835e-02 -1.029012128710746765e-01 9.305494278669357300e-02 1.366111170500516891e-02
6.174226850271224976e-02 -4.920504288747906685e-04 -8.814615197479724884e-03 -1.067386493086814880e-01
-2.415706403553485870e-02 -2.421922236680984497e-02 -2.589438110589981079e-02 1.415072102099657059e-02
5.162576562725007534e-04 1.144153717905282974e-02 2.795240376144647598e-03 6.558770313858985901e-03
