-1.976137235760688782e-02 -4.396218806505203247e-03 3.278591483831405640e-02 1.924300007522106171e-02
-1.258009970188140869e-01 3.289917111396789551e-02 -1.425941139459609985e-01 1.114563867449760437e-01
1.027236506342887878e-01 -8.277154713869094849e-02 -1.485080420970916748e-01 2.870982699096202850e-02
-1.419076346792280674e-03 2.157995849847793579e-02 -1.260536313056945801e-01 2.907505445182323456e-02
-9.424864500761032104e-02 -7.854522019624710083e-02 1.059744134545326233e-01 1.918328460305929184e-03
-7.325346767902374268e-02 1.474516242742538452e-01 -6.391265243291854858e-02 -8.923724293708801270e-02
-1.778131276369094849e-01 -1.356832799501717091e-03 -5.458594113588333130e-02 8.364816009998321533e-02
5.619913339614868164e-02 -1.064719334244728088e-01 -3.188113495707511902e-02 1.206598058342933655e-02
-4.764134529978036880e-03 1.697110384702682495e-02 2.937082387506961823e-02 -3.851063922047615051e-02
-1.335916519165039062e-01 4.751643911004066467e-02 4.594231955707073212e-03 4.785044118762016296e-03
2.995492704212665558e-02 -1.218055933713912964e-02 1.631883345544338226e-02 1.714269444346427917e-02
-3.910393640398979187e-02 -3.616638481616973877e-02 4.240463674068450928e-02 3.410939127206802368e-02
