-1.085125282406806946e-02 1.685127057135105133e-02 5.992663279175758362e-02 -7.125390693545341492e-03
-2.109535736963152885e-03 1.164968218654394150e-02 1.323627866804599762e-02 -4.250198975205421448e-02
-2.748783864080905914e-02 1.472988282330334187e-03 6.154491007328033447e-02 -9.608808904886245728e-02
4.330449178814888000e-02 -1.100260540843009949e-01 2.450001426041126251e-02 3.430871665477752686e-02
-2.402700856328010559e-02 4.586269706487655640e-02 -7.078542560338973999e-02 -8.618627488613128662e-02
-1.261823624372482300e-01 -9.771385788917541504e-02 7.173155993223190308e-02 2.202461846172809601e-02
8.254624158143997192e-02 -1.238668188452720642e-01 5.617196485400199890e-02 -3.298098221421241760e-02
-5.480283498764038086e-02 -1.523462980985641479e-01 -8.014088124036788940e-02 1.325826048851013184e-01
5.650591477751731873e-02 7.103455811738967896e-02 -9.056559205055236816e-02 -1.735173314809799194e-01
-1.054620486684143543e-03 1.554491836577653885e-02 -4.985066596418619156e-03 3.387543931603431702e-02
3.318614140152931213e-02 -1.478673666715621948e-01 7.205577194690704346e-02 -8.487467467784881592e-02
-9.213462471961975098e-02 -6.057643145322799683e-02 1.049427315592765808e-01 -7.166067138314247131e-03
