-2.590932510793209076e-02 5.117616057395935059e-02 -4.852417856454849243e-02 -4.851917270570993423e-03
-5.887245759367942810e-02 -1.007634177803993225e-01 7.765639573335647583e-02 -9.395604953169822693e-03
-8.502533286809921265e-02 6.327866762876510620e-02 2.158729545772075653e-02 -2.193756960332393646e-02
5.177799984812736511e-02 1.983208023011684418e-02 -2.206529304385185242e-02 3.699436783790588379e-02
-9.551065415143966675e-02 -5.120688118040561676e-03 -1.383111579343676567e-03 6.199410185217857361e-02
-5.415406450629234314e-02 1.022046729922294617e-01 -1.500564217567443848e-01 -5.802985653281211853e-02
4.808513075113296509e-02 -5.150145292282104492e-02 2.618268132209777832e-02 -6.441421806812286377e-02
1.173693835735321045e-01 -1.294548362493515015e-01 -1.051715761423110962e-01 -1.314482931047677994e-02
-1.114674657583236694e-01 7.205666601657867432e-02 -8.145766332745552063e-03 -9.251639991998672485e-02
-1.199064403772354126e-01 -9.494820609688758850e-03 4.296043887734413147e-02 -8.299060165882110596e-02
5.163203924894332886e-03 -1.153261866420507431e-02 5.249017477035522461e-02 -3.913529589772224426e-02
-5.936112254858016968e-02 -1.057796925306320190e-02 6.100310385227203369e-02 -1.066147759556770325e-01
