-1.248745843768119812e-01 1.631219834089279175e-01 -1.212848350405693054e-01 -3.557470068335533142e-02
9.906631894409656525e-03 3.455697000026702881e-02 -3.356633335351943970e-02 6.602082401514053345e-02
-4.155724868178367615e-02 9.065307676792144775e-02 -4.227687139064073563e-03 -1.034624408930540085e-02
3.576960787177085876e-02 -4.491973295807838440e-02 7.681685686111450195e-02 -8.875911682844161987e-02
1.038196124136447906e-02 -1.316472738981246948e-01 1.156990677118301392e-01 -1.101855486631393433e-01
6.120000407099723816e-02 2.942146547138690948e-02 -6.120762228965759277e-02 -1.570563614368438721e-01
-6.879428029060363770e-02 3.502267971634864807e-02 -1.061438675969839096e-02 1.678271964192390442e-02
9.677807986736297607e-02 3.427482908591628075e-03 -7.160630077123641968e-02 -4.452878981828689575e-02
-1.233183592557907104e-01 7.463235408067703247e-02 3.123446367681026459e-02 -4.184510931372642517e-02
8.895155973732471466e-03 -1.299770176410675049e-01 1.216087117791175842e-01 -5.782114341855049133e-02
-1.115678995847702026e-01 1.683788895606994629e-01 -1.141073331236839294e-01 -1.177944466471672058e-01
-4.651481285691261292e-02 8.779331296682357788e-02 -3.779861703515052795e-02 -1.317668855190277100e-01
