-6.558278948068618774e-02 1.511532114818692207e-03 1.910339854657649994e-02 -2.408178709447383881e-02
3.995291888713836670e-02 4.004310816526412964e-02 -6.437111645936965942e-02 -7.372695952653884888e-03
-1.507413983345031738e-01 3.475180640816688538e-02 8.672589808702468872e-02 1.225338410586118698e-02
-7.560805976390838623e-02 -6.651526689529418945e-02 1.354029178619384766e-01 -9.418420493602752686e-02
-9.631663560867309570e-02 -4.895279183983802795e-02 6.491495668888092041e-02 -1.856949366629123688e-02
-5.159490182995796204e-02 -4.648776352405548096e-02 5.853215605020523071e-02 -2.537114545702934265e-02
2.889664145186543465e-03 7.470773905515670776e-02 -1.459410041570663452e-01 3.417034074664115906e-02
7.764856331050395966e-03 -1.643842905759811401e-01 6.610804051160812378e-02 3.193077631294727325e-03
-1.206827983260154724e-01 -1.254366040229797363e-01 1.194341629743576050e-01 -3.502348810434341431e-02
-2.917267382144927979e-02 -4.288865625858306885e-02 8.880741149187088013e-02 1.038987468928098679e-02
-1.066993083804845810e-02 -2.306493185460567474e-02 3.978570923209190369e-02 -2.654519677162170410e-02
-6.884472817182540894e-02 1.038040369749069214e-01 -6.990978121757507324e-02 -1.166365481913089752e-02
