4.826399963349103928e-03 -3.752689436078071594e-02 4.563550278544425964e-02 -7.478030025959014893e-02
-1.236147619783878326e-02 -5.954794213175773621e-02 9.014406800270080566e-02 -2.620705403387546539e-02
-4.672576859593391418e-02 -8.204890415072441101e-03 3.245463967323303223e-02 -2.257422544062137604e-02
-8.402910828590393066e-02 6.846270710229873657e-02 -4.794675856828689575e-02 -3.183273226022720337e-02
-5.267329886555671692e-02 -1.755860000848770142e-01 -1.095800921320915222e-01 1.757538616657257080e-01
5.358481034636497498e-02 4.895492270588874817e-02 -4.885249212384223938e-02 -2.340915426611900330e-02
-1.271724700927734375e-01 1.771486550569534302e-01 -1.375431716442108154e-01 -1.514937728643417358e-02
4.655354842543601990e-02 -4.817116260528564453e-02 -4.194950684905052185e-02 5.806488171219825745e-02
2.350047789514064789e-02 -8.846423774957656860e-02 1.217627450823783875e-01 -6.289961934089660645e-02
1.080210972577333450e-02 -8.961233310401439667e-03 6.347323209047317505e-02 -7.746095303446054459e-03
7.434185594320297241e-02 -1.191639155149459839e-01 8.924892544746398926e-02 -6.005553528666496277e-02
2.840057574212551117e-02 -1.220219209790229797e-02 -5.176043882966041565e-02 -5.337298288941383362e-02
