-4.197257105261087418e-03 -6.994104385375976562e-02 5.561587586998939514e-02 -6.977429240942001343e-02
-2.183282561600208282e-02 -7.955786585807800293e-02 6.365285068750381470e-02 4.042838141322135925e-02
-2.746684104204177856e-02 -8.509768545627593994e-02 6.922002136707305908e-02 -1.887304522097110748e-02
-4.383539035916328430e-02 -2.978011406958103180e-02 1.076672375202178955e-01 -2.196559123694896698e-02
-1.034454628825187683e-01 7.990494370460510254e-03 1.969745755195617676e-02 7.110774051398038864e-03
6.080228462815284729e-02 -7.584141939878463745e-02 -2.282159030437469482e-02 -7.441281527280807495e-02
-4.292034730315208435e-02 7.245606277137994766e-03 -4.332945123314857483e-02 5.770471692085266113e-02
-9.634292684495449066e-03 8.288150653243064880e-03 -3.750783798750489950e-04 -8.644790202379226685e-02
-2.902536885812878609e-03 6.417886167764663696e-02 -7.757156342267990112e-02 -1.619888842105865479e-01
-6.031735241413116455e-02 -1.332658380270004272e-01 1.256062984466552734e-01 -2.350499108433723450e-02
1.059523373842239380e-01 -2.076907753944396973e-01 -9.898249804973602295e-02 2.949956059455871582e-02
-5.918268859386444092e-02 5.870914086699485779e-02 -1.119533330202102661e-01 5.326613411307334900e-02
