-1.272502690553665161e-01 1.318217813968658447e-01 -7.251041382551193237e-02 -2.260431647300720215e-02
-8.118849247694015503e-02 -1.148243471980094910e-01 5.301908403635025024e-02 1.621436513960361481e-02
-1.313729491084814072e-02 -7.608603686094284058e-02 -8.198246359825134277e-02 1.067479476332664490e-01
5.401591584086418152e-02 -1.250690519809722900e-01 -1.525023393332958221e-02 1.183198858052492142e-02
-9.664378315210342407e-02 8.995681256055831909e-02 -5.947141721844673157e-02 -3.010370954871177673e-02
1.001004278659820557e-01 -1.929387450218200684e-02 -7.950605452060699463e-02 -6.760520488023757935e-02
2.013774402439594269e-02 -1.696317642927169800e-02 -2.114862948656082153e-02 -8.794360794126987457e-03
-1.265907138586044312e-01 5.831004679203033447e-02 2.083742059767246246e-02 -6.075638905167579651e-02
-4.242094606161117554e-02 1.521934475749731064e-02 4.419812187552452087e-02 -8.621150255203247070e-02
-4.525779932737350464e-02 -2.477215602993965149e-03 4.691537097096443176e-02 -4.831843450665473938e-02
-7.783968001604080200e-02 -1.929385936819016933e-03 6.848307698965072632e-02 -3.383088111877441406e-02
1.600967720150947571e-02 -3.996736183762550354e-02 3.216842561960220337e-02 6.651366129517555237e-03
