2.528974413871765137e-02 -1.971670892089605331e-03 -2.426962601020932198e-03 -3.179921209812164307e-02
-2.073163166642189026e-02 -4.463260248303413391e-02 1.100268065929412842e-01 -1.104666441679000854e-01
2.310050651431083679e-02 -1.207341626286506653e-01 8.404564857482910156e-02 -8.016942441463470459e-02
-9.123034030199050903e-02 -1.153730005025863647e-01 -8.583375252783298492e-03 7.507162541151046753e-02
-2.698183432221412659e-02 -4.746691789478063583e-03 4.351375624537467957e-02 -1.516387797892093658e-02
2.755224518477916718e-02 -6.441364064812660217e-03 -2.446764335036277771e-02 4.134028032422065735e-02
2.273526601493358612e-02 -1.111903712153434753e-01 9.946275502443313599e-03 -6.071595940738916397e-03
-5.820683017373085022e-02 5.042365193367004395e-02 -3.308474272489547729e-02 -2.896074950695037842e-02
-7.382790092378854752e-03 4.579247534275054932e-02 -2.554472349584102631e-02 -3.983747586607933044e-02
-3.893779590725898743e-02 -1.939905458129942417e-03 -1.443299651145935059e-01 6.688391417264938354e-02
-1.151099130511283875e-01 1.902775913476943970e-01 -9.939617663621902466e-02 -1.655482202768325806e-01
-7.969892770051956177e-02 -1.520983576774597168e-01 1.782068163156509399e-01 -1.030177623033523560e-01
