1.304588094353675842e-02 -4.467207193374633789e-02 4.003727436065673828e-02 -3.409399837255477905e-02
-5.863591562956571579e-03 5.399431684054434299e-04 4.618357494473457336e-02 -4.204662516713142395e-02
5.627420917153358459e-02 -1.741901040077209473e-02 -7.954792678356170654e-02 -5.175020173192024231e-02
-2.050915965810418129e-03 -4.365322366356849670e-02 7.503452152013778687e-02 -4.195692390203475952e-02
6.466031074523925781e-02 -6.496128439903259277e-02 1.745527610182762146e-02 -1.376493554562330246e-02
-1.008468791842460632e-01 -9.896063059568405151e-02 7.283929735422134399e-02 -5.082260351628065109e-03
1.480302680283784866e-02 -6.976655125617980957e-02 6.377885490655899048e-02 -1.164633780717849731e-01
4.054996371269226074e-02 2.342854999005794525e-02 -8.821346610784530640e-02 -7.639697939157485962e-02
-9.508953243494033813e-02 -1.063918694853782654e-01 1.467051208019256592e-01 -1.149155665189027786e-02
-3.652092069387435913e-02 -7.806799560785293579e-02 9.477170556783676147e-02 -5.609912052750587463e-02
7.130785286426544189e-02 -7.867246121168136597e-02 4.983736202120780945e-02 -3.432262316346168518e-02
6.816575676202774048e-02 -4.374584183096885681e-02 -1.902714744210243225e-02 8.927468210458755493e-03
