8.219685405492782593e-02 -8.935735374689102173e-02 -7.523676753044128418e-02 5.085260141640901566e-03
-3.132145479321479797e-02 -8.941589295864105225e-02 7.097060233354568481e-02 -1.025091949850320816e-02
5.970666557550430298e-02 -3.810212016105651855e-02 -6.577104330062866211e-02 -1.438254863023757935e-02
-4.328388348221778870e-02 -1.085064634680747986e-01 -1.119469106197357178e-02 6.793035566806793213e-02
-9.408741444349288940e-02 1.767053082585334778e-02 1.333000231534242630e-02 4.287345707416534424e-02
-1.268144696950912476e-01 4.687082767486572266e-02 -4.817685578018426895e-03 5.186817049980163574e-02
5.339545756578445435e-02 -1.264757066965103149e-01 5.126902461051940918e-02 1.558261737227439880e-02
4.641598463058471680e-02 -5.728803575038909912e-03 3.811324946582317352e-03 -1.164230797439813614e-02
-1.667308434844017029e-02 -2.592170238494873047e-02 4.842109605669975281e-02 -4.255821928381919861e-03
-9.167561307549476624e-03 3.003718331456184387e-03 -9.985654056072235107e-02 1.022808551788330078e-01
-1.270160526037216187e-01 -6.033464521169662476e-02 -7.677222043275833130e-02 1.083741262555122375e-01
-4.172768816351890564e-02 -8.782179653644561768e-02 -6.218007579445838928e-02 1.049296706914901733e-01
