-1.831889897584915161e-02 1.413733139634132385e-02 1.850541681051254272e-02 -1.805776059627532959e-01
-4.682154208421707153e-02 4.435122013092041016e-02 -2.706430666148662567e-02 -4.792987555265426636e-02
3.535914793610572815e-02 1.432890817523002625e-02 -4.314241930842399597e-02 3.532215580344200134e-02
8.590777218341827393e-02 -1.376890242099761963e-01 -4.683782905340194702e-02 -9.061561897397041321e-03
8.118505030870437622e-02 5.718148895539343357e-04 -1.034114956855773926e-01 -1.460941601544618607e-02
4.467063397169113159e-02 -8.288212865591049194e-02 -2.485621534287929535e-02 6.221769005060195923e-02
-2.913369052112102509e-02 -8.455210924148559570e-02 1.146240085363388062e-01 -9.809205681085586548e-02
-1.821744292974472046e-01 -4.813291132450103760e-02 1.383742690086364746e-01 -9.552692621946334839e-02
4.886983707547187805e-02 -9.646785259246826172e-02 3.215040639042854309e-02 -1.508862376213073730e-01
1.352644115686416626e-01 -2.868367731571197510e-02 -1.798590719699859619e-01 -1.432267129421234131e-01
2.748716250061988831e-02 -3.591400012373924255e-02 3.940523415803909302e-02 -6.768479943275451660e-02
-6.932255625724792480e-02 1.707469578832387924e-03 -5.481570493429899216e-03 1.793824695050716400e-02
