2.297099493443965912e-02 -8.850943297147750854e-02 6.999825686216354370e-02 -9.116235189139842987e-03
-1.146413013339042664e-01 -8.515649288892745972e-02 -4.737271368503570557e-02 1.170384138822555542e-01
5.483255162835121155e-02 -8.097602427005767822e-02 3.641281649470329285e-02 -1.118051707744598389e-01
-1.390404552221298218e-01 6.721827387809753418e-02 -1.185172498226165771e-01 5.130842328071594238e-02
-3.563157096505165100e-02 -1.023475453257560730e-02 -2.462884224951267242e-02 4.474047571420669556e-02
-3.383355960249900818e-02 5.299554765224456787e-02 -9.901152923703193665e-03 -7.301958650350570679e-02
5.514671280980110168e-02 6.945635378360748291e-02 -7.033814489841461182e-02 -8.144813776016235352e-02
-3.805236518383026123e-02 -7.293348759412765503e-02 -8.973041176795959473e-02 8.880572021007537842e-02
-2.033510990440845490e-02 8.163934946060180664e-02 -1.111519485712051392e-01 -5.911548808217048645e-02
-1.890075579285621643e-02 -1.285146921873092651e-01 3.017309680581092834e-02 2.195640094578266144e-02
7.628720998764038086e-02 -8.679477870464324951e-02 -4.467582330107688904e-02 1.658520847558975220e-02
-2.990667335689067841e-02 2.422138862311840057e-02 -1.119397114962339401e-02 1.677877269685268402e-02
