-2.604618109762668610e-02 -4.563976079225540161e-02 7.972776144742965698e-02 -5.591728910803794861e-02
-1.289070695638656616e-01 6.887750327587127686e-02 -7.600230723619461060e-02 1.113502122461795807e-02
-4.932882636785507202e-02 -5.774321034550666809e-02 -2.993177250027656555e-02 7.603974640369415283e-02
5.008278880268335342e-03 4.830716550350189209e-02 2.475666813552379608e-02 -4.809738323092460632e-02
-5.091368034482002258e-02 2.984031662344932556e-02 -2.261442132294178009e-02 4.222698137164115906e-02
-5.614086985588073730e-02 -1.121858060359954834e-01 1.331026703119277954e-01 -5.023330077528953552e-02
-6.685531884431838989e-02 2.871272712945938110e-02 5.140933021903038025e-02 -1.251634806394577026e-01
5.509033054113388062e-02 3.001954406499862671e-02 -5.074226111173629761e-02 -7.602367550134658813e-03
-7.339859008789062500e-02 2.916181087493896484e-02 -5.548016354441642761e-02 6.814040988683700562e-02
-6.968319416046142578e-02 -1.623282395303249359e-02 -3.895504027605056763e-02 5.499661713838577271e-02
3.022151440382003784e-02 6.314433366060256958e-02 -5.843495950102806091e-02 -7.838482409715652466e-02
-1.743886433541774750e-02 -9.698420763015747070e-02 9.631556458771228790e-04 8.464106172323226929e-02
