4.363780841231346130e-02 8.965091779828071594e-03 3.021555580198764801e-02 -4.644277319312095642e-02
-1.658201366662979126e-01 7.163742184638977051e-02 1.266340445727109909e-02 -4.927935451269149780e-02
5.249792709946632385e-03 1.092378050088882446e-02 -1.025812476873397827e-01 6.671588122844696045e-02
3.256862284615635872e-03 4.383340850472450256e-02 -1.724139787256717682e-02 2.115444978699088097e-03
-4.728854820132255554e-02 -1.068252995610237122e-01 7.546228915452957153e-02 1.624211296439170837e-02
4.236710723489522934e-03 -1.459950804710388184e-01 1.011865884065628052e-01 -7.325603812932968140e-02
-9.748218208551406860e-02 -7.633435726165771484e-02 -1.371426284313201904e-01 1.695109307765960693e-01
-3.373533114790916443e-02 1.148729324340820312e-01 -9.419104456901550293e-02 -1.487155910581350327e-02
-2.051221579313278198e-02 -1.349899172782897949e-01 7.855813950300216675e-02 -1.890646107494831085e-02
3.793059661984443665e-02 -2.500856481492519379e-02 -2.515241317451000214e-02 5.936831608414649963e-02
-5.577224493026733398e-02 -6.855149753391742706e-03 -2.146134385839104652e-03 4.635909944772720337e-02
3.685096278786659241e-02 -1.280358880758285522e-01 1.330037042498588562e-02 5.767794698476791382e-02
