1.026564985513687134e-01 -1.695845723152160645e-01 -1.299799606204032898e-02 -4.457336664199829102e-02
-1.385291945189237595e-02 1.347796618938446045e-01 -1.582777798175811768e-01 -9.696964174509048462e-02
-1.508937627077102661e-01 4.523274302482604980e-02 5.242762342095375061e-02 -6.181778013706207275e-02
-1.085310205817222595e-01 -2.735265158116817474e-02 1.147920563817024231e-01 -8.452786505222320557e-02
6.917247548699378967e-03 -2.839208394289016724e-02 6.972605735063552856e-02 -6.879943422973155975e-03
-8.539379388093948364e-02 6.899464875459671021e-02 -4.083349183201789856e-02 4.151582717895507812e-02
2.616610005497932434e-02 -1.161946952342987061e-01 4.763641953468322754e-02 -2.595567144453525543e-02
3.610039129853248596e-02 -4.186270385980606079e-02 -6.728671491146087646e-02 7.125837728381156921e-03
-8.309184573590755463e-03 3.014481812715530396e-02 -2.916847728192806244e-02 1.948018558323383331e-02
3.908856213092803955e-02 -4.457735270261764526e-02 2.456060051918029785e-02 -5.907704681158065796e-02
4.362818971276283264e-02 -3.660155087709426880e-02 4.776771366596221924e-02 8.609465323388576508e-03
-3.079408779740333557e-02 -2.141937054693698883e-02 -2.788025513291358948e-02 3.959813341498374939e-02
