-6.102664023637771606e-02 -8.815006166696548462e-02 -1.858067512512207031e-02 1.094260960817337036e-01
9.324846789240837097e-03 -8.514683693647384644e-02 7.901332527399063110e-02 -7.690198719501495361e-02
1.493251230567693710e-02 -2.990335971117019653e-02 -4.299626871943473816e-02 1.327876187860965729e-02
-9.599033743143081665e-03 2.633024007081985474e-02 -1.380506306886672974e-01 4.865711554884910583e-02
-8.112222701311111450e-02 5.865062773227691650e-02 3.739010170102119446e-02 -6.940760463476181030e-02
-1.582552492618560791e-02 4.210120812058448792e-02 3.111666254699230194e-02 3.551649302244186401e-02
6.015300005674362183e-02 -9.082293510437011719e-02 -5.467339418828487396e-03 -1.588548533618450165e-02
-1.058425083756446838e-01 1.526277363300323486e-01 -5.665343254804611206e-02 -6.152040138840675354e-02
-4.020925983786582947e-02 1.063043847680091858e-01 -6.189531832933425903e-02 -3.338548913598060608e-02
5.898609757423400879e-02 -7.339932769536972046e-02 3.348824009299278259e-02 -6.318323314189910889e-02
-2.435258356854319572e-03 -9.030425548553466797e-02 -8.484447747468948364e-02 1.073173284530639648e-01
1.609197445213794708e-02 2.386548789218068123e-03 1.848792470991611481e-02 -8.569837547838687897e-03
