-9.674412012100219727e-02 1.356970667839050293e-01 -1.260475963354110718e-01 4.726863466203212738e-03
-7.651989161968231201e-02 -2.983180619776248932e-02 1.051816120743751526e-01 -2.283686585724353790e-02
5.316206440329551697e-02 -1.984338462352752686e-02 5.450160056352615356e-02 -5.855023115873336792e-02
-1.373837739229202271e-01 -7.018285803496837616e-03 -1.456181854009628296e-01 8.528058230876922607e-02
1.418319642543792725e-01 -1.426059603691101074e-01 -6.814084947109222412e-02 -1.220743060111999512e-01
3.210714831948280334e-02 -4.003312438726425171e-02 -4.566779732704162598e-02 3.852337598800659180e-02
-1.733989082276821136e-02 2.320635132491588593e-03 1.144247315824031830e-02 2.299839816987514496e-02
2.756902575492858887e-02 5.951080843806266785e-02 -9.082345291972160339e-03 -1.412599980831146240e-01
-6.866411864757537842e-02 -5.701152607798576355e-02 1.096777990460395813e-01 -3.567521274089813232e-02
4.258890450000762939e-02 -8.435476571321487427e-02 4.161997139453887939e-02 5.044618248939514160e-02
-2.925202995538711548e-02 1.488390145823359489e-03 -2.431889809668064117e-02 2.178847976028919220e-02
-3.001239895820617676e-02 9.718827903270721436e-02 -6.184680387377738953e-02 -4.006152600049972534e-02
