-1.539609860628843307e-02 2.478793961927294731e-03 -4.373003914952278137e-02 2.718603704124689102e-03
7.073620334267616272e-03 -2.578681800514459610e-03 -3.563833981752395630e-02 -6.114599853754043579e-02
-3.903659805655479431e-02 2.925397828221321106e-02 -1.227599978446960449e-01 6.080101057887077332e-02
2.795901894569396973e-02 2.600330859422683716e-02 1.325835566967725754e-02 -2.587494067847728729e-02
-5.120394751429557800e-02 8.102577924728393555e-02 -9.352508187294006348e-02 -1.830882742069661617e-03
-5.959752574563026428e-02 -6.784881651401519775e-02 4.571883473545312881e-03 6.393457949161529541e-02
9.164729155600070953e-03 9.990822523832321167e-02 -4.748150706291198730e-02 -1.838920055888593197e-03
-7.533965259790420532e-02 1.774714738130569458e-01 -1.057102531194686890e-01 -1.196252182126045227e-01
-1.173161044716835022e-01 1.465368419885635376e-01 -1.119397506117820740e-01 -7.877102494239807129e-02
6.846027821302413940e-02 -2.987468056380748749e-02 -5.870860069990158081e-02 -5.234684422612190247e-02
-8.480902016162872314e-02 -7.145569473505020142e-02 5.467547103762626648e-02 1.591890491545200348e-02
-6.132517755031585693e-02 6.430193781852722168e-02 3.177277371287345886e-02 -1.792533397674560547e-01
