-2.136739902198314667e-02 -2.543029934167861938e-02 9.487789124250411987e-02 -1.966525986790657043e-02
7.273980975151062012e-02 -1.019707694649696350e-01 9.124003350734710693e-02 -8.013871312141418457e-02
-8.673552423715591431e-02 -3.594349324703216553e-02 -7.220148295164108276e-02 7.420410960912704468e-02
1.229053065180778503e-01 -1.193003728985786438e-01 -1.112698838114738464e-01 -2.199879102408885956e-02
-1.035869941115379333e-01 9.865628927946090698e-02 -4.849767312407493591e-02 -4.143628757447004318e-03
-4.239522293210029602e-02 -4.190368205308914185e-02 7.244211435317993164e-02 -1.346908789128065109e-02
2.446574717760086060e-02 -5.172996316105127335e-03 3.946165367960929871e-02 -1.415476799011230469e-01
9.632445126771926880e-02 -1.024887785315513611e-01 -2.927559986710548401e-02 -4.061615467071533203e-02
1.089047268033027649e-02 -4.870548099279403687e-02 5.605227127671241760e-02 4.413570463657379150e-02
3.248410671949386597e-02 5.081846937537193298e-02 -6.917514652013778687e-02 -3.216133266687393188e-02
-3.182854503393173218e-02 1.587466150522232056e-02 4.894318431615829468e-02 -5.633307248353958130e-02
1.440230477601289749e-02 -7.065498083829879761e-02 4.349447786808013916e-02 -2.408795803785324097e-02
