-1.108963266015052795e-01 1.130274981260299683e-01 -5.405516922473907471e-02 -4.027643799781799316e-02
9.467758238315582275e-02 -2.320216223597526550e-02 -4.029467329382896423e-02 -2.615721430629491806e-03
2.879568561911582947e-02 6.259486824274063110e-02 4.883277229964733124e-03 -1.455529183149337769e-01
3.658739849925041199e-03 9.903449099510908127e-04 -9.713931381702423096e-02 3.123757429420948029e-02
-9.664573520421981812e-02 -1.112093701958656311e-01 1.406387388706207275e-01 -7.911442220211029053e-02
2.729151584208011627e-02 6.089651957154273987e-02 -2.965243160724639893e-02 -1.383304446935653687e-01
-2.335842698812484741e-02 -1.248292252421379089e-01 1.675976365804672241e-01 -9.153260290622711182e-02
-1.710243523120880127e-02 5.397089198231697083e-02 -1.381202694028615952e-02 -8.418165147304534912e-02
1.480224579572677612e-01 -8.500262349843978882e-02 -9.508696943521499634e-02 -3.117815218865871429e-02
3.797253966331481934e-02 -2.872062288224697113e-02 -2.151031605899333954e-02 4.021194204688072205e-02
-6.003438308835029602e-02 -1.314839720726013184e-01 1.111870780587196350e-01 -2.645681612193584442e-02
-1.147155538201332092e-01 9.318588674068450928e-02 -8.490128442645072937e-03 -7.288134843111038208e-02
