-7.511139661073684692e-02 4.606268554925918579e-02 6.317299604415893555e-02 -9.324664622545242310e-02
-6.369686871767044067e-02 7.746681571006774902e-02 -3.793311864137649536e-02 1.285151671618223190e-02
-4.573866724967956543e-02 5.681981332600116730e-03 -1.023666560649871826e-01 6.219481304287910461e-02
-4.137017950415611267e-02 9.627672284841537476e-02 -1.073053404688835144e-01 -6.666657328605651855e-02
-8.850745111703872681e-02 -1.064596474170684814e-01 1.168164238333702087e-01 -3.257234022021293640e-02
2.678340673446655273e-02 -7.129081338644027710e-02 -7.170806825160980225e-02 5.277228355407714844e-02
5.797768384218215942e-02 -8.140350133180618286e-02 3.131227567791938782e-03 -4.793069511651992798e-02
-6.456201523542404175e-02 2.654604241251945496e-02 2.196246385574340820e-02 3.951964154839515686e-02
-4.379353486001491547e-03 3.022613562643527985e-02 2.866137214004993439e-02 -1.487313657999038696e-01
7.004494965076446533e-02 -2.194211483001708984e-01 -7.407309953123331070e-03 -3.454638062976300716e-04
-2.249321900308132172e-02 -1.147410497069358826e-01 -9.919161908328533173e-03 7.362078130245208740e-02
4.877568036317825317e-02 -5.706826224923133850e-02 2.035903930664062500e-02 -3.769921138882637024e-02
