1.192897837609052658e-02 1.855251751840114594e-02 -2.644176781177520752e-02 -1.243312493897974491e-03
-2.536786906421184540e-02 7.973434031009674072e-02 -8.862566202878952026e-03 -1.101643592119216919e-01
-9.121080860495567322e-03 -3.604663535952568054e-02 -1.210859231650829315e-02 2.249649493023753166e-03
-6.399092078208923340e-02 -3.812890499830245972e-02 -1.638082228600978851e-02 7.695019245147705078e-02
8.287313580513000488e-02 -4.393695294857025146e-02 -2.813571318984031677e-02 -1.045780926942825317e-01
-1.284308880567550659e-01 1.634053140878677368e-01 -1.474961191415786743e-01 -6.550770252943038940e-02
-7.084123790264129639e-02 -9.624540060758590698e-02 7.752229273319244385e-02 -1.409897115081548691e-02
2.150615677237510681e-02 5.387072637677192688e-02 -1.231134869158267975e-03 -1.096298247575759888e-01
2.011341415345668793e-02 2.165093086659908295e-02 5.970155354589223862e-03 -4.829740524291992188e-02
5.497876554727554321e-02 -2.811026573181152344e-02 -1.103028953075408936e-01 7.186084985733032227e-02
-1.226747781038284302e-01 1.679386049509048462e-01 -7.473755627870559692e-02 -8.005013316869735718e-02
-7.553834468126296997e-02 -1.200018078088760376e-01 1.318596154451370239e-01 -7.373699545860290527e-02
