2.557206898927688599e-02 8.835359662771224976e-02 -5.514013394713401794e-02 -1.203374713659286499e-01
-7.253713160753250122e-02 -3.810397116467356682e-03 8.648568391799926758e-02 -9.109634906053543091e-02
-7.606077007949352264e-03 -6.181836500763893127e-02 1.091554835438728333e-01 -6.067524477839469910e-02
-2.226955816149711609e-02 -6.058678403496742249e-02 3.444935381412506104e-02 5.403402075171470642e-02
3.821053728461265564e-02 -8.663948625326156616e-02 7.546892017126083374e-02 -1.246067732572555542e-01
-8.607403934001922607e-02 -2.760193310678005219e-02 -8.273192495107650757e-02 1.356924325227737427e-01
8.492745459079742432e-02 -9.380705654621124268e-02 -1.341863442212343216e-02 -1.256643831729888916e-01
2.884103171527385712e-02 5.982046481221914291e-03 9.350453503429889679e-03 -6.678084284067153931e-02
-6.460314989089965820e-02 4.382483288645744324e-02 1.853149849921464920e-03 2.400176227092742920e-02
5.271619185805320740e-02 -1.153609305620193481e-01 -1.472904235124588013e-01 8.655028045177459717e-02
3.098549880087375641e-02 2.811850048601627350e-02 -1.640189588069915771e-01 2.661405503749847412e-02
-1.815402135252952576e-02 2.246523834764957428e-02 -2.882628142833709717e-02 5.139968171715736389e-02
