8.143224567174911499e-02 -5.951557680964469910e-02 -1.008707191795110703e-02 2.235211804509162903e-02
-1.342281103134155273e-01 1.491614729166030884e-01 -7.685099542140960693e-02 -3.588682413101196289e-02
1.884693466126918793e-02 -1.507348567247390747e-01 1.072115004062652588e-01 -3.335705399513244629e-02
9.846944361925125122e-02 -1.663959026336669922e-01 -4.970962181687355042e-04 -1.329126395285129547e-02
-2.621959708631038666e-02 2.693472988903522491e-02 1.066047791391611099e-02 1.837853156030178070e-02
-9.617783129215240479e-02 8.174459636211395264e-02 -1.214121747761964798e-02 -7.808061689138412476e-02
-7.152351737022399902e-02 3.876392170786857605e-02 1.402429770678281784e-02 -1.018258705735206604e-01
-1.137291314080357552e-03 -6.840921193361282349e-02 -8.140292018651962280e-02 5.787544697523117065e-02
4.657431971281766891e-03 -2.909489534795284271e-02 5.015288665890693665e-02 -2.085646986961364746e-02
-3.698652610182762146e-03 6.896584481000900269e-02 -1.253132820129394531e-01 1.200358290225267410e-02
1.656874269247055054e-02 8.105705678462982178e-02 -4.217968881130218506e-02 -1.036156713962554932e-01
-5.748374387621879578e-02 2.638988196849822998e-02 -6.689155008643865585e-03 -2.052265964448451996e-02
