-1.347679942846298218e-01 7.240799814462661743e-02 -1.016883105039596558e-01 1.929890550673007965e-02
-3.156795725226402283e-02 -9.175667911767959595e-02 -2.643319405615329742e-02 4.859778285026550293e-02
1.264740806072950363e-02 -1.338137220591306686e-02 2.385376207530498505e-02 8.720783516764640808e-03
-8.961406350135803223e-02 7.153226435184478760e-02 -8.192443847656250000e-02 -5.051587242633104324e-03
6.090531125664710999e-02 -5.552875250577926636e-02 -5.576103553175926208e-02 1.598155475221574306e-03
2.045918069779872894e-02 -1.009963005781173706e-01 8.186488598585128784e-02 -5.941082723438739777e-03
-2.767506800591945648e-02 -1.308566983789205551e-02 4.631911590695381165e-02 1.308920234441757202e-02
-1.012199521064758301e-01 -8.964029699563980103e-02 -1.039634793996810913e-01 1.053469926118850708e-01
4.792185872793197632e-02 8.514623343944549561e-02 -1.031925380229949951e-01 -7.970825582742691040e-02
-2.948207035660743713e-02 1.419793814420700073e-01 -1.087721139192581177e-01 -8.751622587442398071e-02
-7.875863462686538696e-03 4.321261495351791382e-02 -5.079085379838943481e-02 7.061975076794624329e-03
2.504089102149009705e-02 -7.913017272949218750e-02 6.289985775947570801e-02 5.082263797521591187e-02
