2.259234525263309479e-02 -1.221363432705402374e-02 -4.594727233052253723e-02 7.977073639631271362e-02
-1.332007050514221191e-01 1.145576909184455872e-01 -7.013488560914993286e-02 3.363599255681037903e-02
1.385065913200378418e-02 -1.086234524846076965e-01 3.289414942264556885e-02 6.755287945270538330e-02
-9.719580411911010742e-02 -6.558109819889068604e-02 -9.399327635765075684e-02 9.549406170845031738e-02
5.715901032090187073e-02 -1.335965543985366821e-01 -1.323400251567363739e-02 4.329555109143257141e-02
-1.866804435849189758e-02 8.010227233171463013e-02 -1.084106042981147766e-01 -3.096028696745634079e-03
-6.396520417183637619e-03 1.159788109362125397e-02 6.579543929547071457e-03 1.839586906135082245e-02
3.053078800439834595e-02 4.190258309245109558e-02 3.893299773335456848e-02 -1.190681681036949158e-01
-8.000960201025009155e-02 5.162712186574935913e-02 3.257969394326210022e-02 -4.478266462683677673e-02
-6.006822735071182251e-02 -5.900114029645919800e-02 1.067039817571640015e-01 -1.136394031345844269e-02
-1.245605479925870895e-02 -6.957560032606124878e-02 4.059631377458572388e-02 -2.116563543677330017e-02
-4.034177586436271667e-02 -6.246787495911121368e-03 -2.681246213614940643e-02 7.895698398351669312e-02
