3.950807079672813416e-02 -5.431330297142267227e-03 4.525045678019523621e-02 -1.675289273262023926e-01
8.792023360729217529e-02 -1.024340000003576279e-02 -6.437700986862182617e-02 -5.418743565678596497e-02
1.353523880243301392e-01 -1.669804453849792480e-01 -7.611197233200073242e-02 -2.622516267001628876e-02
-2.524013258516788483e-02 -1.423782706260681152e-01 1.012495532631874084e-01 -6.330560147762298584e-02
-2.218730933964252472e-02 7.871318608522415161e-02 -1.603342965245246887e-02 -1.074529513716697693e-01
-8.944471925497055054e-02 3.787699714303016663e-02 -4.371152073144912720e-02 3.926277160644531250e-02
-5.107717216014862061e-02 1.260479688644409180e-01 -8.068587630987167358e-02 -5.980071797966957092e-02
-1.037221681326627731e-02 2.170309424400329590e-02 -1.318833976984024048e-01 4.209441691637039185e-02
-1.513913571834564209e-01 -1.268567889928817749e-01 2.092374861240386963e-01 -1.465187370777130127e-01
-2.202247828245162964e-02 7.650159765034914017e-03 -5.726817995309829712e-03 1.026072446256875992e-02
-1.534573286771774292e-01 -9.269326925277709961e-03 9.320734441280364990e-02 1.860709860920906067e-02
-1.122160702943801880e-01 1.022180020809173584e-01 -1.578046381473541260e-01 3.907450288534164429e-02
