-1.173666026443243027e-02 -1.086004357784986496e-02 -4.083449020981788635e-03 4.008450731635093689e-02
-1.083870511502027512e-02 4.005903750658035278e-02 1.539020333439111710e-02 -1.145423799753189087e-01
-8.929315954446792603e-02 5.997908115386962891e-02 7.155858911573886871e-03 -1.452799327671527863e-02
1.256318017840385437e-02 1.448792591691017151e-02 8.984442800283432007e-03 3.861176967620849609e-02
-1.287517398595809937e-01 -1.136335134506225586e-01 -7.283432781696319580e-02 1.575970798730850220e-01
1.196312680840492249e-01 -4.847260937094688416e-02 -4.952147230505943298e-02 -8.133485168218612671e-02
3.303145244717597961e-02 -9.360199421644210815e-02 3.067133016884326935e-02 4.719481244683265686e-02
-5.466103553771972656e-02 -7.077581714838743210e-03 1.005058875307440758e-03 4.554652422666549683e-02
-9.867833554744720459e-02 1.691320389509201050e-01 -1.046485453844070435e-01 -1.066144928336143494e-01
-3.021734021604061127e-02 -1.425840705633163452e-01 1.263484358787536621e-01 -4.960990324616432190e-02
-7.105646282434463501e-02 3.893453255295753479e-02 -2.000573277473449707e-02 -4.898210987448692322e-02
1.368641480803489685e-02 -2.299457043409347534e-02 -2.226787060499191284e-02 -1.396788004785776138e-02
