1.196015477180480957e-01 -1.295751035213470459e-01 -4.504957422614097595e-02 -8.445321023464202881e-02
5.874481424689292908e-02 -1.453561186790466309e-01 4.980269446969032288e-02 -2.019388228654861450e-02
5.213536322116851807e-02 3.332787752151489258e-02 -3.426071628928184509e-02 -5.710965022444725037e-02
8.741172030568122864e-03 -5.101414863020181656e-03 -8.302975445985794067e-03 -5.341918766498565674e-02
7.435091584920883179e-02 -1.497788429260253906e-01 -1.639327034354209900e-02 -7.446650415658950806e-02
9.658122062683105469e-02 -5.944775883108377457e-03 -5.864452943205833435e-02 -3.252469748258590698e-02
2.329683303833007812e-02 -7.166451960802078247e-02 -8.558437228202819824e-02 7.691341638565063477e-02
3.705833852291107178e-02 -4.349276423454284668e-02 -2.445550449192523956e-02 4.777375981211662292e-02
7.262025773525238037e-02 -5.035105720162391663e-02 -3.934822604060173035e-02 1.943930052220821381e-02
4.646798595786094666e-02 1.502673607319593430e-03 -3.263473883271217346e-02 -7.743559777736663818e-02
1.083482205867767334e-01 -7.340729236602783203e-02 -8.736204355955123901e-02 -4.442225396633148193e-02
6.628211587667465210e-02 -9.194546192884445190e-02 2.601447328925132751e-02 -3.472900763154029846e-02
