-1.127986684441566467e-01 1.375134587287902832e-01 -1.106338202953338623e-01 -9.472562372684478760e-02
-1.057691201567649841e-01 -9.469918906688690186e-02 1.236303672194480896e-01 -5.141651630401611328e-02
6.903561949729919434e-02 -6.696155667304992676e-02 -1.903839409351348877e-01 5.678779631853103638e-02
-5.718150734901428223e-02 8.507804572582244873e-02 -4.622431471943855286e-02 -1.261732131242752075e-01
-6.766579579561948776e-03 -4.944854602217674255e-02 6.891597807407379150e-02 -4.096012562513351440e-02
3.800130262970924377e-02 -1.302472352981567383e-01 8.972413092851638794e-02 -1.794597879052162170e-02
-4.054159671068191528e-02 1.463751774281263351e-02 8.069623145274817944e-04 2.282949537038803101e-02
-5.958842113614082336e-03 -5.696681886911392212e-02 3.963902965188026428e-02 3.090771846473217010e-02
3.200897946953773499e-02 3.427851200103759766e-02 -3.857485204935073853e-02 -7.462247461080551147e-02
-2.256795996800065041e-03 -2.625470794737339020e-02 3.871126845479011536e-02 4.947622120380401611e-02
1.553796883672475815e-02 6.145066581666469574e-03 1.761048473417758942e-02 2.227444900199770927e-03
6.750598549842834473e-02 -1.837329566478729248e-02 -1.549080908298492432e-01 5.755589902400970459e-02
