-3.495165379717946053e-03 -1.798552460968494415e-02 6.626773159950971603e-03 1.989440619945526123e-02
5.768731608986854553e-02 3.845457732677459717e-02 -8.910022675991058350e-02 -3.788330778479576111e-02
-8.050680160522460938e-02 -1.129785254597663879e-01 1.341935396194458008e-01 -4.373764246702194214e-02
-1.370835006237030029e-01 -2.663862146437168121e-02 1.155020967125892639e-01 -1.728185452520847321e-02
1.240431070327758789e-01 -1.298581808805465698e-01 -5.633567646145820618e-02 -1.763488352298736572e-01
8.132950216531753540e-02 -1.562117412686347961e-02 -7.137057837098836899e-03 -1.869222372770309448e-01
-6.015643477439880371e-03 -3.646925464272499084e-02 2.959101833403110504e-02 -7.934528589248657227e-02
-4.609912633895874023e-02 -2.242460288107395172e-02 -1.170905157923698425e-01 7.268150895833969116e-02
-5.430226027965545654e-02 5.530592519789934158e-03 7.551730424165725708e-02 -1.028018966317176819e-01
1.881727576255798340e-02 -5.246730893850326538e-02 4.969677329063415527e-02 -4.249821975827217102e-02
5.759207159280776978e-02 4.074976593255996704e-02 -9.500979632139205933e-02 -1.463520433753728867e-02
-2.619427815079689026e-02 7.363631576299667358e-02 9.341461118310689926e-04 -5.915234982967376709e-02
