-4.877069965004920959e-02 -4.050428420305252075e-02 -1.223761215806007385e-02 5.033500865101814270e-02
-3.534236177802085876e-02 -6.953819096088409424e-02 -3.680629283189773560e-02 6.763704121112823486e-02
-9.455821476876735687e-03 -3.410840034484863281e-02 -1.468272320926189423e-02 1.657632645219564438e-03
-1.207412406802177429e-01 4.371344670653343201e-02 -7.164482027292251587e-02 3.677278757095336914e-02
7.936343550682067871e-03 -1.146927326917648315e-01 2.712199091911315918e-02 5.741741880774497986e-02
4.098746553063392639e-02 -4.273012652993202209e-02 8.951729396358132362e-04 -5.466706678271293640e-02
1.256203278899192810e-02 8.423896878957748413e-02 -6.668769568204879761e-02 1.114641409367322922e-02
-5.884351581335067749e-02 -2.645817212760448456e-02 1.274599134922027588e-02 1.856650039553642273e-02
7.962729781866073608e-02 -1.667122729122638702e-02 -1.361027918756008148e-02 -1.096267849206924438e-01
-3.398392722010612488e-02 -1.760310120880603790e-02 -9.646954387426376343e-02 6.797349452972412109e-02
5.983383208513259888e-02 -1.368083152920007706e-02 -3.195305913686752319e-02 -4.065568372607231140e-02
-2.922488562762737274e-02 3.610624000430107117e-02 -1.056988462805747986e-01 2.397853694856166840e-02
