2.017798088490962982e-02 -5.264774709939956665e-02 5.493413656949996948e-02 -2.780084870755672455e-02
-1.840298250317573547e-02 -1.137198954820632935e-01 4.573182761669158936e-02 1.344276685267686844e-02
-7.469988614320755005e-02 -1.780878193676471710e-02 8.102383464574813843e-02 -3.825801238417625427e-02
5.550224706530570984e-02 -9.523276984691619873e-02 6.856214255094528198e-02 -8.136911690235137939e-02
-2.397060743533074856e-04 -6.252821534872055054e-02 -9.694477170705795288e-02 9.980385005474090576e-02
6.193816289305686951e-02 -1.067184507846832275e-01 1.079505030065774918e-02 -1.072484701871871948e-01
-9.064424037933349609e-02 5.633670091629028320e-02 -1.622111909091472626e-02 4.870500415563583374e-02
1.397558301687240601e-01 -8.252302557229995728e-02 -6.746164709329605103e-02 -6.400839984416961670e-02
2.258523181080818176e-02 3.705126419663429260e-02 -4.765184596180915833e-02 2.456108853220939636e-02
-9.123881161212921143e-02 1.166202500462532043e-01 -1.295026391744613647e-01 -6.741400063037872314e-02
-1.223948132246732712e-02 2.034440450370311737e-02 2.516698092222213745e-02 -4.601275920867919922e-02
5.297180637717247009e-02 -5.923544615507125854e-02 5.387406051158905029e-02 -1.280026882886886597e-02
