-1.730091720819473267e-01 -4.117279499769210815e-02 4.501951858401298523e-02 4.667834937572479248e-02
5.488815903663635254e-02 1.615503989160060883e-02 1.462208107113838196e-03 -1.387585140764713287e-02
-7.491047680377960205e-02 4.377136752009391785e-02 -3.610029071569442749e-02 -1.239008735865354538e-02
1.156516745686531067e-02 -4.797832667827606201e-02 -1.201129481196403503e-01 8.025492727756500244e-02
2.960694953799247742e-03 4.172364994883537292e-02 -3.490678966045379639e-02 -5.390227586030960083e-02
7.184959016740322113e-03 -9.330537170171737671e-02 1.076610609889030457e-01 -8.933491259813308716e-02
1.083328127861022949e-01 -1.803320944309234619e-01 -2.198118343949317932e-02 -4.529215022921562195e-02
-3.797633945941925049e-02 5.586187168955802917e-02 -6.885959208011627197e-02 -7.556288503110408783e-03
-9.949227422475814819e-02 8.766628801822662354e-02 -1.424482837319374084e-02 -9.784559160470962524e-02
-1.813502460718154907e-01 6.170076131820678711e-02 5.645488575100898743e-02 -5.910718068480491638e-02
4.640128463506698608e-02 -2.261669002473354340e-02 -5.986631289124488831e-02 5.021444521844387054e-03
-6.634926423430442810e-03 5.352400243282318115e-02 -1.092433482408523560e-01 2.731017395853996277e-02
