-5.053619667887687683e-02 6.081563886255025864e-03 4.346121102571487427e-02 2.979116886854171753e-02
-4.627042263746261597e-02 -2.713486365973949432e-02 2.412584051489830017e-02 1.589324511587619781e-02
-5.776706337928771973e-02 2.931768819689750671e-02 -6.392540782690048218e-02 6.449410226196050644e-03
1.577466726303100586e-02 5.435011908411979675e-02 -7.251000404357910156e-02 4.382167384028434753e-02
-1.399369072169065475e-02 3.222226351499557495e-02 -1.325309928506612778e-02 3.099425928667187691e-03
6.998790800571441650e-02 -7.911085337400436401e-02 2.328959666192531586e-02 -2.384475432336330414e-02
6.182941794395446777e-02 -4.636640846729278564e-02 2.867807261645793915e-02 3.214508527889847755e-03
-9.166034311056137085e-02 8.205567300319671631e-02 -4.942970722913742065e-02 -5.049773305654525757e-02
-1.183683425188064575e-01 -1.286906749010086060e-01 7.594957947731018066e-02 6.237560883164405823e-02
1.314855515956878662e-01 -1.230168342590332031e-01 -9.639363735914230347e-02 -4.513972252607345581e-02
-1.196541264653205872e-02 -3.682861104607582092e-02 -1.001912131905555725e-01 5.559485033154487610e-02
-4.037345200777053833e-02 7.257615774869918823e-02 -2.253222651779651642e-02 -4.986576735973358154e-02
