9.556509554386138916e-02 -8.972099423408508301e-02 -6.516610085964202881e-02 2.575788414105772972e-03
4.534341022372245789e-02 -4.680075868964195251e-02 -3.378314897418022156e-03 -1.450238823890686035e-01
5.116811394691467285e-02 -1.218910738825798035e-01 1.589513756334781647e-02 -1.096733193844556808e-02
1.030164659023284912e-01 -4.683876410126686096e-02 -9.183268994092941284e-02 -4.899617284536361694e-02
4.511636495590209961e-02 -4.132441058754920959e-02 -5.576839670538902283e-02 9.381877630949020386e-02
3.319872915744781494e-02 -6.727220118045806885e-02 3.623585775494575500e-02 9.337174706161022186e-03
2.733928896486759186e-02 -4.645286500453948975e-02 -6.303497590124607086e-03 -4.577601701021194458e-02
3.290750458836555481e-02 1.181400101631879807e-02 -4.660411179065704346e-02 -2.061365917325019836e-02
-1.190954260528087616e-02 -5.450835078954696655e-02 2.404496818780899048e-02 -1.291235908865928650e-02
-3.444416448473930359e-02 -3.858781605958938599e-02 -1.219435706734657288e-01 8.706892281770706177e-02
-2.582898922264575958e-02 1.041813194751739502e-01 -4.245038703083992004e-02 -1.020450592041015625e-01
6.545764207839965820e-02 -7.798802852630615234e-02 -6.702456623315811157e-02 -4.861851409077644348e-02
