-1.911876909434795380e-02 3.798003541305661201e-03 -3.144092857837677002e-02 -5.465436261147260666e-03
-3.141521289944648743e-02 4.038193449378013611e-02 2.021105401217937469e-02 5.579569563269615173e-02
2.435741759836673737e-02 2.135233208537101746e-02 -1.266197301447391510e-02 1.688836142420768738e-02
3.520033508539199829e-02 -1.074520312249660492e-02 -6.265940517187118530e-02 8.330986835062503815e-03
-8.664783835411071777e-02 7.430167496204376221e-02 -4.289702698588371277e-02 -5.309690162539482117e-02
-3.884322196245193481e-02 -9.379149973392486572e-02 8.763901889324188232e-02 -3.171323984861373901e-02
1.187290903180837631e-02 -1.205976381897926331e-01 4.849625378847122192e-02 4.585981741547584534e-02
6.554465740919113159e-02 6.644499301910400391e-02 -1.035307273268699646e-01 -5.779164656996726990e-02
-7.708723843097686768e-02 -8.318373560905456543e-02 1.011345535516738892e-01 -6.803035736083984375e-02
4.868937283754348755e-02 -2.147764153778553009e-02 -3.760261833667755127e-02 1.478173024952411652e-02
-5.526946112513542175e-02 -6.996040046215057373e-02 -2.459608949720859528e-02 9.873408824205398560e-02
1.284537166357040405e-01 -4.792788997292518616e-02 -5.882422626018524170e-02 -1.390469521284103394e-01
