-1.068178862333297729e-01 -8.477101102471351624e-03 6.685449741780757904e-03 2.898597158491611481e-02
-1.020265072584152222e-01 -1.445037778466939926e-02 -4.675910621881484985e-02 6.952720880508422852e-02
-1.016461178660392761e-01 7.840738445520401001e-02 8.089920505881309509e-03 -8.612253516912460327e-02
-5.263891816139221191e-02 9.894774109125137329e-02 -9.261405467987060547e-02 -4.287643358111381531e-02
2.510206028819084167e-02 -1.465612836182117462e-02 -2.443204866722226143e-03 6.347158551216125488e-02
8.655513636767864227e-03 -4.818417504429817200e-02 8.671821653842926025e-02 -2.146748639643192291e-02
-5.502027273178100586e-02 3.083395585417747498e-02 -5.507180094718933105e-02 -7.881305366754531860e-02
-7.748296018689870834e-03 4.831442609429359436e-02 -8.518118411302566528e-02 -5.608634278178215027e-02
-7.230220735073089600e-02 6.460268050432205200e-02 2.475085482001304626e-02 -5.559437349438667297e-02
5.648210644721984863e-02 2.568957954645156860e-02 -1.001868844032287598e-01 1.806984469294548035e-02
-6.712080538272857666e-02 -5.341622605919837952e-02 9.092763066291809082e-02 -5.180859938263893127e-02
-2.091779932379722595e-02 3.845390304923057556e-02 -3.060807473957538605e-02 -1.056974660605192184e-02
