-7.329691946506500244e-02 6.890576332807540894e-02 -6.050877273082733154e-02 2.781176753342151642e-02
-6.145378947257995605e-02 -1.384550482034683228e-01 -7.241093553602695465e-03 1.075871959328651428e-01
-2.889500185847282410e-02 6.934148073196411133e-02 -5.089738592505455017e-02 7.406381517648696899e-02
-8.196496218442916870e-02 -2.354795113205909729e-02 -9.276077151298522949e-02 8.267774432897567749e-02
-3.328683960717171431e-04 2.650246955454349518e-02 2.932151779532432556e-02 -3.929219022393226624e-02
3.116874583065509796e-02 -1.239587739109992981e-02 5.931283161044120789e-02 -2.846130542457103729e-02
5.629990994930267334e-02 -4.377501085400581360e-02 9.294931776821613312e-03 1.068197097629308701e-02
6.513498723506927490e-02 -4.908952862024307251e-02 -1.645283959805965424e-02 -8.160524070262908936e-02
1.109605878591537476e-01 -3.542986512184143066e-02 -6.693040579557418823e-02 -9.189681708812713623e-02
8.215789496898651123e-02 -8.449861407279968262e-02 2.141156699508428574e-03 -1.697711050510406494e-01
7.489756494760513306e-02 -2.516601979732513428e-02 -1.173375621438026428e-01 5.664547905325889587e-02
5.253033339977264404e-02 -2.603503689169883728e-02 4.109640046954154968e-02 -1.109681650996208191e-02
