8.523738011717796326e-03 1.628587581217288971e-02 -3.024180047214031219e-02 -1.912252604961395264e-02
-8.955916017293930054e-02 3.567266277968883514e-03 -2.012917213141918182e-02 5.351462587714195251e-02
-1.172168031334877014e-01 1.062913462519645691e-01 -9.220056980848312378e-02 -1.376483738422393799e-01
-6.701909750699996948e-02 -1.049123555421829224e-01 1.106747090816497803e-01 -3.103288821876049042e-02
7.356307655572891235e-02 -2.265634573996067047e-02 -1.254217326641082764e-01 -7.520010229200124741e-03
-6.883816421031951904e-02 2.746322005987167358e-02 1.661813072860240936e-02 2.599957026541233063e-02
1.123688649386167526e-02 -3.350540623068809509e-02 4.306350275874137878e-02 -2.085731364786624908e-02
-9.525711834430694580e-02 -6.734530627727508545e-02 3.238803148269653320e-02 3.735259920358657837e-02
1.352357445284724236e-03 -5.701081454753875732e-02 7.102455198764801025e-02 -5.789980292320251465e-02
-7.173974812030792236e-02 -1.056958734989166260e-02 -1.181139843538403511e-03 5.889454856514930725e-02
6.694839149713516235e-02 -7.856787182390689850e-03 -5.126200243830680847e-02 -1.307412236928939819e-01
-1.470387913286685944e-02 5.600724741816520691e-02 -4.625325556844472885e-03 3.120084526017308235e-03
