-1.053067073225975037e-01 -1.819915696978569031e-02 1.420285701751708984e-01 -1.628499776124954224e-01
-1.514816842973232269e-02 -1.798988436348736286e-03 -4.465939104557037354e-02 4.169030115008354187e-02
6.236356496810913086e-02 1.042375899851322174e-02 -1.926706358790397644e-02 -3.813746944069862366e-02
2.302827499806880951e-02 -1.005931794643402100e-01 7.441135495901107788e-02 -6.791607290506362915e-02
-1.723215132951736450e-01 -3.920463100075721741e-02 1.115665957331657410e-01 9.352019056677818298e-03
-8.177679032087326050e-02 -3.315608948469161987e-02 9.093314409255981445e-02 3.502183780074119568e-02
-4.700258001685142517e-02 -1.618457436561584473e-01 8.647562563419342041e-02 -1.403506379574537277e-02
-1.255637705326080322e-01 -1.564741432666778564e-01 2.054819315671920776e-01 -1.366558372974395752e-01
-2.018135506659746170e-03 2.316473796963691711e-02 -1.549035310745239258e-01 2.874347008764743805e-02
-1.298578456044197083e-02 -1.304624825716018677e-01 1.048570200800895691e-01 -7.899954915046691895e-02
-5.011847242712974548e-02 -6.969746947288513184e-02 6.735874712467193604e-02 2.103734528645873070e-03
5.901243537664413452e-02 -1.037785857915878296e-01 3.927316516637802124e-02 -6.588102132081985474e-02
