-1.144330874085426331e-01 -3.515103831887245178e-02 -6.601973623037338257e-02 6.919877976179122925e-02
1.181751023977994919e-03 -1.610880717635154724e-02 6.339396536350250244e-02 -4.839549306780099869e-03
-1.727914321236312389e-03 5.157469958066940308e-02 3.578956006094813347e-03 -3.755228826776146889e-03
2.510389313101768494e-03 3.516305238008499146e-02 -1.463662981986999512e-01 2.508417703211307526e-02
5.018770694732666016e-02 2.153858356177806854e-02 -5.962396785616874695e-02 -7.594083994626998901e-02
-7.865556329488754272e-02 8.936768025159835815e-02 -5.774160847067832947e-02 -1.075358912348747253e-01
3.436157014220952988e-03 -1.453452110290527344e-01 7.145784795284271240e-02 -9.430882520973682404e-03
1.424781680107116699e-01 -1.535938680171966553e-01 -7.128166407346725464e-02 -4.653351008892059326e-02
-1.101732328534126282e-01 6.496143341064453125e-02 -1.670037209987640381e-02 1.688504591584205627e-02
-1.110773235559463501e-01 9.372565150260925293e-02 -6.883234530687332153e-02 -2.343581616878509521e-02
-1.668296754360198975e-02 -3.217615932226181030e-02 4.264493286609649658e-02 -3.447757661342620850e-02
1.974885538220405579e-02 -7.334300875663757324e-02 -6.087493523955345154e-02 8.144768327474594116e-02
