-9.413526952266693115e-02 6.052980944514274597e-02 -1.354120224714279175e-01 5.133136734366416931e-02
-3.920024260878562927e-02 -1.038725450634956360e-01 7.123752683401107788e-02 1.800857670605182648e-02
-7.094986736774444580e-02 3.583613038063049316e-02 -1.548623591661453247e-01 8.686584234237670898e-02
-1.428315192461013794e-01 8.681447803974151611e-02 -1.602528691291809082e-01 2.424702234566211700e-02
7.553651183843612671e-02 -1.467174440622329712e-01 -1.162943895906209946e-02 1.305090729147195816e-02
-1.217878088355064392e-01 6.035146489739418030e-02 8.611819706857204437e-03 -8.883994072675704956e-02
-4.632928222417831421e-02 -2.038140594959259033e-02 -9.029635041952133179e-02 8.200952410697937012e-02
-1.601051539182662964e-01 3.612830536440014839e-03 6.100052967667579651e-02 2.488573081791400909e-02
5.073606502264738083e-03 7.397361099720001221e-02 -1.514670997858047485e-01 3.800376784056425095e-03
1.046333648264408112e-02 5.882225558161735535e-02 -5.219044163823127747e-02 -2.974843420088291168e-02
-6.488406658172607422e-02 -9.825702011585235596e-02 8.185468614101409912e-02 6.556692719459533691e-02
-4.164691269397735596e-02 -5.117029324173927307e-02 5.248736962676048279e-02 -1.065829768776893616e-01
