6.530990451574325562e-02 -1.843732409179210663e-02 -6.645233370363712311e-03 5.152211524546146393e-03
-5.573078058660030365e-03 -5.577463656663894653e-02 7.851912826299667358e-02 -1.462803035974502563e-01
9.987924247980117798e-02 -2.050500176846981049e-02 -9.083539992570877075e-02 -2.447940595448017120e-02
7.714564912021160126e-03 -1.489644646644592285e-01 5.013105645775794983e-02 -2.130604349076747894e-02
5.926179885864257812e-02 1.015138928778469563e-03 -8.099500834941864014e-02 -8.052581548690795898e-02
2.884268760681152344e-02 -2.771563082933425903e-02 1.157126203179359436e-02 -3.537987917661666870e-02
-3.793619573116302490e-02 -4.845839366316795349e-02 8.447490632534027100e-02 4.781758412718772888e-02
7.197789102792739868e-02 -2.574200928211212158e-02 -1.252878159284591675e-01 -6.377835571765899658e-02
4.254912957549095154e-02 2.166648209095001221e-02 3.653238760307431221e-03 -5.599427595734596252e-02
5.188087001442909241e-02 -8.003735914826393127e-03 3.013856150209903717e-02 -1.389937847852706909e-01
9.896005690097808838e-02 -7.201457023620605469e-02 -9.681083261966705322e-02 -4.618870839476585388e-02
-2.051291428506374359e-02 -4.808585718274116516e-02 -3.185290098190307617e-02 5.322350561618804932e-02
