1.228321343660354614e-01 -1.189671233296394348e-01 -3.790786489844322205e-02 -1.365247182548046112e-02
-5.906907469034194946e-02 1.828413084149360657e-02 7.785276323556900024e-02 -4.165011644363403320e-02
2.695466205477714539e-02 3.472008928656578064e-02 -1.049435324966907501e-02 -2.068346142768859863e-01
1.327609121799468994e-01 -8.313522487878799438e-02 -5.762152746319770813e-02 -8.488929271697998047e-02
9.054236114025115967e-02 -1.228179931640625000e-01 3.289164602756500244e-02 -6.917779147624969482e-02
-7.086775451898574829e-02 3.757487609982490540e-02 -1.034926772117614746e-01 7.150364667177200317e-02
-4.652635008096694946e-02 5.637111142277717590e-02 -7.278683036565780640e-02 1.814071089029312134e-02
2.611064538359642029e-02 1.024671457707881927e-02 -1.924804411828517914e-02 -1.877286471426486969e-02
-1.145270317792892456e-01 9.310951083898544312e-02 -3.526958450675010681e-02 -7.309237867593765259e-02
-2.119750715792179108e-02 -2.287526242434978485e-02 -9.621749073266983032e-02 5.791159346699714661e-02
-1.028255447745323181e-01 -9.425111860036849976e-02 7.855267077684402466e-02 4.164868220686912537e-02
-1.138308048248291016e-01 1.084124147891998291e-01 -9.766832739114761353e-02 1.140286866575479507e-02
