1.616073399782180786e-02 7.840623706579208374e-02 -7.674399763345718384e-02 -7.037735730409622192e-02
-2.816613530740141869e-03 -9.630437940359115601e-02 -3.184614330530166626e-02 3.324993699789047241e-02
-6.953771412372589111e-02 -5.968907848000526428e-02 6.106829096097499132e-05 5.736093968152999878e-02
2.737449295818805695e-02 -1.366069167852401733e-01 4.709474742412567139e-02 2.118535712361335754e-02
9.790146350860595703e-02 -1.216853410005569458e-01 -3.154600039124488831e-02 -1.092924848198890686e-01
9.360446780920028687e-02 -1.697700284421443939e-02 -4.521895945072174072e-02 2.212956920266151428e-02
7.258805632591247559e-02 -2.527713216841220856e-02 -6.130821420811116695e-04 -1.458019465208053589e-01
7.586897909641265869e-02 -6.035856157541275024e-02 -1.083168908953666687e-01 2.367051318287849426e-02
3.878090158104896545e-02 -1.264244765043258667e-01 -1.502897217869758606e-02 -4.210407380014657974e-03
5.090262368321418762e-02 -4.910019785165786743e-02 -1.545802224427461624e-02 1.099586370401084423e-03
6.727550178766250610e-02 -3.346917778253555298e-02 -7.997863739728927612e-02 -2.691478841006755829e-02
7.777331024408340454e-02 -2.361746132373809814e-02 -5.489617958664894104e-02 2.043009921908378601e-02
