3.615132346749305725e-02 1.611914113163948059e-02 2.050663530826568604e-02 -7.411391008645296097e-03
-4.353873804211616516e-02 -4.462931305170059204e-02 5.457163602113723755e-02 2.814425341784954071e-02
-1.167369261384010315e-01 8.262784779071807861e-02 -4.537146538496017456e-02 -8.447954803705215454e-02
2.433986403048038483e-02 4.463677108287811279e-02 -5.288364365696907043e-02 -5.003927275538444519e-03
5.655023083090782166e-02 -4.264993220567703247e-02 4.683511331677436829e-02 -5.889584124088287354e-02
-1.867142468690872192e-01 1.090199202299118042e-01 -7.207570970058441162e-02 -9.939832985401153564e-02
5.943191796541213989e-02 -5.539564043283462524e-02 -9.767523407936096191e-02 -8.123567327857017517e-03
-1.170505210757255554e-01 -5.107747763395309448e-02 1.306008100509643555e-01 -1.026617065072059631e-01
-9.732770174741744995e-02 -3.688422217965126038e-02 6.999708712100982666e-02 2.536535635590553284e-02
-3.733333572745323181e-02 7.856593281030654907e-02 -8.970783650875091553e-02 -2.485763281583786011e-02
-1.001331657171249390e-01 -7.296713441610336304e-02 2.748619206249713898e-02 7.110702246427536011e-02
-6.233648210763931274e-02 6.443475931882858276e-02 -1.429123152047395706e-02 -4.115581512451171875e-02
