3.215553611516952515e-02 2.167610451579093933e-03 -3.785495087504386902e-02 1.810945942997932434e-02
-1.833431236445903778e-02 1.036188602447509766e-01 -6.544008851051330566e-02 -1.229524314403533936e-01
-4.530341923236846924e-02 -3.925630077719688416e-02 5.032935738563537598e-02 3.880359604954719543e-02
3.035178035497665405e-02 -7.257463783025741577e-02 3.299459442496299744e-02 -6.581760197877883911e-02
-5.122147873044013977e-02 8.671393990516662598e-02 -5.038521438837051392e-02 -5.328628420829772949e-02
-9.736331552267074585e-02 -1.026548966765403748e-01 1.393447518348693848e-01 -3.447868674993515015e-02
5.061568319797515869e-02 -1.081606820225715637e-01 2.632753551006317139e-02 -8.729885448701679707e-04
3.951245546340942383e-02 -1.211287975311279297e-01 2.153642848134040833e-02 4.398897290229797363e-02
-6.905652582645416260e-02 -1.153141073882579803e-02 -1.273673623800277710e-01 1.311782598495483398e-01
1.345036327838897705e-01 -4.600903019309043884e-02 -1.572856903076171875e-01 -3.373828157782554626e-02
-3.030966594815254211e-02 -3.306817635893821716e-02 1.650341786444187164e-02 1.920853927731513977e-02
-4.226241260766983032e-02 2.152857743203639984e-02 2.161490544676780701e-02 5.692065315088257194e-06
