6.878528743982315063e-02 1.571358367800712585e-02 -1.304755825549364090e-02 -1.090738549828529358e-01
3.703785315155982971e-02 -8.503846079111099243e-02 -1.417609490454196930e-02 2.858419902622699738e-02
-5.933926254510879517e-02 -1.197665557265281677e-01 1.439899802207946777e-01 -6.379906833171844482e-02
4.203076288104057312e-02 -5.080877989530563354e-02 2.996512688696384430e-02 -6.259366124868392944e-02
-3.022653982043266296e-02 -5.249949172139167786e-03 5.802096799015998840e-02 -7.334945350885391235e-02
-7.639183849096298218e-02 1.149765774607658386e-01 -1.264255940914154053e-01 -1.005556285381317139e-01
-1.396467164158821106e-02 -1.315331757068634033e-01 7.285410538315773010e-03 7.961978763341903687e-02
-1.565299928188323975e-01 -2.311736578121781349e-03 8.302705734968185425e-02 -8.471473306417465210e-02
4.219943191856145859e-03 -1.072406545281410217e-01 5.258253961801528931e-02 1.419744081795215607e-02
-1.107112318277359009e-02 -7.474881410598754883e-02 1.010637879371643066e-01 -2.662566490471363068e-02
-3.154253214597702026e-02 8.696255832910537720e-02 -1.063106730580329895e-01 -4.730015248060226440e-02
-6.554494798183441162e-02 -2.907424792647361755e-02 -2.498863078653812408e-02 5.482126027345657349e-02
