-2.917724428698420525e-03 -4.837616812437772751e-03 2.083752676844596863e-02 2.771589718759059906e-02
4.566783457994461060e-02 4.176880791783332825e-02 -5.119348317384719849e-02 -3.651344031095504761e-02
6.026758253574371338e-02 -6.749142706394195557e-02 -7.593785226345062256e-02 3.144584968686103821e-02
-1.115076988935470581e-01 4.680108651518821716e-02 -6.231280788779258728e-02 5.707038193941116333e-02
-1.387229003012180328e-02 -1.931366510689258575e-02 -3.459593653678894043e-02 9.326762706041336060e-02
4.368415102362632751e-03 -7.431901246309280396e-02 -1.190913915634155273e-01 1.203019022941589355e-01
-6.532470881938934326e-02 9.390472620725631714e-02 -3.772620111703872681e-02 4.087368492037057877e-03
-7.660160213708877563e-02 1.096239984035491943e-01 -9.780927002429962158e-02 -3.393122553825378418e-02
-5.253033712506294250e-02 -6.797600537538528442e-02 1.004641689360141754e-02 5.656028538942337036e-02
4.809600859880447388e-02 -4.555581137537956238e-02 6.659700721502304077e-02 1.621247269213199615e-02
-6.542932987213134766e-02 -3.636059910058975220e-02 -7.976626604795455933e-02 8.222506940364837646e-02
-4.505002871155738831e-02 -2.700285054743289948e-02 -3.964455053210258484e-02 6.842446327209472656e-02
