6.603588908910751343e-02 -2.983345836400985718e-02 2.048169821500778198e-02 -9.669376164674758911e-02
-1.883838884532451630e-02 -2.525633201003074646e-02 -1.295768320560455322e-01 8.429938554763793945e-02
-5.405752360820770264e-02 5.568818002939224243e-02 3.456085547804832458e-02 -1.260195523500442505e-01
-9.075640141963958740e-02 -9.798953682184219360e-02 9.066586941480636597e-02 -3.640732914209365845e-02
5.881063640117645264e-02 -3.623422607779502869e-02 4.759185388684272766e-02 -1.608906127512454987e-02
-2.875453233718872070e-02 3.360521420836448669e-02 -9.450835734605789185e-02 4.682695865631103516e-02
-6.114950776100158691e-02 8.296231925487518311e-02 -1.227916553616523743e-01 5.521263554692268372e-02
-5.548012629151344299e-02 1.400343924760818481e-01 -7.381086051464080811e-02 -3.785780072212219238e-02
-1.903587603010237217e-03 1.091119740158319473e-02 1.217973232269287109e-02 -2.304384484887123108e-02
-7.091575302183628082e-03 -8.870488032698631287e-03 -1.092859506607055664e-01 5.849415808916091919e-02
8.858995884656906128e-02 -1.230031028389930725e-01 6.083331070840358734e-03 2.293438737979158759e-04
-9.133099764585494995e-02 9.987697005271911621e-02 -3.843694180250167847e-02 7.485630922019481659e-03
