-3.185256943106651306e-02 -7.591006159782409668e-02 9.415865689516067505e-02 -6.890799850225448608e-02
-1.061351597309112549e-01 1.489945054054260254e-01 -3.203698992729187012e-02 -1.275326907634735107e-01
-6.133703142404556274e-02 1.520172804594039917e-01 -6.347633153200149536e-02 -9.798492491245269775e-02
1.445194589905440807e-03 3.237181110307574272e-03 -1.098571252077817917e-02 1.198926847428083420e-02
-1.347518432885408401e-02 -7.598496973514556885e-02 3.385469689965248108e-02 2.944840304553508759e-02
3.207312151789665222e-02 -1.450718343257904053e-01 8.769780397415161133e-02 -9.400838613510131836e-02
-4.257495701313018799e-02 -1.196873411536216736e-01 1.853993684053421021e-01 -1.774664670228958130e-01
5.423356592655181885e-02 6.515568494796752930e-02 -8.920940011739730835e-02 -1.212831437587738037e-01
3.593491623178124428e-03 7.986978441476821899e-02 -7.863530516624450684e-02 -1.607589274644851685e-01
9.970726817846298218e-02 -1.637313514947891235e-01 -5.374403297901153564e-02 -2.477426640689373016e-02
3.022021427750587463e-02 4.720197245478630066e-02 -4.305019229650497437e-02 -1.341252177953720093e-01
3.295340389013290405e-02 -3.447798267006874084e-02 -2.319783717393875122e-02 -4.922891501337289810e-03
