5.837537720799446106e-02 -1.443780492991209030e-02 -1.849396154284477234e-02 -1.220275983214378357e-01
2.699853852391242981e-03 -5.693715810775756836e-02 6.334288418292999268e-02 -4.563055187463760376e-02
-4.911275580525398254e-02 7.407176494598388672e-02 -4.846562817692756653e-02 -2.610572241246700287e-02
7.323910295963287354e-02 7.312140613794326782e-02 -1.633805036544799805e-01 -6.727056950330734253e-02
3.418466076254844666e-02 4.299389943480491638e-02 -7.717484980821609497e-02 -1.342828720808029175e-01
-3.205014392733573914e-02 5.819873884320259094e-02 -4.719027876853942871e-02 -7.689676433801651001e-02
-5.568777769804000854e-02 -1.059191524982452393e-01 7.880721986293792725e-02 -5.857873708009719849e-02
7.883198559284210205e-02 1.029857248067855835e-02 -1.108471229672431946e-01 -6.043316051363945007e-02
-3.297770768404006958e-02 1.164560616016387939e-01 -4.337750002741813660e-02 -8.324716985225677490e-02
5.304418038576841354e-03 -2.572108432650566101e-02 -1.296439915895462036e-01 5.587880685925483704e-02
-5.856188014149665833e-02 1.507396399974822998e-01 -1.072759106755256653e-01 -6.741812825202941895e-02
-2.864134497940540314e-03 2.982986345887184143e-02 -5.741031467914581299e-02 -2.394237183034420013e-02
