-7.266598194837570190e-02 1.281057763844728470e-02 2.475603483617305756e-02 -1.748429238796234131e-02
-5.563985556364059448e-02 -4.225598648190498352e-02 1.375713050365447998e-01 -1.290750652551651001e-01
6.797073781490325928e-02 -2.070027217268943787e-02 2.675372548401355743e-02 -1.756520383059978485e-02
-3.148970752954483032e-02 1.226883381605148315e-01 -5.558193847537040710e-02 -6.458525359630584717e-02
-4.525468870997428894e-02 9.181024506688117981e-03 4.848885163664817810e-02 -5.986276268959045410e-02
-6.630977243185043335e-02 -1.608127541840076447e-02 9.215614944696426392e-02 -1.061623319983482361e-01
-1.380793657153844833e-02 -1.009048521518707275e-01 2.673373743891716003e-02 3.718448430299758911e-02
7.968935370445251465e-02 6.557007879018783569e-02 -9.944409132003784180e-02 -6.042150035500526428e-02
-1.700549423694610596e-01 5.955817922949790955e-02 -5.907618626952171326e-02 4.819586500525474548e-02
7.482722401618957520e-02 -1.133387908339500427e-01 1.100228261202573776e-02 -9.793085604906082153e-02
-2.361940406262874603e-02 -8.878900110721588135e-02 -7.625582814216613770e-02 9.568239003419876099e-02
1.034914702177047729e-02 2.184275351464748383e-02 3.466297313570976257e-02 -4.618061333894729614e-02
