3.661448368802666664e-03 -1.067450828850269318e-02 3.908501937985420227e-02 -1.457850337028503418e-01
-4.515348374843597412e-02 -7.132007926702499390e-02 1.044469475746154785e-01 -5.139677226543426514e-02
4.741331189870834351e-02 3.641702979803085327e-02 -6.437472999095916748e-02 -9.207365801557898521e-04
-5.394174158573150635e-02 4.528314620256423950e-02 -6.058229506015777588e-02 -2.666749991476535797e-03
-1.384015008807182312e-02 -8.532394468784332275e-02 -1.090114712715148926e-01 1.138862371444702148e-01
-2.614213153719902039e-02 9.473814815282821655e-02 -7.938557118177413940e-02 1.250156573951244354e-02
-6.935606896877288818e-02 -5.912189185619354248e-02 -9.096124023199081421e-02 1.084017679095268250e-01
-9.294375777244567871e-02 4.768942296504974365e-02 3.993033245205879211e-02 -8.197440207004547119e-02
-4.871993139386177063e-02 -3.766043856739997864e-02 3.880519047379493713e-02 -8.170021697878837585e-03
6.416138261556625366e-02 -5.491570383310317993e-02 -1.278705336153507233e-02 -3.006272949278354645e-03
9.858820587396621704e-02 -1.412268728017807007e-01 2.168914489448070526e-02 -8.603657037019729614e-02
9.920444339513778687e-02 -1.296293586492538452e-01 -1.209997385740280151e-02 -1.216187328100204468e-01
