-4.496402665972709656e-02 8.654873818159103394e-02 -1.512993406504392624e-02 -1.007371544837951660e-01
7.512367330491542816e-03 -1.706163585186004639e-01 8.848635852336883545e-02 -1.107869204133749008e-02
-3.019243106245994568e-02 -1.121672689914703369e-01 -2.641808055341243744e-02 1.099527478218078613e-01
3.218164667487144470e-02 -1.394454836845397949e-01 2.213504165410995483e-02 1.616749353706836700e-02
-5.008406937122344971e-02 2.884741686284542084e-02 -3.721917280927300453e-03 3.341419622302055359e-02
4.184604156762361526e-03 -1.294052414596080780e-02 -1.975898444652557373e-02 2.205137349665164948e-02
8.585751801729202271e-02 -4.323413595557212830e-02 -1.335306651890277863e-02 -1.047532930970191956e-01
-4.521005600690841675e-02 9.469393640756607056e-02 -9.316297620534896851e-02 1.254272554069757462e-02
-2.858988475054502487e-03 3.626950550824403763e-03 5.141041427850723267e-02 -1.613961346447467804e-02
4.465412348508834839e-02 1.505643036216497421e-02 1.425489317625761032e-02 -7.316960394382476807e-02
-2.382267080247402191e-02 6.643000058829784393e-03 -4.751019924879074097e-02 5.355852097272872925e-02
2.956133522093296051e-02 -7.986412942409515381e-02 3.351075202226638794e-02 -1.718209497630596161e-02
