-2.173870801925659180e-02 -1.400646567344665527e-01 7.413795590400695801e-02 -3.829722851514816284e-02
1.548737939447164536e-02 -9.248809516429901123e-02 5.173272639513015747e-02 -9.124349802732467651e-02
-5.417416617274284363e-02 -3.070625476539134979e-02 8.872946351766586304e-02 -6.775933504104614258e-02
-5.345552042126655579e-02 -8.471013605594635010e-02 1.133224293589591980e-01 -7.490098010748624802e-03
-3.161160275340080261e-02 2.238684520125389099e-02 -1.233174353837966919e-01 9.120675921440124512e-02
-9.704416245222091675e-02 -8.541636914014816284e-02 1.303399354219436646e-01 -3.590526804327964783e-02
-1.432668566703796387e-01 -1.102599948644638062e-01 9.664396196603775024e-02 2.817857638001441956e-02
-7.325819879770278931e-02 -1.142819523811340332e-01 7.136367261409759521e-02 1.718740724027156830e-02
-7.374519947916269302e-03 -6.821949034929275513e-02 7.991002500057220459e-02 -5.078555271029472351e-02
-5.394591949880123138e-03 1.373887900263071060e-02 -5.802066624164581299e-02 8.249486237764358521e-02
-9.660419821739196777e-02 2.873475104570388794e-02 -7.806915789842605591e-02 7.133860141038894653e-02
-2.965882187709212303e-03 -3.503118082880973816e-02 4.579973965883255005e-02 4.456948861479759216e-02
