-2.143432386219501495e-03 1.029938086867332458e-02 -9.056722745299339294e-03 -4.188821837306022644e-02
4.799030721187591553e-02 -4.061287268996238708e-02 5.997929722070693970e-02 -5.257297307252883911e-02
1.912648230791091919e-02 -6.597278267145156860e-02 1.010710075497627258e-01 -7.901194691658020020e-02
9.378223121166229248e-02 -1.436282992362976074e-01 2.489432133734226227e-02 -2.978729829192161560e-02
-2.945737354457378387e-02 -1.911257021129131317e-02 6.906221807003021240e-02 -1.116073280572891235e-01
-1.355009377002716064e-01 -5.905093625187873840e-02 7.922367751598358154e-02 6.931275711394846439e-04
-1.336436998099088669e-02 7.864074409008026123e-02 -1.740324348211288452e-01 -3.697050735354423523e-02
-6.242801249027252197e-02 -7.272651791572570801e-02 5.147010460495948792e-02 2.426473610103130341e-02
-1.400346010923385620e-01 -2.514705806970596313e-02 1.046107336878776550e-01 -2.443809621036052704e-02
3.193452954292297363e-02 -1.388784795999526978e-01 4.060058668255805969e-02 3.620550408959388733e-02
-2.661024965345859528e-02 -7.895374298095703125e-02 8.299395442008972168e-02 -7.313218712806701660e-02
-8.760451339185237885e-03 7.402741909027099609e-02 -1.053810045123100281e-01 1.114073861390352249e-02
