2.100639790296554565e-02 -5.201890319585800171e-02 4.024707153439521790e-02 3.266349434852600098e-02
2.274828217923641205e-02 -1.053889915347099304e-01 2.447179891169071198e-02 1.174865383654832840e-02
-4.011605679988861084e-02 1.724140644073486328e-01 -1.604246199131011963e-01 -1.202939152717590332e-01
-5.831892043352127075e-02 -1.377153694629669189e-01 1.575099527835845947e-01 -1.489650756120681763e-01
7.489218562841415405e-02 2.596801146864891052e-02 -2.641156502068042755e-02 -1.552050560712814331e-01
-1.474701426923274994e-02 3.517184033989906311e-02 -5.029666423797607422e-02 4.335523024201393127e-02
1.048877760767936707e-01 -4.990267381072044373e-02 -7.554008811712265015e-02 -5.452813580632209778e-02
1.108291558921337128e-02 1.853704452514648438e-02 -8.038938045501708984e-02 -1.025885250419378281e-02
-3.676023706793785095e-02 -5.169074237346649170e-02 7.911186665296554565e-02 4.419777542352676392e-03
-2.101572789251804352e-02 -3.164697065949440002e-02 6.381718069314956665e-02 -8.382012695074081421e-02
-9.475738555192947388e-02 2.216480672359466553e-03 3.860114887356758118e-02 -1.056804554536938667e-03
-9.701449424028396606e-02 1.029780507087707520e-02 -2.056446298956871033e-02 3.685869649052619934e-02
