-6.770554184913635254e-02 1.725610345602035522e-01 -1.538294404745101929e-01 -1.728614121675491333e-01
-1.828721910715103149e-01 -5.759463831782341003e-02 1.007408723235130310e-01 -4.581512138247489929e-02
2.477859146893024445e-02 -1.028345599770545959e-01 5.814919713884592056e-03 -4.868781566619873047e-02
3.948749229311943054e-02 -1.350973919034004211e-02 -4.098587483167648315e-02 1.694149337708950043e-02
-8.076905459165573120e-02 7.487713545560836792e-02 -6.754506845027208328e-03 -4.381639882922172546e-02
3.777563199400901794e-02 1.653230376541614532e-02 -1.004059612751007080e-02 -4.942106828093528748e-02
-3.360331431031227112e-02 4.450988024473190308e-02 -3.955986350774765015e-03 -2.207530103623867035e-02
-4.246646538376808167e-02 4.831448569893836975e-02 -3.991522267460823059e-02 3.475302457809448242e-02
-8.572802692651748657e-02 3.743130713701248169e-03 -7.390803843736648560e-02 7.928991317749023438e-02
-4.547980800271034241e-02 1.105430945754051208e-01 -1.698199510574340820e-01 -1.963177695870399475e-02
-9.463921189308166504e-02 -1.673799455165863037e-01 1.987146139144897461e-01 -9.943363815546035767e-02
-7.337835151702165604e-03 5.346323829144239426e-03 -3.883703798055648804e-02 6.907758116722106934e-02
