-9.087646752595901489e-02 6.078155245631933212e-03 5.200130864977836609e-02 2.851265668869018555e-02
3.233261033892631531e-02 -6.254298985004425049e-02 2.720121294260025024e-02 -1.039856448769569397e-01
-3.035194426774978638e-02 5.722060054540634155e-02 1.647041179239749908e-02 -1.184676960110664368e-02
2.495168335735797882e-02 -1.079157888889312744e-01 8.862474560737609863e-02 -2.096901386976242065e-01
-5.536764115095138550e-02 -7.839028537273406982e-02 6.015787273645401001e-02 1.325169298797845840e-02
3.889831900596618652e-02 1.423500571399927139e-02 -1.369529962539672852e-01 -6.575415842235088348e-03
8.144813030958175659e-02 -1.199161633849143982e-01 -1.301527395844459534e-02 -1.118804793804883957e-02
-8.536799252033233643e-02 -8.025246858596801758e-02 6.119056139141321182e-03 1.038073748350143433e-01
8.925852924585342407e-02 -9.727837890386581421e-02 2.617607638239860535e-02 -1.581224948167800903e-01
-9.460513293743133545e-02 2.586413174867630005e-02 -5.523414164781570435e-02 7.316515594720840454e-02
-2.563207596540451050e-02 6.330757588148117065e-02 -1.096297949552536011e-01 3.830620646476745605e-02
3.348638862371444702e-02 -5.996068567037582397e-02 -1.694590412080287933e-02 1.474100258201360703e-02
