2.005950175225734711e-02 2.553864754736423492e-02 1.064249873161315918e-02 4.065559431910514832e-02
-2.266206406056880951e-02 -1.034898869693279266e-02 2.433837763965129852e-02 3.952695056796073914e-02
2.568619325757026672e-02 -3.207243606448173523e-02 -3.453664109110832214e-02 3.980503976345062256e-02
-1.405589729547500610e-01 8.208826929330825806e-02 -1.423326134681701660e-01 1.067351456731557846e-02
-1.603425741195678711e-01 -1.059413552284240723e-01 1.267042309045791626e-01 -2.952263876795768738e-02
9.143190085887908936e-02 -1.393619030714035034e-01 2.982747554779052734e-02 -1.180551275610923767e-01
-1.009454801678657532e-01 2.250276319682598114e-02 -4.838275164365768433e-02 5.117843672633171082e-02
8.443927764892578125e-02 -5.141487345099449158e-02 2.358097583055496216e-02 -9.151300042867660522e-02
-1.586729846894741058e-02 -9.055244177579879761e-02 -8.301899768412113190e-03 7.173527777194976807e-02
2.416797727346420288e-02 -6.934758275747299194e-02 4.220739379525184631e-02 -3.235748782753944397e-02
-1.049679052084684372e-02 -3.607895225286483765e-02 2.816758491098880768e-02 -2.897199615836143494e-02
-2.286643348634243011e-02 7.146774232387542725e-02 -1.908285543322563171e-02 -9.330949932336807251e-02
