-3.951263800263404846e-02 -3.613335266709327698e-02 7.274557650089263916e-02 -1.467901933938264847e-02
8.797287940979003906e-03 7.156766951084136963e-04 4.631479457020759583e-02 -8.609257638454437256e-03
8.896280825138092041e-02 -9.884517639875411987e-02 3.510046284645795822e-03 -2.144256234169006348e-02
-1.625787280499935150e-02 -2.135162241756916046e-02 3.843050450086593628e-02 -2.168562449514865875e-02
-1.746423915028572083e-02 6.725480407476425171e-02 -1.058652438223361969e-02 -3.118514083325862885e-02
-2.144314162433147430e-02 -1.466919481754302979e-01 9.376182407140731812e-02 1.656529679894447327e-02
-3.762210160493850708e-02 -5.757663771510124207e-02 1.040875166654586792e-01 -7.650634646415710449e-02
4.670258983969688416e-02 -8.460145443677902222e-02 6.409195065498352051e-02 -5.968257784843444824e-02
8.961938321590423584e-02 -9.753962606191635132e-02 -4.455174505710601807e-02 -6.473468989133834839e-02
5.474973935633897781e-03 3.568083792924880981e-02 -2.168307825922966003e-02 -1.043605282902717590e-01
-1.114490628242492676e-01 -3.005424980074167252e-03 -9.028102457523345947e-02 9.738001972436904907e-02
-1.819067262113094330e-02 -7.032725960016250610e-02 -2.999308519065380096e-02 5.569023266434669495e-02
