-8.957987278699874878e-02 5.482390150427818298e-02 -2.870908007025718689e-02 4.418335109949111938e-02
4.782305285334587097e-02 9.501449763774871826e-03 -3.971949219703674316e-03 -2.533313632011413574e-02
-6.126422062516212463e-02 8.207309991121292114e-02 -1.116233542561531067e-01 1.639694347977638245e-02
3.157704137265682220e-03 -2.866893773898482323e-03 -1.259317249059677124e-01 9.660595655441284180e-02
-7.673252373933792114e-02 -1.743919998407363892e-01 -1.775002165231853724e-04 8.940316736698150635e-02
-3.406566753983497620e-02 6.815700232982635498e-02 -1.181091889739036560e-01 7.437216583639383316e-03
-1.843166910111904144e-02 8.788803964853286743e-02 -2.514049038290977478e-02 -9.614408761262893677e-02
-2.140670828521251678e-02 1.052572354674339294e-01 -4.924041405320167542e-02 -6.241808086633682251e-02
6.159759312868118286e-02 -2.526809275150299072e-02 -1.824993491172790527e-01 -5.953284926363267004e-06
-9.238354116678237915e-02 -5.487110093235969543e-02 6.576509028673171997e-02 1.239407993853092194e-02
-1.587866991758346558e-01 4.482366144657135010e-02 1.930605247616767883e-02 3.712521400302648544e-03
-5.806341767311096191e-02 1.917126215994358063e-02 -5.179624259471893311e-02 5.639767646789550781e-02
