4.792558774352073669e-02 -4.257370159029960632e-02 2.554448507726192474e-02 -1.297002658247947693e-02
-4.095109924674034119e-02 6.064649671316146851e-02 2.594241127371788025e-02 -6.273133307695388794e-02
3.460504114627838135e-02 -1.290417462587356567e-02 -4.948797449469566345e-02 -4.665123671293258667e-02
-4.021800309419631958e-02 -1.410880126059055328e-02 7.050657272338867188e-02 -4.075026512145996094e-02
5.435435846447944641e-02 -6.518364697694778442e-02 -1.665825583040714264e-02 -1.010123044252395630e-01
-1.297083944082260132e-01 -7.588876038789749146e-02 1.227756887674331665e-01 1.568815670907497406e-02
3.795704990625381470e-02 -1.703286319971084595e-01 7.318820059299468994e-02 -6.778831034898757935e-02
7.560826838016510010e-02 3.741148486733436584e-02 -1.574176996946334839e-01 -7.919317483901977539e-02
-3.686248883605003357e-02 -9.857117384672164917e-02 1.174070015549659729e-01 -7.474843412637710571e-02
-4.174157977104187012e-02 -1.148442476987838745e-01 1.246204599738121033e-01 -3.619006648659706116e-02
4.647600278258323669e-02 -9.910305589437484741e-02 3.732087835669517517e-02 -1.765958219766616821e-01
6.108285859227180481e-02 -1.147798672318458557e-01 7.081801071763038635e-03 -5.045938887633383274e-04
