1.365549251204356551e-04 3.062600642442703247e-02 2.715579792857170105e-02 -4.287437535822391510e-03
4.811476916074752808e-02 2.334032952785491943e-02 -1.299925521016120911e-02 -1.184915378689765930e-01
-1.117933392524719238e-01 2.810754626989364624e-02 5.680494010448455811e-02 -8.645057678222656250e-02
3.941554203629493713e-02 -3.598121926188468933e-02 4.046141356229782104e-02 -5.910116806626319885e-02
7.845115661621093750e-02 -9.416529536247253418e-02 9.195263683795928955e-02 -8.811516314744949341e-02
-1.291658878326416016e-01 7.471351884305477142e-03 -1.539931297302246094e-01 1.021459698677062988e-01
8.505665510892868042e-02 -2.732807770371437073e-02 -3.085204400122165680e-02 -3.641387447714805603e-02
1.336622089147567749e-01 -8.381880074739456177e-02 -6.918151676654815674e-02 -1.013967096805572510e-01
-1.482969522476196289e-01 -1.621687598526477814e-02 -3.783164173364639282e-02 9.727953374385833740e-02
9.519525617361068726e-02 -7.469211518764495850e-02 -3.924054279923439026e-02 -1.485450472682714462e-02
-4.311233386397361755e-02 8.519065380096435547e-02 -1.497281342744827271e-02 -8.477812260389328003e-02
-6.162262335419654846e-02 2.480135299265384674e-02 4.110899567604064941e-02 -3.312186896800994873e-02
