-6.573543883860111237e-03 9.512678533792495728e-02 -1.215452477335929871e-01 -7.602021843194961548e-02
-6.046321243047714233e-02 1.003205627202987671e-01 -7.301387935876846313e-02 -6.668945401906967163e-02
-3.801301866769790649e-02 -1.737892478704452515e-01 7.603662461042404175e-02 2.522612921893596649e-02
4.936571791768074036e-02 6.371806561946868896e-02 -8.660433441400527954e-02 -6.333676725625991821e-02
-8.843519538640975952e-02 8.590760827064514160e-02 -2.825103700160980225e-02 -2.284158952534198761e-02
-8.458631485700607300e-02 5.323211476206779480e-02 -5.529531463980674744e-02 4.814846441149711609e-02
-4.429707303643226624e-02 1.116834059357643127e-01 -6.078629195690155029e-02 -1.169939115643501282e-01
-2.098096907138824463e-02 -2.643295936286449432e-02 2.467320859432220459e-02 4.662156105041503906e-02
-1.088874712586402893e-01 -6.711453199386596680e-02 4.930603504180908203e-02 3.435403853654861450e-02
-5.458688735961914062e-02 1.511097303591668606e-03 -5.826807767152786255e-02 4.701440408825874329e-02
-1.925747990608215332e-01 5.302932113409042358e-02 -2.981304191052913666e-03 -3.856950253248214722e-02
1.676901802420616150e-02 3.666414320468902588e-02 -8.477699756622314453e-02 -1.018826011568307877e-02
