6.203635409474372864e-02 -5.104785040020942688e-02 -1.713910326361656189e-02 3.185353428125381470e-02
-6.142658367753028870e-02 3.206532448530197144e-02 -1.182386185973882675e-02 5.894990265369415283e-02
1.268757134675979614e-02 7.500727474689483643e-02 -5.719898268580436707e-02 -7.082405686378479004e-02
-3.081445023417472839e-02 2.933523431420326233e-02 4.360746964812278748e-02 -8.208625949919223785e-04
6.266388297080993652e-02 -7.210015505552291870e-02 -2.785937860608100891e-02 1.595424138940870762e-03
-1.419812887907028198e-01 1.260022222995758057e-01 -7.031894475221633911e-02 -3.496073931455612183e-02
-7.965489290654659271e-03 -1.225768104195594788e-01 -1.419992931187152863e-02 9.269662201404571533e-02
1.039909198880195618e-01 -9.450533986091613770e-02 1.931728795170783997e-02 -1.211934462189674377e-01
-5.814546346664428711e-02 3.330752253532409668e-02 -1.773548079654574394e-03 6.099501624703407288e-02
-8.787320554256439209e-02 9.675191342830657959e-02 -5.695578176528215408e-03 -1.139890700578689575e-01
1.923015806823968887e-03 -4.494548216462135315e-02 6.798716634511947632e-02 -3.633492439985275269e-02
4.821291565895080566e-02 -4.064455255866050720e-02 -3.413235396146774292e-02 3.090559877455234528e-02
