-3.857607021927833557e-02 -3.541387617588043213e-02 -2.372740767896175385e-02 6.486219912767410278e-02
7.952839136123657227e-03 -3.574062883853912354e-02 -6.575644016265869141e-02 1.005079075694084167e-01
1.457021851092576981e-02 -1.031036861240863800e-02 -9.111740440130233765e-02 6.752243638038635254e-02
8.762135170400142670e-03 -4.434547573328018188e-02 -1.386660486459732056e-01 7.804334163665771484e-02
-4.963828250765800476e-02 -5.170296877622604370e-02 -3.988360986113548279e-02 9.388914704322814941e-02
-4.091667383909225464e-02 -9.376117959618568420e-04 -4.627953097224235535e-02 8.690528571605682373e-02
-5.923769995570182800e-02 -2.025201730430126190e-02 -1.960309781134128571e-02 3.087261877954006195e-02
-1.774378269910812378e-01 2.273928374052047729e-02 -6.514782458543777466e-02 3.868682682514190674e-02
-6.337343901395797729e-02 6.360067427158355713e-02 -3.777704015374183655e-02 1.944403350353240967e-02
1.030361428856849670e-01 -6.409233808517456055e-02 -1.172668635845184326e-01 2.651470713317394257e-02
-1.396048069000244141e-01 -3.831426799297332764e-02 6.862638145685195923e-02 -4.365867003798484802e-03
5.711400136351585388e-02 -3.758225962519645691e-02 -1.389347761869430542e-02 -4.324024915695190430e-02
