2.775234729051589966e-02 -5.088967457413673401e-02 6.398590747267007828e-03 -3.740436211228370667e-02
-1.285552792251110077e-02 -2.917032130062580109e-02 1.090249642729759216e-01 -9.651654958724975586e-02
-4.187147598713636398e-03 -5.531847849488258362e-02 3.858270868659019470e-02 -6.944504380226135254e-02
4.044136777520179749e-02 -1.527498215436935425e-01 1.240655407309532166e-01 -7.670007646083831787e-02
-1.474814414978027344e-01 -1.036809198558330536e-02 7.118942588567733765e-02 -1.161323934793472290e-01
-1.321638524532318115e-01 -7.925079017877578735e-02 1.073556244373321533e-01 -1.872540079057216644e-02
2.047074213624000549e-02 4.837945848703384399e-02 -1.628685146570205688e-01 -2.615252509713172913e-02
-4.907560721039772034e-02 -9.466809034347534180e-02 6.330969184637069702e-02 -7.326375693082809448e-03
-1.585182845592498779e-01 9.999156929552555084e-03 4.460680484771728516e-02 -1.461633946746587753e-02
2.702338807284832001e-02 -1.110055968165397644e-01 2.544782869517803192e-02 -1.140605600085109472e-04
-3.179644793272018433e-02 -5.813856795430183411e-02 7.474844157695770264e-02 -8.077788352966308594e-02
-2.446766383945941925e-02 8.186065405607223511e-02 -1.318241953849792480e-01 3.763297200202941895e-02
