1.367056369781494141e-01 -4.293731600046157837e-02 -1.001539751887321472e-01 -4.399131238460540771e-02
-4.461786150932312012e-02 5.615278147161006927e-03 -9.506037167739123106e-05 5.199979990720748901e-02
7.868355512619018555e-02 -8.688119053840637207e-02 -4.594308510422706604e-02 -4.313206672668457031e-02
-3.408470004796981812e-02 3.711343929171562195e-02 3.700586780905723572e-02 -1.532649993896484375e-01
-8.201149851083755493e-02 -8.590228110551834106e-02 1.323059052228927612e-01 -6.414404511451721191e-02
6.329675763845443726e-02 -1.223498806357383728e-01 2.363515272736549377e-02 -4.756151232868432999e-03
-9.703403338789939880e-03 1.620222069323062897e-02 5.632203817367553711e-02 -2.327585220336914062e-02
-1.618344783782958984e-01 6.210036575794219971e-02 7.084886543452739716e-03 -8.422938734292984009e-02
-5.322654917836189270e-02 -4.454575479030609131e-02 1.012337058782577515e-01 -1.051981896162033081e-01
2.808626554906368256e-02 2.633012644946575165e-02 -1.241656541824340820e-01 4.972507711499929428e-03
3.914296254515647888e-02 4.097495693713426590e-03 -4.460865631699562073e-02 2.642764523625373840e-02
1.216835249215364456e-02 -2.535903640091419220e-02 -6.902264058589935303e-02 3.250362351536750793e-02
