-1.422515325248241425e-02 6.749718915671110153e-03 4.559471458196640015e-02 -1.218002960085868835e-01
-7.108834385871887207e-02 4.539598152041435242e-02 -9.018235653638839722e-02 6.167983636260032654e-02
-1.142320632934570312e-01 2.754128351807594299e-02 4.788129776716232300e-02 -2.887957030907273293e-03
8.326998353004455566e-02 -1.042879819869995117e-01 -4.045558348298072815e-02 -6.329847034066915512e-03
-6.282832473516464233e-02 -1.232422888278961182e-01 -1.457405984401702881e-01 1.623652279376983643e-01
7.264728844165802002e-02 -2.978706173598766327e-02 -3.864517435431480408e-02 -9.755346179008483887e-02
2.469792775809764862e-02 4.189312085509300232e-02 -1.307736933231353760e-01 -1.256970223039388657e-02
6.114578992128372192e-02 3.851041570305824280e-02 -1.177404895424842834e-01 1.431870460510253906e-02
-1.934229284524917603e-01 1.300023347139358521e-01 -4.500903189182281494e-02 -9.395067393779754639e-02
-5.363861098885536194e-02 -6.799634546041488647e-02 9.284012019634246826e-02 1.258696615695953369e-02
-4.648826085031032562e-03 -2.007667347788810730e-02 6.128845363855361938e-02 -5.600655078887939453e-02
1.294962037354707718e-02 -2.948885224759578705e-02 2.045108005404472351e-02 2.008442208170890808e-02
