-1.208228915929794312e-01 2.024173736572265625e-02 -4.351783916354179382e-02 7.228685915470123291e-02
2.983586490154266357e-02 -4.651709273457527161e-02 6.003538519144058228e-02 -5.346706882119178772e-02
-5.116592347621917725e-02 -5.145408213138580322e-02 -1.016040965914726257e-01 8.413506299257278442e-02
7.221995294094085693e-02 -1.370872110128402710e-01 -1.032551098614931107e-02 -4.610127583146095276e-02
1.608990505337715149e-02 4.124372825026512146e-02 -1.140312198549509048e-02 -3.294230252504348755e-02
-5.820170417428016663e-02 -3.947362769395112991e-03 1.002182811498641968e-02 5.346260592341423035e-02
3.775767236948013306e-02 -3.130368888378143311e-02 4.598185047507286072e-02 2.341580810025334358e-03
1.864886377006769180e-03 -7.451564073562622070e-02 9.569291770458221436e-02 -3.562162443995475769e-02
-2.845852263271808624e-02 -3.823515772819519043e-02 6.172373890876770020e-03 2.049789018929004669e-02
1.488223299384117126e-02 2.853464148938655853e-02 -6.370008736848831177e-02 -6.995812058448791504e-02
-1.031780987977981567e-01 1.199470385909080505e-01 -1.176927238702774048e-01 1.851910911500453949e-02
-1.044252067804336548e-01 -7.416576892137527466e-02 1.220843642950057983e-01 -6.752373278141021729e-02
