-6.371392309665679932e-02 4.817629605531692505e-02 -1.587070897221565247e-02 2.653175219893455505e-02
-3.122569061815738678e-02 1.198417693376541138e-01 -7.753333449363708496e-02 -1.306561827659606934e-01
-6.603295356035232544e-02 -7.762672752141952515e-02 1.220389083027839661e-01 -1.904051601886749268e-01
-2.596422843635082245e-02 -9.138944000005722046e-02 -3.202835842967033386e-02 1.044922694563865662e-01
-1.760730519890785217e-02 1.000313982367515564e-01 -8.615997433662414551e-02 3.233840689063072205e-02
4.234409704804420471e-02 -1.160852164030075073e-01 3.962561488151550293e-02 4.437511041760444641e-02
9.967864304780960083e-02 -3.505733236670494080e-02 -7.078804075717926025e-02 -1.509079635143280029e-01
-5.749933421611785889e-02 7.151407003402709961e-02 -5.160361900925636292e-02 2.850108593702316284e-02
-7.013824582099914551e-02 3.882732987403869629e-02 1.678891852498054504e-02 -4.422415420413017273e-02
-1.400612946599721909e-02 9.513547644019126892e-03 2.307057566940784454e-02 -2.270709536969661713e-02
-2.981288824230432510e-03 -9.357417933642864227e-03 -1.917016506195068359e-02 6.852563004940748215e-03
3.810420632362365723e-03 2.077556774020195007e-02 -6.632965058088302612e-02 6.199452560395002365e-03
