-7.348936051130294800e-02 -5.259739235043525696e-02 6.950722634792327881e-02 5.059862136840820312e-02
4.074108973145484924e-02 2.256359346210956573e-02 -1.339436322450637817e-02 -6.038042716681957245e-03
1.308660302311182022e-02 4.422632977366447449e-02 -4.812143370509147644e-02 -2.498482121154665947e-03
-1.173198893666267395e-01 6.729206442832946777e-02 -6.870961189270019531e-02 1.220822706818580627e-02
2.250215038657188416e-03 8.095856010913848877e-02 -7.988099008798599243e-02 -2.187133207917213440e-02
-6.570423394441604614e-02 8.276382088661193848e-02 -7.941688597202301025e-02 4.903648979961872101e-03
-3.840702399611473083e-02 8.278549462556838989e-02 -7.542974501848220825e-02 -8.651081472635269165e-02
-8.332948200404644012e-03 1.007298156619071960e-01 -6.145858764648437500e-02 -1.664367169141769409e-01
-9.319044649600982666e-02 -1.121223494410514832e-01 1.673028916120529175e-01 -1.103522703051567078e-01
8.575003594160079956e-03 1.721818558871746063e-02 -7.226116955280303955e-02 4.227367043495178223e-02
3.436660394072532654e-02 -2.827473729848861694e-02 -1.127007380127906799e-01 7.286880165338516235e-02
-2.143996022641658783e-02 -3.194225952029228210e-03 2.212628023698925972e-03 -4.396857321262359619e-02
