-4.367123916745185852e-02 -8.100240677595138550e-02 5.776306614279747009e-02 6.437436491250991821e-02
-1.024424210190773010e-01 5.766627937555313110e-02 -4.248167574405670166e-02 1.886680535972118378e-02
-1.009708084166049957e-02 5.961120873689651489e-02 2.595817111432552338e-02 -7.646127790212631226e-02
-6.884701550006866455e-02 -4.535464197397232056e-02 -1.447246521711349487e-01 1.573553830385208130e-01
-8.667099475860595703e-02 -5.933679640293121338e-02 1.194829493761062622e-01 2.237186999991536140e-04
-1.838020235300064087e-02 5.607502162456512451e-02 -3.351676836609840393e-02 -1.375796049833297729e-01
-5.460709333419799805e-02 -5.389460176229476929e-02 9.085419028997421265e-02 -6.677525117993354797e-03
2.949505299329757690e-02 5.411436408758163452e-02 -1.249248310923576355e-01 -6.225648149847984314e-02
7.470651715993881226e-02 -7.594284415245056152e-02 -9.724417701363563538e-03 -1.801564395427703857e-01
3.080628626048564911e-02 3.601625096052885056e-03 -8.921979926526546478e-03 -2.497481927275657654e-02
6.271780282258987427e-02 -3.894466534256935120e-02 -8.628482930362224579e-03 2.738336846232414246e-02
7.091766688972711563e-03 -2.981080487370491028e-02 1.150683593004941940e-02 -4.512317478656768799e-02
