-9.868483990430831909e-02 -9.426808357238769531e-02 -2.241522772237658501e-03 7.273379713296890259e-02
-5.958025529980659485e-02 -8.770887553691864014e-02 7.432851195335388184e-02 -5.821608938276767731e-03
-3.441036492586135864e-02 -8.877778053283691406e-02 5.530960112810134888e-02 -1.190238539129495621e-02
-2.557034790515899658e-02 -4.428040236234664917e-02 6.430955976247787476e-02 -5.526057630777359009e-02
9.712931700050830841e-03 7.438803464174270630e-02 -1.214944720268249512e-01 5.003181472420692444e-02
-5.556457489728927612e-02 -1.615902781486511230e-01 6.200353801250457764e-02 2.636271528899669647e-02
-7.856989651918411255e-02 -5.616233497858047485e-02 9.629055112600326538e-02 -3.119041584432125092e-02
3.074319101870059967e-02 -8.695389330387115479e-02 2.671736851334571838e-02 -6.357778608798980713e-02
-2.450843714177608490e-02 -3.910619765520095825e-02 4.680433496832847595e-02 -7.096779346466064453e-02
1.963101513683795929e-02 2.094558998942375183e-02 -8.628118038177490234e-02 3.019589744508266449e-02
-2.311704121530056000e-02 6.627621501684188843e-02 -8.688856661319732666e-02 4.930109158158302307e-02
6.232590414583683014e-03 -1.227605789899826050e-01 -3.893146663904190063e-02 9.414710104465484619e-02
