-7.209244370460510254e-02 6.195571273565292358e-02 -1.734028942883014679e-02 4.422826692461967468e-02
-9.811042249202728271e-02 1.661566942930221558e-01 -5.083592981100082397e-02 -1.274400800466537476e-01
-6.209716945886611938e-02 -1.297498196363449097e-01 1.379463225603103638e-01 -7.188505679368972778e-02
-8.584833890199661255e-02 -2.361116558313369751e-02 1.423215121030807495e-02 5.488901212811470032e-02
2.716069854795932770e-02 -2.427305467426776886e-02 -2.221075445413589478e-02 1.402288023382425308e-02
-4.502807185053825378e-02 -5.066127981990575790e-03 -4.548266902565956116e-02 8.587829023599624634e-02
2.345950528979301453e-02 1.742456294596195221e-02 2.031205408275127411e-02 -1.600475981831550598e-02
-2.766123041510581970e-02 8.702688850462436676e-03 3.576408699154853821e-02 -8.248598873615264893e-02
3.227186203002929688e-02 6.338372360914945602e-03 -2.345546707510948181e-02 -6.460832897573709488e-03
2.363618090748786926e-02 5.331850051879882812e-02 -9.085241705179214478e-02 -1.376744359731674194e-02
-1.076745614409446716e-01 7.037967443466186523e-02 1.832019723951816559e-02 -1.295402348041534424e-01
-3.162441402673721313e-02 -3.119686804711818695e-02 6.406088173389434814e-02 2.077062986791133881e-02
