1.161048095673322678e-02 -3.916531801223754883e-02 7.890390604734420776e-02 -2.963407896459102631e-02
2.996998839080333710e-02 -6.921571493148803711e-02 8.820732682943344116e-02 -9.070980548858642578e-02
-5.673845112323760986e-02 -6.555005908012390137e-02 1.279476378113031387e-02 7.055830955505371094e-02
1.241463329643011093e-02 -3.603460639715194702e-02 -3.245029598474502563e-02 1.644856855273246765e-02
3.859494626522064209e-02 -2.423595823347568512e-02 3.260128945112228394e-02 -5.005018785595893860e-02
-3.097834764048457146e-03 -8.833774924278259277e-02 -9.532342851161956787e-02 9.336663037538528442e-02
5.858822539448738098e-02 2.337089739739894867e-02 -6.841661781072616577e-02 -1.270397156476974487e-01
-7.962018251419067383e-02 8.715812861919403076e-02 -1.557285934686660767e-01 1.593201234936714172e-02
-5.554368719458580017e-02 -5.167150497436523438e-02 1.212661489844322205e-01 -1.064183712005615234e-01
-2.450491301715373993e-02 6.161303073167800903e-02 1.000940427184104919e-02 -1.422491017729043961e-02
1.050239242613315582e-02 4.102540388703346252e-02 -1.360355913639068604e-01 8.809472620487213135e-02
-9.317792952060699463e-02 -4.120391979813575745e-02 1.143147125840187073e-01 -5.725651606917381287e-02
