-3.284105332568287849e-03 6.988452374935150146e-02 -2.938825078308582306e-02 -7.567565143108367920e-02
-1.906744949519634247e-02 -3.804191574454307556e-02 1.264420449733734131e-01 -5.275554955005645752e-02
3.953524306416511536e-02 -2.526875026524066925e-02 3.773775883018970490e-03 -4.049188271164894104e-02
3.730801120400428772e-02 -7.755919545888900757e-02 3.062506392598152161e-02 3.280885890126228333e-02
-1.122363209724426270e-01 -5.165131762623786926e-02 -1.778914183378219604e-01 1.613841801881790161e-01
1.478816419839859009e-01 -1.193756759166717529e-01 -1.054821088910102844e-01 -1.202377676963806152e-02
3.251073881983757019e-03 -2.183284796774387360e-02 -2.448057569563388824e-02 3.378552198410034180e-02
-3.576133400201797485e-02 -1.104504987597465515e-02 1.511290436610579491e-03 -1.454633101820945740e-02
-5.242804531008005142e-03 1.465578842908143997e-02 1.448724698275327682e-02 -2.588726952672004700e-02
-7.082442194223403931e-02 4.847595468163490295e-02 5.453879944980144501e-03 9.004488587379455566e-03
1.451710518449544907e-02 2.696245163679122925e-02 -3.315321169793605804e-03 -5.987814813852310181e-02
-4.248914495110511780e-02 6.178123876452445984e-02 6.074522435665130615e-02 -4.802686348557472229e-02
