-3.174391016364097595e-02 1.700229197740554810e-02 -1.052349805831909180e-02 3.375586494803428650e-02
3.277743607759475708e-02 1.142102573066949844e-02 -1.324001466855406761e-03 2.044725697487592697e-04
-1.557721849530935287e-02 -1.016685739159584045e-01 -1.281220912933349609e-01 1.061312034726142883e-01
9.063359349966049194e-03 -2.183625474572181702e-02 -1.119404658675193787e-01 5.311258137226104736e-02
2.094834670424461365e-02 -2.190143987536430359e-02 -3.965481650084257126e-03 -4.982180893421173096e-02
3.823129460215568542e-02 -1.184683199971914291e-02 -1.054869964718818665e-01 5.286430567502975464e-02
-1.318915188312530518e-01 1.318971663713455200e-01 -4.518267139792442322e-02 -5.309902504086494446e-02
-9.802209585905075073e-02 -1.029184932122007012e-05 9.699257463216781616e-02 -2.976049296557903290e-02
-4.999542236328125000e-02 -1.383976936340332031e-01 7.365786284208297729e-02 3.000498004257678986e-02
1.827243342995643616e-02 -5.937260016798973083e-02 2.779996395111083984e-02 1.274704281240701675e-02
-6.592432409524917603e-02 1.056142449378967285e-01 -6.140266358852386475e-02 -1.193677186965942383e-01
-5.520844832062721252e-02 6.660141795873641968e-02 5.660596769303083420e-03 -1.261603385210037231e-01
