-2.901080809533596039e-02 -8.007886819541454315e-03 9.697077423334121704e-02 -2.014421820640563965e-01
-1.871353089809417725e-01 -8.163405582308769226e-03 6.303028017282485962e-02 -4.122333228588104248e-02
4.811700806021690369e-02 -2.651812508702278137e-02 -3.014737367630004883e-02 -1.073362026363611221e-02
3.195577859878540039e-02 3.821833431720733643e-02 -1.464233454316854477e-02 -4.988224804401397705e-02
3.713670745491981506e-02 2.301671728491783142e-02 -5.738176777958869934e-02 -4.560737870633602142e-03
2.520342171192169189e-02 -1.056672036647796631e-01 2.295680902898311615e-02 2.035920135676860809e-02
5.634468048810958862e-02 -5.882246419787406921e-02 -6.413940340280532837e-02 -7.087884005159139633e-03
4.828571807593107224e-03 1.952229999005794525e-02 -3.851098567247390747e-02 4.592666774988174438e-02
-1.010136082768440247e-01 1.725090742111206055e-01 -1.346779614686965942e-01 -1.174147576093673706e-01
-1.195776909589767456e-01 -1.552155911922454834e-01 1.813307851552963257e-01 -1.159945204854011536e-01
-5.916557740420103073e-03 -8.176957070827484131e-02 -1.221198029816150665e-02 1.492824032902717590e-02
1.168620493263006210e-02 4.019562527537345886e-02 3.379588946700096130e-02 -1.238202080130577087e-01
