-8.493217825889587402e-02 3.110267035663127899e-02 2.494279481470584869e-02 -1.057920530438423157e-01
6.898456811904907227e-02 1.724642701447010040e-02 -1.011691838502883911e-01 -5.088730528950691223e-02
-1.118178367614746094e-01 -4.381667822599411011e-02 1.151625514030456543e-01 7.321189623326063156e-03
3.263867646455764771e-02 -1.066949442028999329e-01 6.579962372779846191e-02 -1.593383401632308960e-02
6.497697532176971436e-02 -7.880628854036331177e-02 1.312343683093786240e-02 1.931161619722843170e-02
1.005130410194396973e-01 -5.089708417654037476e-02 -1.160584241151809692e-01 -1.485257893800735474e-01
7.228861004114151001e-02 -3.925827890634536743e-02 3.015533462166786194e-02 -6.238012388348579407e-02
-6.224193796515464783e-02 -7.867338135838508606e-03 7.544458843767642975e-03 2.615940570831298828e-02
1.841319724917411804e-02 -7.020059973001480103e-02 -3.074185363948345184e-02 7.808215171098709106e-02
3.996643796563148499e-02 -1.725583076477050781e-01 -4.273146390914916992e-03 -1.734592765569686890e-02
4.176107794046401978e-02 -4.721201211214065552e-02 3.669037250801920891e-03 -8.224615827202796936e-03
5.763284489512443542e-02 1.853006146848201752e-02 -1.723284721374511719e-01 -5.458892509341239929e-02
