-1.715219765901565552e-02 -5.950783193111419678e-02 -1.083513200283050537e-01 1.198761686682701111e-01
-2.083763666450977325e-02 -6.328453123569488525e-02 1.146123260259628296e-01 -1.188248544931411743e-01
1.031736508011817932e-01 4.254632070660591125e-02 -1.388421654701232910e-01 -1.415998041629791260e-01
-6.198427453637123108e-02 -9.251180291175842285e-02 6.577555090188980103e-02 7.968994788825511932e-03
-1.893042474985122681e-01 1.764769852161407471e-01 -8.075283467769622803e-02 -3.902253881096839905e-02
6.172605231404304504e-02 2.161821536719799042e-02 3.605999425053596497e-02 -1.950983554124832153e-01
-6.562618911266326904e-02 -1.035055890679359436e-01 -8.687939494848251343e-02 1.575566977262496948e-01
-1.313134729862213135e-01 -8.968602120876312256e-02 1.734778881072998047e-01 -8.560451120138168335e-02
-8.466741442680358887e-02 1.054908409714698792e-01 -1.250892132520675659e-01 -1.749359420500695705e-03
-1.305671781301498413e-01 -1.299312710762023926e-01 1.616906821727752686e-01 7.174995262175798416e-03
-2.156994640827178955e-01 1.644259244203567505e-01 -8.706088364124298096e-02 -3.872827440500259399e-02
9.115665405988693237e-02 -1.177540123462677002e-01 -1.029579713940620422e-02 -9.766010940074920654e-02
