3.066993691027164459e-02 5.750120803713798523e-02 -6.985889375209808350e-02 -4.855389520525932312e-02
-2.590246312320232391e-02 1.862960495054721832e-02 -1.259896438568830490e-02 4.272705689072608948e-02
-3.190198540687561035e-02 -4.788010846823453903e-03 5.860264971852302551e-02 -1.029172241687774658e-01
2.304301969707012177e-02 -1.455680727958679199e-01 1.474506128579378128e-02 2.566216513514518738e-02
-9.698437154293060303e-02 -9.726370126008987427e-02 -1.083252951502799988e-01 1.482017338275909424e-01
8.055009692907333374e-02 -1.069765686988830566e-01 4.182581324130296707e-03 -4.065486788749694824e-02
-2.314903587102890015e-02 -8.088273555040359497e-02 -6.072906777262687683e-02 1.271475404500961304e-01
-1.480176392942667007e-02 5.166195705533027649e-02 -6.575458496809005737e-02 3.367954492568969727e-02
-1.814545877277851105e-02 -6.004183366894721985e-02 -1.399226579815149307e-02 4.311136528849601746e-02
-1.727586239576339722e-01 3.316120803356170654e-02 -1.079324409365653992e-01 8.301731944084167480e-02
-8.827906101942062378e-02 -2.072297781705856323e-02 4.947566986083984375e-02 -6.820715218782424927e-02
-4.006543010473251343e-02 6.000373885035514832e-02 3.942814096808433533e-02 -9.415671974420547485e-02
