-5.176003277301788330e-02 1.547468546777963638e-02 4.707897081971168518e-02 3.447190392762422562e-03
-3.420086205005645752e-02 -7.071129512041807175e-03 -8.353498764336109161e-03 3.431005030870437622e-02
-1.101935729384422302e-01 1.119575127959251404e-01 -1.492555290460586548e-01 -1.801914907991886139e-02
-8.403228223323822021e-02 -8.762536942958831787e-02 2.182964235544204712e-03 9.335521608591079712e-02
-1.690712273120880127e-01 -3.166988864541053772e-02 4.562556371092796326e-02 -9.105680882930755615e-02
5.109023302793502808e-02 -6.993306428194046021e-02 2.574803680181503296e-02 -8.977030962705612183e-02
-9.320132434368133545e-02 -4.414960369467735291e-02 1.333412081003189087e-01 -9.469530731439590454e-02
-1.289414763450622559e-01 4.382442310452461243e-02 -2.102438174188137054e-02 4.525992646813392639e-02
-3.644527867436408997e-02 6.553712487220764160e-02 -1.007678285241127014e-01 1.752924919128417969e-02
-9.165862202644348145e-02 -1.404178142547607422e-01 -1.139350757002830505e-01 1.766565889120101929e-01
-1.057326123118400574e-01 3.487239405512809753e-02 -2.028467133641242981e-03 4.436041042208671570e-02
-2.825472876429557800e-02 3.007243201136589050e-02 1.071288436651229858e-02 -4.892864823341369629e-02
