2.319631539285182953e-02 -8.301451057195663452e-02 5.771882832050323486e-02 4.221504926681518555e-02
-2.142922952771186829e-02 -1.036260947585105896e-01 -2.989907376468181610e-02 8.132123947143554688e-02
-1.064354777336120605e-01 -8.068583905696868896e-02 1.658730506896972656e-01 -5.118792131543159485e-02
2.856330014765262604e-02 -7.156370580196380615e-02 9.367003291845321655e-02 -1.756890714168548584e-01
-1.220857128500938416e-01 1.085099950432777405e-01 -1.465831603854894638e-02 -1.318208873271942139e-01
-7.909191399812698364e-02 -4.693403467535972595e-02 -2.313232608139514923e-02 8.956554532051086426e-02
3.910540603101253510e-03 -1.488821357488632202e-01 8.759308606386184692e-03 6.735794246196746826e-02
-1.003330424427986145e-01 1.091039106249809265e-01 -1.041188314557075500e-01 2.881451696157455444e-02
7.002194225788116455e-02 -9.245818108320236206e-02 -1.915227994322776794e-02 -1.356519944965839386e-02
-7.372918725013732910e-02 -6.178686395287513733e-02 4.861186444759368896e-02 1.807888969779014587e-02
-3.054366260766983032e-02 8.797440677881240845e-02 -8.142778277397155762e-02 -2.842808887362480164e-02
-9.516096115112304688e-02 -5.101355537772178650e-02 -2.456558868288993835e-02 4.595166072249412537e-02
