5.590575560927391052e-02 -1.363744437694549561e-01 2.579307369887828827e-02 -3.652531281113624573e-02
-3.017271682620048523e-02 2.742654271423816681e-02 -1.165353208780288696e-01 6.666814535856246948e-02
8.532854728400707245e-03 2.356165647506713867e-02 -1.939006894826889038e-02 8.992847986519336700e-03
-5.281823128461837769e-02 1.443761587142944336e-01 -1.036460399627685547e-01 -1.510094702243804932e-01
-1.064856499433517456e-01 -1.560082137584686279e-01 1.872888356447219849e-01 -1.360771507024765015e-01
5.597062781453132629e-02 -8.861035853624343872e-02 -1.219312846660614014e-02 2.162318490445613861e-02
1.407838426530361176e-02 -6.352539360523223877e-02 -2.452869527041912079e-02 6.989097595214843750e-02
-6.853970233350992203e-03 -6.037827208638191223e-02 2.003704011440277100e-02 -8.926794398576021194e-04
4.811290279030799866e-02 1.881972141563892365e-02 2.131930738687515259e-02 -1.053968351334333420e-02
4.471451789140701294e-02 4.187954589724540710e-03 4.183698818087577820e-02 -8.107666671276092529e-02
-8.008942753076553345e-02 -6.152237579226493835e-02 1.148024052381515503e-01 -3.074353002011775970e-02
-2.884444594383239746e-02 3.695884370245039463e-04 5.978812649846076965e-02 -4.282265156507492065e-02
