8.911963552236557007e-03 1.130979694426059723e-02 2.882026135921478271e-02 -3.470556065440177917e-02
-4.774848371744155884e-02 -5.811866745352745056e-02 -2.034431137144565582e-02 1.038423478603363037e-01
3.790288791060447693e-02 -4.520654678344726562e-02 5.405102297663688660e-02 -1.314064115285873413e-01
-4.664989188313484192e-02 3.435548569541424513e-04 -1.310452669858932495e-01 7.784294337034225464e-02
-1.874741725623607635e-02 5.678877979516983032e-02 -4.898424446582794189e-02 -3.743334487080574036e-02
-1.101697236299514771e-01 1.157193779945373535e-01 -1.542819440364837646e-01 -7.322098128497600555e-03
-1.291783992201089859e-02 1.378920227289199829e-01 -1.439179629087448120e-01 -9.869887679815292358e-02
-2.000695653259754181e-02 8.323306590318679810e-02 -1.024145781993865967e-01 -3.610542044043540955e-02
-9.459356218576431274e-02 1.222234293818473816e-01 -6.922351568937301636e-02 -4.254078492522239685e-02
-7.360710948705673218e-02 6.640388071537017822e-02 1.420458778738975525e-02 -5.528875812888145447e-02
-1.644225120544433594e-01 1.240166127681732178e-01 -7.454255595803260803e-03 -1.582791209220886230e-01
-1.443522125482559204e-01 -3.001767769455909729e-02 1.237466782331466675e-01 -7.381470501422882080e-02
