-2.563098259270191193e-02 -6.525428593158721924e-02 7.155567407608032227e-02 -4.673092812299728394e-02
2.252356521785259247e-02 -3.732905536890029907e-02 -2.359544858336448669e-02 4.678470268845558167e-02
-6.410896778106689453e-02 -5.775165185332298279e-02 5.077208206057548523e-02 9.661929681897163391e-03
8.186970651149749756e-02 -5.817436054348945618e-02 -3.260853234678506851e-03 -4.424852877855300903e-02
-2.857044711709022522e-02 8.212985098361968994e-02 -6.741049140691757202e-02 -6.668128073215484619e-02
-1.010889261960983276e-01 -1.034914851188659668e-01 -8.788652718067169189e-02 1.462442725896835327e-01
5.151166021823883057e-02 -5.182779952883720398e-02 -1.063275337219238281e-02 1.011273730546236038e-02
5.023602023720741272e-02 1.452074106782674789e-02 -6.598928570747375488e-02 -1.641978770494461060e-01
9.363386034965515137e-02 -7.605965435504913330e-02 -8.510219305753707886e-02 -1.009658798575401306e-01
6.424904614686965942e-02 -6.648001074790954590e-02 1.397344563156366348e-02 -3.319388255476951599e-02
3.669091314077377319e-02 -3.924975916743278503e-02 3.420377522706985474e-02 -2.097539976239204407e-02
8.060477674007415771e-02 -1.497677117586135864e-01 -4.183358699083328247e-02 -1.256758230738341808e-03
