-7.449755817651748657e-02 8.160495758056640625e-02 -3.335803747177124023e-02 -2.349991723895072937e-02
1.465271040797233582e-02 1.106184795498847961e-01 -5.502074211835861206e-02 -7.005385309457778931e-02
-4.685834422707557678e-02 -8.061572909355163574e-03 4.743460565805435181e-02 3.472746908664703369e-02
-2.827360853552818298e-02 -4.377016425132751465e-02 9.316744655370712280e-02 -1.946074888110160828e-02
1.367847435176372528e-03 -3.962270449846982956e-03 6.617138534784317017e-02 -3.205862268805503845e-02
-4.045723762828856707e-04 -5.489703267812728882e-02 1.132146492600440979e-01 -7.373313605785369873e-02
-1.867625862360000610e-01 -1.484157890081405640e-01 6.268243491649627686e-02 8.621386438608169556e-02
-1.841311343014240265e-02 1.054797396063804626e-01 -1.191320493817329407e-01 -6.040396168828010559e-02
-1.270818114280700684e-01 -1.339361667633056641e-01 7.496505975723266602e-02 3.051487728953361511e-02
-1.571897864341735840e-01 -1.625075787305831909e-01 1.925852894783020020e-01 -5.748353153467178345e-02
-1.183095201849937439e-01 -5.621778592467308044e-02 9.998311847448348999e-02 -4.543409124016761780e-02
6.278744898736476898e-03 -4.725931212306022644e-02 6.108886376023292542e-02 -1.397786289453506470e-01
