-6.246750056743621826e-02 7.379007339477539062e-02 -5.279730632901191711e-02 -2.179654873907566071e-02
-4.559297114610671997e-02 -8.228317648172378540e-02 1.229171305894851685e-01 -3.863421455025672913e-02
-7.788385450839996338e-02 -9.117711335420608521e-02 -1.344888508319854736e-01 9.582377970218658447e-02
-4.126454889774322510e-02 1.548982709646224976e-01 -1.203755065798759460e-01 -1.445494443178176880e-01
-3.164359182119369507e-02 -1.487879306077957153e-01 1.227812170982360840e-01 -9.373766183853149414e-02
-1.702252030372619629e-02 -1.332053691148757935e-01 8.105009049177169800e-02 1.231221761554479599e-02
-2.911566058173775673e-03 8.195375092327594757e-03 1.387837994843721390e-02 -3.625577688217163086e-02
4.952275753021240234e-02 -1.084292009472846985e-01 7.225944846868515015e-02 -3.107511997222900391e-02
2.356164157390594482e-02 -1.962263695895671844e-02 1.638085395097732544e-02 -7.947830855846405029e-02
6.016960740089416504e-02 -2.808460406959056854e-02 2.680652216076850891e-02 -6.290918588638305664e-02
3.016133420169353485e-02 6.838969420641660690e-03 3.076739609241485596e-02 -1.053521707653999329e-01
-4.586471244692802429e-02 -2.357456274330615997e-02 -5.542185902595520020e-02 5.416338518261909485e-02
