-3.478750586509704590e-02 2.610115800052881241e-03 -8.931626379489898682e-02 5.545707046985626221e-02
-3.146295994520187378e-02 3.149621933698654175e-02 -1.962723955512046814e-02 -4.092252999544143677e-02
-2.675860375165939331e-02 2.062140963971614838e-02 -4.924722388386726379e-02 6.855357438325881958e-02
4.367985576391220093e-02 -5.642352625727653503e-02 -7.143003749661147594e-04 -7.295833434909582138e-03
3.376570716500282288e-02 2.627731068059802055e-03 -5.648722499608993530e-02 8.357530832290649414e-02
-1.285436600446701050e-01 1.332030445337295532e-01 -9.608241170644760132e-02 -1.146133765578269958e-01
-1.543086618185043335e-01 -1.574410498142242432e-01 1.752180755138397217e-01 -2.875979430973529816e-02
5.107099190354347229e-02 -2.662941999733448029e-02 -8.967291563749313354e-03 -9.896389394998550415e-02
-7.564880698919296265e-02 3.954457864165306091e-02 -1.782934181392192841e-02 -6.017844006419181824e-02
-1.256403475999832153e-01 9.220520034432411194e-03 5.689718946814537048e-02 -8.774861926212906837e-04
-1.108482759445905685e-02 -3.370074182748794556e-02 6.684654951095581055e-02 -3.430339321494102478e-02
8.354698657058179379e-04 -5.649718269705772400e-02 1.045221537351608276e-01 -4.436683282256126404e-02
