-5.094360560178756714e-02 -4.764503985643386841e-02 5.725801363587379456e-02 -4.075795039534568787e-02
2.998014912009239197e-02 3.676218679174780846e-03 -1.900475472211837769e-01 1.470741350203752518e-02
-1.350304037332534790e-01 4.551346972584724426e-02 -2.724428288638591766e-02 3.924676403403282166e-02
-2.453499846160411835e-02 -2.416067011654376984e-02 -4.058627411723136902e-02 8.313614130020141602e-02
3.038023412227630615e-02 -5.545063689351081848e-02 5.836685746908187866e-02 -8.266024291515350342e-02
-9.424996376037597656e-02 1.252284944057464600e-01 -6.722787022590637207e-02 -1.183476373553276062e-01
-1.262718588113784790e-01 1.437450200319290161e-01 -4.380570352077484131e-02 -1.467634141445159912e-01
1.377483643591403961e-02 -1.302536278963088989e-01 9.395086020231246948e-02 -1.913843750953674316e-01
1.800659485161304474e-02 -3.056884743273258209e-02 3.035295195877552032e-02 4.670333117246627808e-02
-2.128728106617927551e-02 3.034915775060653687e-02 -2.691851556301116943e-02 -5.527792498469352722e-02
2.178647741675376892e-02 -2.298451028764247894e-02 5.845378339290618896e-02 -1.389847695827484131e-01
-4.501912742853164673e-02 3.340114280581474304e-02 5.441733635962009430e-03 3.663544356822967529e-02
