1.645258627831935883e-02 -4.176458343863487244e-02 5.436185747385025024e-03 3.560365736484527588e-02
-3.208774141967296600e-03 4.344549402594566345e-02 2.538510039448738098e-02 -4.099003970623016357e-02
-4.892790317535400391e-02 -1.002366691827774048e-01 -8.377499133348464966e-02 1.437211334705352783e-01
-6.143267452716827393e-02 2.287947759032249451e-02 1.130940578877925873e-02 -2.534902468323707581e-02
3.639735281467437744e-02 8.840035647153854370e-03 -1.959409378468990326e-02 -9.228328615427017212e-02
-7.082498818635940552e-02 9.447129070758819580e-02 -2.563038468360900879e-02 -1.137383431196212769e-01
6.119697540998458862e-02 -1.094037145376205444e-01 3.315099701285362244e-02 -2.201334945857524872e-02
1.605566963553428650e-02 -1.859125914052128792e-03 4.440425336360931396e-02 -1.479040924459695816e-02
1.762176305055618286e-02 4.747113585472106934e-02 -2.328192815184593201e-02 -7.068802416324615479e-02
8.048713952302932739e-02 -1.853922568261623383e-02 -9.600905328989028931e-02 7.616915553808212280e-02
2.964861225336790085e-03 -2.045648358762264252e-02 8.092737197875976562e-02 -1.156062856316566467e-01
-4.329379275441169739e-02 6.710232794284820557e-02 -7.584106177091598511e-02 -2.343663945794105530e-02
