8.686629682779312134e-02 -5.193892493844032288e-02 -1.033322364091873169e-01 4.982753098011016846e-02
4.916049167513847351e-02 -4.705023765563964844e-02 -7.249899208545684814e-02 5.190398544073104858e-02
1.182252448052167892e-02 -2.831064909696578979e-02 8.496785536408424377e-03 -4.185942560434341431e-02
-3.549801558256149292e-02 1.955782994627952576e-03 -3.804925084114074707e-02 2.443106845021247864e-02
3.035297989845275879e-02 -3.148983046412467957e-02 2.864296175539493561e-02 -3.657646849751472473e-02
3.008231148123741150e-02 -3.872633725404739380e-02 4.690735787153244019e-02 -4.774002730846405029e-02
-1.352661252021789551e-01 -2.341187931597232819e-02 1.483305990695953369e-01 -1.073359027504920959e-01
-4.858807474374771118e-02 -1.854775398969650269e-01 1.916982084512710571e-01 -1.520742028951644897e-01
-1.539371758699417114e-01 -1.471037715673446655e-01 2.045672386884689331e-01 -1.534723192453384399e-01
-8.401840925216674805e-02 -1.948356926441192627e-01 2.034483402967453003e-01 -7.542603462934494019e-02
-1.359822899103164673e-01 -2.551799118518829346e-01 1.883437931537628174e-01 -8.061227202415466309e-02
-1.003920957446098328e-01 -1.289280802011489868e-01 1.410179138183593750e-01 -9.655952453613281250e-03
