-4.773797467350959778e-02 -1.468051075935363770e-01 1.202592328190803528e-01 -2.282532118260860443e-02
2.114047110080718994e-02 -5.549151822924613953e-02 6.928698718547821045e-02 -1.049184426665306091e-01
2.020000070333480835e-01 -9.495897591114044189e-02 -1.445240080356597900e-01 -1.892633885145187378e-01
7.324831932783126831e-02 -6.580914556980133057e-02 -8.805547840893268585e-03 -9.439346939325332642e-02
-1.279559433460235596e-01 -9.205467649735510349e-04 1.228228360414505005e-01 -1.034122239798307419e-02
-6.530544487759470940e-04 -9.755179286003112793e-02 -3.755983337759971619e-02 6.018114089965820312e-02
-5.284783616662025452e-02 -4.123102501034736633e-02 4.711989685893058777e-02 -4.496672749519348145e-02
5.951783433556556702e-02 -1.121976785361766815e-02 6.792549788951873779e-02 -1.047962158918380737e-01
-2.812259085476398468e-02 4.079070314764976501e-02 -9.126677364110946655e-02 -1.438022684305906296e-02
-8.512552827596664429e-02 1.419873982667922974e-01 -7.969540357589721680e-02 -8.542758226394653320e-02
4.650936648249626160e-02 -7.253502309322357178e-02 -2.964037470519542694e-02 1.366315316408872604e-02
1.235308777540922165e-02 7.450543344020843506e-02 -1.202706340700387955e-02 -4.796716198325157166e-02
