-3.643846884369850159e-02 8.513925969600677490e-02 -8.598367869853973389e-02 -1.076649408787488937e-02
-1.327178925275802612e-01 -9.324798732995986938e-02 1.369089633226394653e-01 -8.109609782695770264e-02
9.659866243600845337e-02 -9.900891780853271484e-02 -1.443813089281320572e-02 -6.118046864867210388e-02
-3.685072064399719238e-03 8.100362122058868408e-02 -7.582972943782806396e-02 -2.269719168543815613e-02
-9.065831452608108521e-02 5.192245915532112122e-02 4.092255607247352600e-02 1.105681527405977249e-02
7.837667129933834076e-03 -3.522166982293128967e-02 3.467300161719322205e-02 1.231500972062349319e-02
-7.731860037893056870e-03 -3.495511831715703011e-03 4.118841141462326050e-02 -4.983064904808998108e-02
-1.870387606322765350e-02 2.755851019173860550e-03 -1.090289745479822159e-02 -1.200682483613491058e-02
2.359388396143913269e-02 -3.823669860139489174e-03 -1.886130869388580322e-02 2.427834644913673401e-02
7.008979469537734985e-02 -5.656562373042106628e-02 -1.395287215709686279e-01 5.146562680602073669e-02
3.047854267060756683e-02 5.163640528917312622e-02 -1.265841722488403320e-01 -5.392026156187057495e-02
6.315433979034423828e-02 -6.585367023944854736e-02 7.500832527875900269e-02 -3.735477477312088013e-02
