2.705257758498191833e-02 -1.603772863745689392e-02 4.810060933232307434e-02 -2.411228232085704803e-02
-6.270371377468109131e-02 -7.333763875067234039e-03 8.436781167984008789e-02 -6.133667007088661194e-02
3.224574401974678040e-02 -8.575338870286941528e-02 4.978732764720916748e-02 -5.417537316679954529e-02
-1.400728244334459305e-03 -4.137657210230827332e-02 6.758597493171691895e-02 -6.493131816387176514e-02
3.626108914613723755e-02 5.155378580093383789e-02 -9.656828641891479492e-02 -4.338073730468750000e-02
-3.938120231032371521e-02 -7.378281652927398682e-02 9.385583549737930298e-02 -5.156949162483215332e-02
2.664567530155181885e-02 -4.433807451277971268e-03 2.594951353967189789e-02 -9.597290307283401489e-02
-3.513499721884727478e-02 -2.058470621705055237e-02 4.835427924990653992e-02 -3.739654645323753357e-02
-2.297963015735149384e-02 -1.287407334893941879e-02 4.146897420287132263e-02 -8.709110319614410400e-02
4.323533177375793457e-02 7.009286433458328247e-02 -1.321587860584259033e-01 -7.083861529827117920e-02
-1.293142139911651611e-02 -1.340766996145248413e-01 8.144880831241607666e-02 -7.794969528913497925e-02
-1.126150228083133698e-02 -8.884729444980621338e-02 9.073884785175323486e-02 -6.805288046598434448e-02
