-5.524284392595291138e-02 -4.710441082715988159e-02 -4.214842244982719421e-02 7.361993193626403809e-02
1.010872498154640198e-01 -1.237683445215225220e-01 -9.899579733610153198e-02 -2.013803459703922272e-02
-3.288783133029937744e-02 2.509328350424766541e-02 3.400838701054453850e-03 4.771710955537855625e-04
-4.241006448864936829e-02 5.462430417537689209e-02 -1.711586117744445801e-02 -1.043606996536254883e-01
-8.456031233072280884e-02 -2.658907696604728699e-02 1.061787083745002747e-01 -5.863453447818756104e-02
-5.213670432567596436e-02 -9.975115768611431122e-03 3.452536463737487793e-02 -6.914018094539642334e-02
-3.964811936020851135e-02 -3.075361624360084534e-02 9.628115594387054443e-02 -8.170367777347564697e-02
-7.699521631002426147e-02 -6.231626123189926147e-02 5.942696705460548401e-02 -4.943811520934104919e-02
5.539678409695625305e-02 -8.150725811719894409e-02 1.133048441261053085e-02 -6.442905217409133911e-02
6.158031150698661804e-02 -3.593817725777626038e-02 -4.384286329150199890e-02 6.278759986162185669e-02
-5.988183896988630295e-03 3.539942950010299683e-02 -5.847405269742012024e-02 3.459530323743820190e-02
-1.429692469537258148e-02 -3.845035284757614136e-02 6.565811485052108765e-02 -8.622264862060546875e-02
