4.403791949152946472e-02 -1.068413024768233299e-03 1.380099169909954071e-02 3.160994872450828552e-02
7.899948395788669586e-03 -7.445444911718368530e-02 2.094691433012485504e-02 -9.725484065711498260e-03
6.626910716295242310e-02 -7.071737200021743774e-02 -3.348563611507415771e-02 7.875512540340423584e-02
-6.732649356126785278e-02 5.727325379848480225e-02 2.742177806794643402e-02 -1.062909737229347229e-01
-7.760273665189743042e-02 -1.691713556647300720e-02 -1.055494789034128189e-02 2.816228754818439484e-02
-6.188905984163284302e-02 -8.469804376363754272e-02 -1.026877909898757935e-01 1.454264372587203979e-01
1.464092284440994263e-01 -1.357701569795608521e-01 -4.914725199341773987e-02 -8.535799384117126465e-02
-1.564593315124511719e-01 2.217828482389450073e-02 -1.842108368873596191e-01 7.009650021791458130e-02
4.193973541259765625e-02 -7.135241478681564331e-02 5.696813389658927917e-02 4.743968136608600616e-03
-5.608281493186950684e-02 7.167433202266693115e-02 -9.634415060281753540e-02 -6.008535996079444885e-02
-1.309831887483596802e-01 7.634686678647994995e-02 -5.859524011611938477e-02 -7.736884802579879761e-02
-9.282118082046508789e-02 2.058881148695945740e-02 3.563792631030082703e-02 -2.158261835575103760e-02
