-4.877650737762451172e-02 5.548194423317909241e-02 -7.046802435070276260e-03 -3.014665283262729645e-02
-9.632026404142379761e-02 7.289072871208190918e-02 -5.662764981389045715e-02 -2.735470421612262726e-02
9.348560869693756104e-02 -5.099214985966682434e-02 -2.605964057147502899e-02 -3.724013268947601318e-02
6.463019549846649170e-02 -1.095021367073059082e-01 1.373482309281826019e-02 -1.493702679872512817e-01
-6.948608160018920898e-02 -4.893334954977035522e-02 4.686889424920082092e-02 4.089515283703804016e-02
-5.272933840751647949e-02 -4.230261966586112976e-02 1.122319996356964111e-01 -1.315996795892715454e-01
7.614675164222717285e-02 -1.348643563687801361e-02 -9.098856896162033081e-02 -1.235945057123899460e-02
-7.791309058666229248e-02 -5.869168415665626526e-02 1.513675749301910400e-01 -1.101599186658859253e-01
4.261308349668979645e-03 -3.256620094180107117e-02 5.862523242831230164e-02 -6.554663181304931641e-02
1.249663382768630981e-01 -3.309369459748268127e-02 -1.694304198026657104e-01 -7.458065450191497803e-02
3.418168053030967712e-03 -3.238302469253540039e-02 4.172152280807495117e-02 -5.764798820018768311e-02
-3.366046771407127380e-02 3.757203742861747742e-02 5.678369849920272827e-02 -5.079206079244613647e-02
