-2.247899398207664490e-02 8.725918829441070557e-03 2.684376947581768036e-02 -7.723834365606307983e-02
-1.264580152928829193e-02 6.989070028066635132e-02 -6.387589871883392334e-02 4.821792617440223694e-02
-1.450824886560440063e-01 -1.461598929017782211e-02 -3.165024146437644958e-02 1.065194532275199890e-01
-1.011164560914039612e-01 -7.691518217325210571e-02 -5.450126901268959045e-02 1.398108303546905518e-01
-5.416572093963623047e-02 -7.043303549289703369e-02 -1.315867900848388672e-01 1.031735837459564209e-01
3.399041667580604553e-02 3.436719253659248352e-02 -3.160895407199859619e-02 -7.598532736301422119e-02
-2.355923503637313843e-02 3.559877350926399231e-02 -2.267655171453952789e-02 4.852999374270439148e-02
2.142053470015525818e-02 2.677704021334648132e-02 -9.711760282516479492e-02 7.994014769792556763e-03
-5.981015413999557495e-02 -5.591043084859848022e-02 9.255860932171344757e-03 7.408329099416732788e-02
-9.179109334945678711e-02 5.152245983481407166e-02 -1.009869873523712158e-01 5.388534069061279297e-02
-1.817414537072181702e-02 2.823458798229694366e-02 -1.085745766758918762e-01 2.822042070329189301e-02
2.195031382143497467e-02 -1.256839334964752197e-01 -3.553219838067889214e-03 4.793049767613410950e-02
