-7.250214368104934692e-02 2.434135600924491882e-02 4.032577201724052429e-02 -5.989278852939605713e-02
5.499640852212905884e-02 7.152799516916275024e-02 -7.103706896305084229e-02 -9.959261864423751831e-02
-4.495719820261001587e-02 7.928737252950668335e-02 -8.267741650342941284e-02 -2.411382272839546204e-02
-2.202717587351799011e-02 4.460058361291885376e-02 -3.115220554172992706e-02 1.606216281652450562e-02
-1.422210186719894409e-01 1.248013749718666077e-01 -1.449749916791915894e-01 -1.421397458761930466e-02
5.521415919065475464e-02 -1.513028591871261597e-01 1.248164847493171692e-01 -2.229431420564651489e-01
5.195133388042449951e-02 -9.051768481731414795e-02 -7.035475224256515503e-03 4.347628727555274963e-02
-1.456783115863800049e-01 -2.455511502921581268e-02 -1.514066159725189209e-01 1.172469705343246460e-01
3.940195590257644653e-02 -3.632156550884246826e-02 -3.317278623580932617e-02 -1.121879070997238159e-01
7.355784624814987183e-02 -8.638542890548706055e-02 -5.556449294090270996e-02 6.319011002779006958e-02
6.132967770099639893e-03 4.026693478226661682e-02 -1.410335674881935120e-02 4.061862081289291382e-02
5.777496472001075745e-02 2.179202251136302948e-02 4.579572752118110657e-02 -1.158817708492279053e-01
