3.046172298491001129e-02 -8.319802582263946533e-02 8.341465890407562256e-02 -8.887837640941143036e-03
-9.603501856327056885e-02 2.526582218706607819e-02 -3.203523159027099609e-02 6.300446391105651855e-02
1.060473620891571045e-01 -2.803239598870277405e-02 -7.584264874458312988e-02 -1.065443605184555054e-01
-1.465145964175462723e-02 3.610561788082122803e-02 -9.100345522165298462e-02 3.804752975702285767e-02
-4.765477776527404785e-02 -3.726113587617874146e-02 6.787626445293426514e-02 2.905120141804218292e-02
5.428826436400413513e-02 -1.431844476610422134e-02 3.590773046016693115e-02 -1.454488635063171387e-01
4.301683977246284485e-02 7.976335473358631134e-03 -7.055500149726867676e-02 3.487761691212654114e-02
-1.712924242019653320e-02 1.055414695292711258e-02 -5.867908708751201630e-03 4.720815643668174744e-02
-2.875479869544506073e-02 1.310960203409194946e-01 -8.370445668697357178e-02 -7.953790575265884399e-02
-5.476468242704868317e-03 -1.260066479444503784e-01 1.259251087903976440e-01 -5.875466763973236084e-02
3.130432218313217163e-02 -2.320608310401439667e-02 3.494974225759506226e-02 -3.723643487319350243e-03
7.783007808029651642e-03 1.124130934476852417e-02 1.349437143653631210e-02 2.064235508441925049e-02
