3.048368543386459351e-02 -6.905879825353622437e-02 3.625826537609100342e-02 3.963788598775863647e-02
-3.761630877852439880e-02 3.206981718540191650e-02 3.990066796541213989e-02 -1.450153589248657227e-01
9.209956973791122437e-02 -9.317735582590103149e-02 -5.808215960860252380e-02 2.352948067709803581e-03
-4.371637850999832153e-02 -6.451381742954254150e-02 1.067531481385231018e-01 -1.256175339221954346e-01
3.990519791841506958e-02 -4.160045087337493896e-02 -1.735851541161537170e-02 -1.211020499467849731e-01
9.245668351650238037e-02 -1.125290710479021072e-02 -4.360589012503623962e-02 -7.303506135940551758e-02
6.599213182926177979e-02 -6.237252429127693176e-02 7.582083344459533691e-04 -1.962973326444625854e-01
8.771581947803497314e-02 -4.408176988363265991e-02 -3.263345360755920410e-02 -1.116070970892906189e-01
-4.564096406102180481e-02 -5.074154585599899292e-03 3.440812602639198303e-02 3.999683260917663574e-02
-3.119420446455478668e-02 7.786468416452407837e-02 -2.496356330811977386e-02 -1.148642376065254211e-01
1.879245042800903320e-02 4.106909036636352539e-02 -6.860205531120300293e-02 6.771280616521835327e-02
-7.883381098508834839e-02 -2.392289228737354279e-02 6.927795708179473877e-02 -3.947916626930236816e-02
