-8.641960471868515015e-02 -8.957263082265853882e-03 8.152018487453460693e-02 -2.723493985831737518e-02
1.012769043445587158e-01 -6.841595470905303955e-02 -1.044270396232604980e-01 -3.719942271709442139e-02
4.200356453657150269e-02 -1.305194944143295288e-01 4.303494468331336975e-02 -5.867136642336845398e-03
6.808025389909744263e-02 -7.640575617551803589e-02 -1.797318644821643829e-02 -5.352694913744926453e-02
5.310659855604171753e-02 -1.959147863090038300e-02 5.864959955215454102e-02 -1.573106795549392700e-01
1.616204041056334972e-03 -8.618587255477905273e-02 6.215082854032516479e-02 -1.429708451032638550e-01
-6.564189493656158447e-02 5.614107102155685425e-02 2.021686872467398643e-03 -7.592075038701295853e-03
-2.114740386605262756e-02 -3.723047673702239990e-02 -6.393520534038543701e-02 2.274896018207073212e-02
-8.347881585359573364e-02 -4.562629386782646179e-02 1.143716275691986084e-01 -8.098669350147247314e-02
2.086830139160156250e-02 -6.966923177242279053e-02 6.692481786012649536e-02 -1.640236750245094299e-02
7.395593822002410889e-02 -1.023785099387168884e-01 3.065538592636585236e-02 -9.187631309032440186e-02
3.517157584428787231e-02 1.969140022993087769e-02 -2.451913058757781982e-02 -1.179717183113098145e-01
