-1.875760033726692200e-02 7.486739009618759155e-02 -4.343089088797569275e-02 -1.436305195093154907e-01
1.062511429190635681e-01 -9.196683764457702637e-02 -2.860193513333797455e-02 -1.103352308273315430e-01
-2.957940474152565002e-02 -4.363669082522392273e-03 5.299566313624382019e-02 -1.682394370436668396e-02
-1.917798258364200592e-02 6.590599566698074341e-02 2.360342256724834442e-02 -5.456412583589553833e-02
7.898727059364318848e-02 -7.342336326837539673e-02 -2.745168097317218781e-02 5.131620913743972778e-02
-6.337133795022964478e-02 -6.460230052471160889e-02 -2.574679441750049591e-02 7.413777709007263184e-02
-1.534070223569869995e-01 1.995254494249820709e-02 -1.951938420534133911e-01 5.265761166810989380e-02
-5.531002208590507507e-02 -5.368189141154289246e-02 -1.372523754835128784e-01 1.059331744909286499e-01
2.252760156989097595e-02 1.542206108570098877e-02 -3.965570125728845596e-03 1.297932676970958710e-02
-7.333687040954828262e-03 1.079929396510124207e-01 -1.589536219835281372e-01 -3.180502355098724365e-02
-5.307047441601753235e-02 -7.718581706285476685e-02 6.135351955890655518e-02 4.604472965002059937e-02
-2.541059814393520355e-02 -7.667952775955200195e-02 7.425569742918014526e-02 -7.507179677486419678e-02
