-1.170691326260566711e-01 1.661948859691619873e-02 -8.161278814077377319e-02 7.912308722734451294e-02
-2.061523683369159698e-02 -1.633760519325733185e-02 -4.375542700290679932e-02 4.175855591893196106e-02
-8.650382608175277710e-02 -2.049852609634399414e-01 -1.854482805356383324e-03 9.707541763782501221e-02
-1.638305038213729858e-01 8.443307131528854370e-02 -4.756731912493705750e-03 1.789434626698493958e-02
-4.455673322081565857e-02 8.737190067768096924e-02 -6.342597305774688721e-02 -3.308306634426116943e-02
-8.699306845664978027e-02 5.166554078459739685e-02 -2.558497525751590729e-02 7.528293645009398460e-05
1.190705895423889160e-01 -3.284179419279098511e-02 -5.258171632885932922e-02 -1.506272554397583008e-01
-6.064863875508308411e-02 -1.458677947521209717e-01 1.563865244388580322e-01 -6.066372245550155640e-02
-1.332180853933095932e-02 -6.535267084836959839e-02 6.370379030704498291e-02 -1.897190883755683899e-02
6.107046082615852356e-02 -6.205514445900917053e-02 1.234644744545221329e-02 -1.337773445993661880e-02
-7.643485907465219498e-03 -4.778007790446281433e-02 -2.040694653987884521e-02 2.114593796432018280e-02
1.586103625595569611e-02 6.217024847865104675e-02 -8.332866430282592773e-02 -5.970657616853713989e-02
