-4.527660459280014038e-02 8.730891160666942596e-03 2.362591214478015900e-02 3.489335626363754272e-02
3.205789951607584953e-03 3.156499192118644714e-02 -1.584288179874420166e-01 2.754188701510429382e-02
-1.716051809489727020e-02 7.934601977467536926e-03 -1.944835530593991280e-03 -4.728911072015762329e-02
-7.811311632394790649e-02 -3.599584475159645081e-02 9.022483229637145996e-02 -8.329376578330993652e-03
-4.946055263280868530e-02 1.860378682613372803e-02 -3.572887973859906197e-03 -4.802611470222473145e-02
-1.255621016025543213e-02 8.401842415332794189e-02 -2.628889121115207672e-02 -1.114686354994773865e-01
2.656658366322517395e-02 -4.719577729701995850e-02 -3.668491914868354797e-02 4.350946843624114990e-02
-5.586275458335876465e-02 1.567226797342300415e-01 -1.025047898292541504e-01 -7.807164639234542847e-02
-7.782175391912460327e-02 9.069547802209854126e-02 -1.554804593324661255e-01 4.283821582794189453e-02
-4.382256045937538147e-02 -8.632753044366836548e-02 3.644897416234016418e-02 5.486509762704372406e-04
-5.505727231502532959e-02 1.027005612850189209e-01 -1.051362305879592896e-01 -2.908458188176155090e-02
-5.083801597356796265e-02 1.315420717000961304e-01 -1.075416654348373413e-01 -8.216032385826110840e-02
