4.286679998040199280e-02 3.867496550083160400e-02 -2.704908326268196106e-02 -8.894578367471694946e-02
5.617791414260864258e-02 4.508215934038162231e-02 -9.529061615467071533e-02 8.706301450729370117e-03
-5.902044847607612610e-02 -2.915394492447376251e-02 6.303801387548446655e-02 -3.903142735362052917e-02
4.403381794691085815e-02 2.118058968335390091e-03 4.855575785040855408e-02 -3.506554663181304932e-02
2.660857141017913818e-02 5.146278813481330872e-02 -6.803625822067260742e-02 -5.358834192156791687e-02
-8.446738123893737793e-02 9.888380765914916992e-02 -6.775147467851638794e-02 -2.723002620041370392e-02
-4.668161273002624512e-02 4.719523712992668152e-02 -8.718629926443099976e-02 -1.071347389370203018e-02
9.869232773780822754e-03 7.199968397617340088e-02 -1.188979446887969971e-01 -5.967217311263084412e-02
1.007669866085052490e-01 -1.584235429763793945e-01 3.090070374310016632e-02 -3.092674352228641510e-02
-1.232253015041351318e-01 1.233674585819244385e-01 -7.163443416357040405e-02 -5.195690318942070007e-02
-1.777425557374954224e-01 1.211777031421661377e-01 -1.157958135008811951e-01 -2.499179914593696594e-02
-1.164143681526184082e-01 1.051629558205604553e-01 -1.090230643749237061e-01 -3.093261457979679108e-02
