3.990014269948005676e-02 3.203581273555755615e-02 -1.822015084326267242e-02 -2.245168015360832214e-02
-8.967718109488487244e-03 -7.935007661581039429e-02 7.598077505826950073e-02 -6.754025071859359741e-02
2.021970413625240326e-02 1.490525156259536743e-02 -1.689962809905409813e-04 9.766195900738239288e-03
6.342668086290359497e-02 7.860430050641298294e-04 -2.546394430100917816e-02 -7.345769554376602173e-03
-9.277845174074172974e-02 -8.458894491195678711e-02 -1.290301084518432617e-01 1.344252526760101318e-01
1.148800551891326904e-01 -7.156060636043548584e-02 -9.587323665618896484e-02 -4.236253723502159119e-02
-2.818021550774574280e-02 -6.170319020748138428e-02 3.383157029747962952e-02 8.534212596714496613e-03
-1.741577638313174248e-03 5.312349647283554077e-03 -7.482542190700769424e-03 -1.554039772599935532e-02
-5.014373362064361572e-02 7.981847226619720459e-02 -1.064608618617057800e-02 -4.714783281087875366e-02
-3.758500143885612488e-02 6.669861078262329102e-02 7.322267047129571438e-04 -1.271498389542102814e-02
-1.039158850908279419e-01 -1.299140974879264832e-02 1.165082454681396484e-01 -1.481004506349563599e-01
-2.517485804855823517e-02 -2.345757558941841125e-02 2.236482501029968262e-02 -7.419892586767673492e-03
