-1.081853210926055908e-01 2.347842790186405182e-02 6.004863232374191284e-02 -1.343006268143653870e-02
3.020566515624523163e-02 -1.139563098549842834e-01 6.990933790802955627e-03 5.788319185376167297e-02
-7.783493399620056152e-02 1.470937132835388184e-01 -8.910924196243286133e-02 -1.146775782108306885e-01
-7.080806046724319458e-02 -1.560640782117843628e-01 8.376048505306243896e-02 1.725841313600540161e-03
5.938190966844558716e-02 -1.244634613394737244e-01 2.494070678949356079e-02 4.559681937098503113e-02
5.300210788846015930e-02 -4.242002591490745544e-02 -1.235949061810970306e-02 2.023270912468433380e-02
-4.665194079279899597e-02 5.256096273660659790e-02 -6.583655625581741333e-02 5.013156309723854065e-02
-5.526702851057052612e-02 6.253182888031005859e-02 2.990337088704109192e-02 -4.340691864490509033e-02
4.158892855048179626e-02 -2.738463133573532104e-02 -1.787662804126739502e-01 3.364517539739608765e-02
-5.623282864689826965e-02 3.729124367237091064e-02 3.140333574265241623e-03 1.858252845704555511e-02
-8.279920369386672974e-02 7.110100984573364258e-02 -4.244473949074745178e-02 -9.508271515369415283e-02
-5.109662190079689026e-02 6.297033280134201050e-02 -2.704576356336474419e-03 2.284351922571659088e-02
