3.143986687064170837e-02 1.394654810428619385e-02 -9.306745976209640503e-02 -2.028144663199782372e-03
-5.022362619638442993e-02 7.035436481237411499e-02 -1.986622624099254608e-02 -8.486605435609817505e-02
8.221604675054550171e-02 2.197665907442569733e-02 -1.147640645503997803e-01 -3.959695249795913696e-02
-1.467699706554412842e-01 -7.496453076601028442e-02 1.898864954710006714e-01 -1.286596059799194336e-01
-1.173083670437335968e-02 -1.158257350325584412e-01 1.078744158148765564e-01 -7.807796448469161987e-02
7.851439714431762695e-02 -2.067740075290203094e-02 -4.146730899810791016e-02 -5.283908545970916748e-02
7.146742194890975952e-02 -8.652327209711074829e-02 -3.017817437648773193e-02 -1.089015975594520569e-01
-7.725636661052703857e-02 -3.020174056291580200e-02 7.843668758869171143e-02 -3.868108382448554039e-03
-8.081009984016418457e-02 4.314598441123962402e-02 -1.259155720472335815e-01 5.581530556082725525e-02
-8.054076135158538818e-02 -8.706637471914291382e-02 3.592072054743766785e-02 7.764752954244613647e-02
4.008109122514724731e-02 -1.412679441273212433e-02 3.882626444101333618e-02 -4.901756346225738525e-02
-8.404472470283508301e-02 4.614159092307090759e-02 -3.115068189799785614e-02 -2.062718011438846588e-02
