4.998533055186271667e-02 -5.462266504764556885e-02 -2.285559847950935364e-02 1.366603281348943710e-02
-3.374424576759338379e-02 -3.494042903184890747e-02 8.305733650922775269e-02 -8.469872176647186279e-02
-1.362673193216323853e-02 3.909923508763313293e-02 -5.123763531446456909e-02 3.117836266756057739e-02
-7.953755557537078857e-02 -3.531725332140922546e-02 7.111224532127380371e-02 7.197677157819271088e-03
-1.540496014058589935e-02 -2.597888000309467316e-02 9.149537235498428345e-02 -1.570119410753250122e-01
4.748474806547164917e-02 -9.231961332261562347e-03 -8.001118898391723633e-02 -6.847918778657913208e-02
-1.080043241381645203e-01 -2.764181233942508698e-02 1.130914464592933655e-01 -3.355428203940391541e-02
5.931421369314193726e-02 -1.411307454109191895e-01 6.190725415945053101e-02 9.163004346191883087e-03
5.418186634778976440e-02 -1.056177392601966858e-01 3.237113729119300842e-02 -4.667519032955169678e-02
1.353548914194107056e-01 -1.004652380943298340e-01 -1.274866312742233276e-01 -5.098795890808105469e-02
1.060123369097709656e-01 -1.522248089313507080e-01 1.403098087757825851e-02 -1.106111854314804077e-01
3.821076825261116028e-02 -4.029656294733285904e-03 2.358440309762954712e-02 -5.107203498482704163e-02
