-1.462802011519670486e-02 -2.082386985421180725e-02 2.674002759158611298e-02 2.571025304496288300e-02
7.137981802225112915e-02 -1.115477643907070160e-02 -1.849996112287044525e-02 -4.669982194900512695e-02
-1.610285975039005280e-02 7.598540186882019043e-02 -1.370883174240589142e-02 -1.309736222028732300e-01
1.374673936516046524e-02 -1.417027860879898071e-01 7.811164855957031250e-02 -3.520677983760833740e-02
-4.106073081493377686e-02 -4.829656332731246948e-02 4.999175667762756348e-02 5.346379801630973816e-02
3.132433397695422173e-03 -1.750208064913749695e-02 1.381450798362493515e-02 5.748125258833169937e-03
-3.493562713265419006e-02 7.560120522975921631e-02 -6.214909255504608154e-02 -2.283892594277858734e-03
-7.877045869827270508e-02 2.496766671538352966e-02 1.252951845526695251e-02 2.993367798626422882e-02
1.415131688117980957e-01 -1.086334362626075745e-01 -8.223293721675872803e-02 -1.257309615612030029e-01
-1.402001678943634033e-01 8.977360278367996216e-02 -3.990881890058517456e-02 1.660707965493202209e-02
-7.366482168436050415e-02 -4.683431237936019897e-02 1.799975335597991943e-02 8.170575648546218872e-02
5.686309188604354858e-02 -4.600600898265838623e-02 3.156864270567893982e-02 -1.094075068831443787e-01
