-1.175419911742210388e-01 -1.108596450649201870e-03 2.368370629847049713e-02 -9.113160520792007446e-02
-9.085850417613983154e-02 1.605091094970703125e-01 -1.084988936781883240e-01 -8.000285923480987549e-02
1.012427583336830139e-01 -1.001048982143402100e-01 -8.538790047168731689e-02 1.739853993058204651e-02
-5.598398670554161072e-02 -9.427855163812637329e-02 1.110453829169273376e-01 -2.450575493276119232e-02
6.549139320850372314e-02 -1.588417403399944305e-02 -6.683406978845596313e-02 -9.011618793010711670e-03
6.446806248277425766e-03 8.719677478075027466e-02 -5.545907840132713318e-02 -6.549328565597534180e-02
-1.027588993310928345e-01 1.955675706267356873e-02 4.217175766825675964e-02 -5.950599163770675659e-02
-1.119290813803672791e-01 9.542313218116760254e-02 -8.135972172021865845e-02 4.663487523794174194e-02
6.626554578542709351e-02 -4.345020279288291931e-02 -9.357187896966934204e-02 1.772477291524410248e-02
-9.092896431684494019e-02 -9.005914628505706787e-02 1.411127001047134399e-01 -4.906901717185974121e-02
-3.249080618843436241e-03 2.950092405080795288e-02 2.120273001492023468e-02 2.813100256025791168e-02
6.137533858418464661e-02 -1.591803319752216339e-02 -6.559543311595916748e-02 9.510147571563720703e-02
