-1.504347426816821098e-03 1.626688800752162933e-02 6.708900444209575653e-03 -6.260721944272518158e-03
8.192878216505050659e-03 -1.766298711299896240e-02 -1.051178872585296631e-01 7.429043948650360107e-02
2.220989577472209930e-02 3.371136635541915894e-02 -5.280676856637001038e-02 -4.879647120833396912e-02
-2.411172166466712952e-02 4.632448405027389526e-02 -3.029435686767101288e-02 -6.460858136415481567e-02
-8.634015172719955444e-02 -7.356384396553039551e-02 1.445345394313335419e-02 8.717081695795059204e-02
-1.157389506697654724e-01 6.699107587337493896e-02 -6.137826293706893921e-02 2.329729497432708740e-03
1.544115133583545685e-02 8.652996271848678589e-02 -6.663106381893157959e-02 -9.142162650823593140e-02
-3.551985695958137512e-02 1.352525055408477783e-01 -9.974614530801773071e-02 -9.586204588413238525e-02
-9.889330714941024780e-03 -1.051146239042282104e-01 -1.772044971585273743e-02 3.937933221459388733e-02
-2.806834131479263306e-02 8.902248926460742950e-03 5.688053369522094727e-02 -3.038445673882961273e-02
2.312085032463073730e-02 5.297096073627471924e-02 -1.881128735840320587e-02 -3.862569853663444519e-02
2.718266844749450684e-02 -2.570061944425106049e-02 -1.707204617559909821e-02 -3.952353820204734802e-02
