-1.259714514017105103e-01 3.095913864672183990e-02 7.848907262086868286e-02 -1.024177595973014832e-01
-5.107982456684112549e-02 -1.043493971228599548e-01 1.359136104583740234e-01 -5.269247293472290039e-02
-5.189385637640953064e-02 7.138695102185010910e-03 5.793794244527816772e-02 -8.611238002777099609e-02
3.648674860596656799e-02 3.821706771850585938e-02 -1.515137106180191040e-01 5.847210064530372620e-03
-6.424207240343093872e-02 -1.286069303750991821e-01 1.325735002756118774e-01 -2.339380560442805290e-03
4.872550070285797119e-02 -8.842388540506362915e-02 5.192582309246063232e-02 -4.264171421527862549e-02
-6.350792944431304932e-02 -2.672277949750423431e-02 8.102724701166152954e-02 -1.846316829323768616e-02
-1.408689189702272415e-02 -4.178018867969512939e-02 1.063747704029083252e-02 -2.285877708345651627e-03
-5.218772217631340027e-02 -1.208951398730278015e-01 1.526048630475997925e-01 -1.440044045448303223e-01
-6.509229540824890137e-03 7.831704616546630859e-02 -5.623981822282075882e-03 -1.339052170515060425e-01
-1.167945843189954758e-02 -1.315920352935791016e-01 3.293630480766296387e-02 3.549375012516975403e-02
-1.090249493718147278e-01 -1.115172877907752991e-01 1.178074851632118225e-01 4.463918972760438919e-03
