6.066943332552909851e-02 -1.183139160275459290e-02 -4.008073732256889343e-02 8.212225139141082764e-02
8.788569271564483643e-02 2.109723910689353943e-02 -1.482506096363067627e-01 -9.259313344955444336e-02
-1.274045556783676147e-01 1.862657368183135986e-01 -1.188692152500152588e-01 -1.399083733558654785e-01
-9.890954941511154175e-02 1.721181906759738922e-02 3.563714399933815002e-02 3.826242871582508087e-03
8.385073393583297729e-03 3.881182149052619934e-02 -1.306613907217979431e-02 -1.175302546471357346e-02
5.386343970894813538e-02 -1.442138850688934326e-01 -2.044126205146312714e-02 1.777117699384689331e-02
-4.257624968886375427e-02 -4.155895113945007324e-02 -1.160990893840789795e-01 1.035827547311782837e-01
8.420070260763168335e-02 -1.115978285670280457e-01 -5.161463096737861633e-02 2.485907077789306641e-02
-1.079340130090713501e-01 -7.048970554023981094e-03 -1.106433663517236710e-02 2.842585742473602295e-02
-5.624101031571626663e-03 1.003895793110132217e-02 2.316322177648544312e-02 -3.229006752371788025e-02
-3.965762630105018616e-02 -1.308863908052444458e-01 9.552235901355743408e-02 -1.178384106606245041e-02
-1.110019907355308533e-02 2.365069091320037842e-02 3.425551950931549072e-02 -2.853472530841827393e-02
