9.494264377281069756e-04 -1.015011072158813477e-01 9.433688968420028687e-02 -2.776629291474819183e-02
-3.080848138779401779e-03 -1.408008635044097900e-01 6.356517970561981201e-02 9.518451988697052002e-03
3.394629806280136108e-02 -1.276164688169956207e-02 2.135059610009193420e-02 -1.068209931254386902e-01
5.853061378002166748e-02 -8.750528213568031788e-04 -2.535973116755485535e-02 -1.027522385120391846e-01
-5.080445110797882080e-02 2.302661351859569550e-02 4.994319751858711243e-02 -3.987925127148628235e-02
4.056854918599128723e-02 -2.799729816615581512e-02 -1.721864193677902222e-02 -1.959151215851306915e-02
-2.398197073489427567e-03 -8.083251863718032837e-02 8.960974216461181641e-02 -8.055213093757629395e-02
1.065442617982625961e-02 -7.868473231792449951e-02 5.599450320005416870e-02 -1.956683583557605743e-02
7.409396022558212280e-02 -6.209949962794780731e-03 -9.116206318140029907e-02 -1.080779209733009338e-01
-1.388667803257703781e-02 -7.800305634737014771e-02 8.502665907144546509e-02 -1.337550729513168335e-01
2.731261588633060455e-02 -1.432540714740753174e-01 6.393327564001083374e-02 -6.755622476339340210e-02
8.081869035959243774e-02 -1.616231203079223633e-01 -5.334129091352224350e-03 -3.334931656718254089e-02
