-2.143734134733676910e-02 -8.813666552305221558e-02 -5.855644121766090393e-02 5.093530938029289246e-02
-9.102487564086914062e-02 -2.295035123825073242e-02 1.035411879420280457e-01 -8.108518272638320923e-02
-7.926912605762481689e-02 8.491479605436325073e-02 -2.321359328925609589e-02 -2.190474569797515869e-01
-1.145099103450775146e-01 3.136166557669639587e-02 -5.787092819809913635e-02 7.429741322994232178e-02
-5.688275024294853210e-02 -3.582402318716049194e-02 1.163316369056701660e-01 -1.062501445412635803e-01
5.897369235754013062e-03 1.862091012299060822e-02 1.726434379816055298e-02 -3.804818552453070879e-04
5.811518803238868713e-02 -1.467862278223037720e-01 6.049345806241035461e-02 -5.081515386700630188e-02
5.503892898559570312e-02 7.335827499628067017e-02 -1.423816084861755371e-01 -3.963482752442359924e-02
-5.259879678487777710e-02 -6.211417540907859802e-02 -6.879130005836486816e-02 9.780289232730865479e-02
-1.365672647953033447e-01 6.726976484060287476e-02 -9.870862960815429688e-02 4.477650672197341919e-02
-1.259486079216003418e-01 -2.431898377835750580e-02 -3.177120536565780640e-02 1.047775298357009888e-01
-2.348884940147399902e-03 -8.715318143367767334e-02 1.141809150576591492e-01 -1.050073429942131042e-01
