-6.795521825551986694e-02 8.269309997558593750e-02 -3.287356719374656677e-02 -2.974413521587848663e-02
-9.927168488502502441e-03 -6.017251312732696533e-02 3.064298257231712341e-02 -1.215961575508117676e-02
-2.915612049400806427e-02 -6.839801371097564697e-02 -1.022318080067634583e-01 9.903214126825332642e-02
1.674978435039520264e-02 -5.870054662227630615e-02 -4.181273654103279114e-02 5.201268196105957031e-02
1.062410697340965271e-02 -1.438007503747940063e-02 2.126299031078815460e-02 -4.100542142987251282e-02
8.877634070813655853e-03 -4.479582980275154114e-02 -1.740998402237892151e-02 4.466144740581512451e-02
-2.058056369423866272e-02 5.582151934504508972e-02 -3.098029457032680511e-02 -2.384932152926921844e-02
-6.787440925836563110e-02 -1.149672120809555054e-01 1.500303298234939575e-01 -7.034652680158615112e-02
4.070428013801574707e-02 -1.017545387148857117e-01 -8.193199755623936653e-04 4.708490893244743347e-02
1.322631444782018661e-02 -3.586286306381225586e-02 -9.948329068720340729e-03 3.648466616868972778e-02
-4.673601314425468445e-02 5.307151377201080322e-02 2.207709103822708130e-02 -1.217554286122322083e-01
-2.985147573053836823e-02 -9.205214679241180420e-03 4.148440062999725342e-02 -5.827369913458824158e-02
