-8.073545992374420166e-02 3.738333657383918762e-02 -4.772764071822166443e-02 1.539479847997426987e-02
-1.728386245667934418e-02 1.020150333642959595e-01 -1.049414798617362976e-01 -5.787242576479911804e-02
-6.154350191354751587e-02 1.201085820794105530e-01 -8.464316278696060181e-02 -4.068057611584663391e-02
2.630564942955970764e-02 2.178358845412731171e-03 -3.929249197244644165e-02 -9.965092875063419342e-03
3.462551906704902649e-02 -4.260635375976562500e-02 6.962659955024719238e-02 -3.306335210800170898e-02
-4.791047051548957825e-02 6.218817457556724548e-02 -1.599516347050666809e-02 -7.811547070741653442e-02
-6.540179252624511719e-02 7.087755948305130005e-02 -9.059185534715652466e-02 3.345050662755966187e-02
-4.057063534855842590e-02 4.562401399016380310e-02 -2.938804775476455688e-02 -1.482525491155683994e-03
-6.794390827417373657e-02 4.507762193679809570e-02 -5.933542922139167786e-02 1.220937352627515793e-02
3.614555671811103821e-02 -1.630977988243103027e-01 2.456623874604701996e-02 2.330235391855239868e-02
-8.054547011852264404e-02 8.957176655530929565e-02 -5.599977076053619385e-02 1.508674491196870804e-02
3.828310174867510796e-03 1.369103509932756424e-02 -4.168068617582321167e-02 -1.124757714569568634e-02
