-1.337490081787109375e-01 5.920083448290824890e-02 -8.759374171495437622e-02 5.815631523728370667e-02
-1.445526182651519775e-01 -9.587953239679336548e-02 2.136434428393840790e-02 1.156492531299591064e-01
5.509100854396820068e-03 -3.260441822931170464e-03 -5.478277802467346191e-02 8.551468700170516968e-02
-6.452959775924682617e-02 3.043175488710403442e-02 -8.223414421081542969e-02 4.765500500798225403e-02
1.945702545344829559e-02 1.132188439369201660e-01 -4.443897306919097900e-02 -2.131905034184455872e-02
2.819806523621082306e-02 -6.293200701475143433e-02 -9.030181914567947388e-03 6.663480401039123535e-02
-1.318305730819702148e-01 -7.213795906864106655e-04 -5.419070832431316376e-03 7.710970193147659302e-02
-1.076346114277839661e-01 1.848105713725090027e-02 -4.549605399370193481e-02 8.201005309820175171e-02
1.601024530827999115e-02 -4.433263093233108521e-03 -4.364240169525146484e-02 2.847218513488769531e-02
-7.603556662797927856e-02 -1.709337159991264343e-02 -2.765776589512825012e-02 3.053887560963630676e-02
4.767185449600219727e-02 7.090222206898033619e-04 -6.188629195094108582e-02 4.387555643916130066e-02
-1.372099667787551880e-01 -5.180419981479644775e-02 -5.000071972608566284e-02 1.042799055576324463e-01
