3.905629739165306091e-02 -3.974239807575941086e-03 1.873229816555976868e-02 -8.157785050570964813e-04
-5.710362270474433899e-02 -1.393123157322406769e-02 -1.772942841053009033e-01 9.832553565502166748e-02
5.371403694152832031e-02 3.700179606676101685e-02 -7.817978411912918091e-02 1.729376055300235748e-02
2.844044007360935211e-02 -1.079449653625488281e-01 8.483596146106719971e-02 -2.006609886884689331e-01
4.896511510014533997e-02 5.513609200716018677e-02 -6.312923133373260498e-02 -1.415872722864151001e-01
-1.097509339451789856e-01 1.059381514787673950e-01 9.333625435829162598e-03 -1.015761345624923706e-01
-7.751554250717163086e-02 -2.871334925293922424e-02 1.176573857665061951e-01 -5.706758797168731689e-02
-1.913885399699211121e-02 -6.601884961128234863e-02 1.030963286757469177e-01 -8.183818310499191284e-02
-8.978598564863204956e-02 -3.976525738835334778e-02 6.392580270767211914e-02 2.373689971864223480e-02
-1.754023283720016479e-01 4.018455371260643005e-02 3.490334004163742065e-02 3.812082111835479736e-02
5.849609151482582092e-02 -7.041356712579727173e-02 8.734576404094696045e-02 -1.095716655254364014e-01
4.310615733265876770e-02 -1.277479827404022217e-01 -5.043457448482513428e-02 5.240491032600402832e-02
