-5.761468037962913513e-02 -1.013012975454330444e-01 -1.203385181725025177e-02 9.421216696500778198e-02
-7.374747656285762787e-03 5.616511031985282898e-02 -3.849611431360244751e-02 3.640481829643249512e-02
-9.610694646835327148e-02 3.852259367704391479e-02 -7.948466390371322632e-02 7.525334507226943970e-02
-1.076796650886535645e-01 -3.645865619182586670e-02 7.978473603725433350e-02 4.297501593828201294e-02
1.579375118017196655e-01 -1.337238550186157227e-01 -7.497035712003707886e-02 -5.710251256823539734e-02
-1.967517733573913574e-01 -1.293690949678421021e-01 -1.889206469058990479e-02 1.294583231210708618e-01
-9.933458268642425537e-02 -4.031772911548614502e-02 -1.544762551784515381e-01 1.265082806348800659e-01
-6.252411752939224243e-02 -5.553952977061271667e-02 1.305997222661972046e-01 -5.173489451408386230e-02
-4.434275254607200623e-02 -1.249101236462593079e-01 9.489911794662475586e-02 1.841411925852298737e-02
-8.837466686964035034e-02 2.103310264647006989e-02 -8.534963428974151611e-02 1.052801683545112610e-01
-1.170314922928810120e-01 -4.359536245465278625e-02 -5.913873761892318726e-02 8.420011401176452637e-02
-9.753490239381790161e-02 -4.187149181962013245e-02 4.862775281071662903e-02 -8.301588147878646851e-02
