-1.089816242456436157e-01 3.561210632324218750e-02 1.475743483752012253e-03 1.384344883263111115e-02
-1.343818753957748413e-02 -3.949822112917900085e-02 -9.892575442790985107e-02 9.156205505132675171e-02
-5.107208341360092163e-02 -9.495463222265243530e-02 -4.196816682815551758e-02 8.938824385404586792e-02
-1.856124699115753174e-01 1.199472472071647644e-01 -8.222590386867523193e-02 -7.766099181026220322e-03
-1.227428764104843140e-01 9.923592209815979004e-02 -2.910450845956802368e-02 -8.123284578323364258e-02
-8.828302472829818726e-02 -4.634587839245796204e-02 -4.905495047569274902e-02 1.266949027776718140e-01
2.264397032558917999e-02 -2.983796037733554840e-02 7.461746037006378174e-02 -7.717024534940719604e-02
5.807801336050033569e-02 5.094827618449926376e-03 8.766864426434040070e-03 -4.206383973360061646e-02
2.579908072948455811e-02 -1.631098836660385132e-01 7.351202517747879028e-02 -7.062616944313049316e-02
5.314403399825096130e-02 -5.828547757118940353e-03 -4.892867058515548706e-02 -1.720359362661838531e-02
1.271554082632064819e-01 -3.676771372556686401e-02 -9.613966196775436401e-02 -4.545294493436813354e-02
4.543558508157730103e-02 -6.618414074182510376e-02 4.716953635215759277e-02 -8.023907989263534546e-02
