-7.790245115756988525e-02 4.184514284133911133e-02 -2.661892503965646029e-04 -1.945693045854568481e-02
-3.288433328270912170e-02 -2.598313055932521820e-02 -5.134927481412887573e-02 9.073389321565628052e-02
-5.230247229337692261e-02 -1.193009223788976669e-02 1.389304269105195999e-02 3.080696426331996918e-02
3.020673990249633789e-02 -1.376162376254796982e-02 -1.074079200625419617e-01 7.929925620555877686e-02
-6.063392385840415955e-02 -8.175177872180938721e-02 9.505506604909896851e-02 -1.714922860264778137e-02
4.827523604035377502e-02 -1.131134778261184692e-01 4.629105329513549805e-02 -1.523216906934976578e-02
4.281835258007049561e-02 4.070095252245664597e-03 3.986510261893272400e-02 -1.067028716206550598e-01
-1.742685884237289429e-01 8.555797487497329712e-02 -4.597319290041923523e-02 -2.054012008011341095e-02
-5.446880310773849487e-02 -9.830402582883834839e-02 -1.793428957462310791e-01 1.093062013387680054e-01
9.067792445421218872e-03 5.861981585621833801e-02 -5.620673671364784241e-02 4.948055744171142578e-02
-1.604573428630828857e-01 4.549061704892665148e-04 -1.676085293292999268e-01 7.580222934484481812e-02
1.711965911090373993e-02 -4.286822304129600525e-02 3.509617596864700317e-02 4.315918684005737305e-02
