5.187522247433662415e-02 4.504485055804252625e-02 -2.267874032258987427e-02 -3.462594747543334961e-02
-9.898250922560691833e-03 -3.816777467727661133e-02 -6.583303958177566528e-02 3.002615086734294891e-02
-7.553406059741973877e-03 -5.179393570870161057e-03 -4.577815905213356018e-02 3.600460290908813477e-02
3.260751068592071533e-02 -7.130223512649536133e-02 6.653089821338653564e-02 1.680791378021240234e-02
2.660328894853591919e-02 -3.285123035311698914e-02 -6.354541331529617310e-02 4.758908227086067200e-02
-9.468920528888702393e-02 9.343996644020080566e-02 -2.229484356939792633e-02 -7.085724920034408569e-02
-1.813647896051406860e-02 -5.360691249370574951e-02 1.258254498243331909e-01 -1.230083107948303223e-01
1.816245540976524353e-02 -4.133357480168342590e-02 8.414241671562194824e-02 -9.893812239170074463e-02
-1.307552605867385864e-01 3.825627267360687256e-02 5.774261057376861572e-02 -1.049004942178726196e-01
1.768003776669502258e-02 7.976951077580451965e-03 3.477006033062934875e-02 -5.983729287981987000e-02
-1.984987594187259674e-02 -3.259093314409255981e-02 -2.739969268441200256e-02 5.620680004358291626e-02
1.644226163625717163e-01 -1.238685473799705505e-01 -1.237647905945777893e-01 -1.611478812992572784e-02
