1.673494093120098114e-02 -7.249266654253005981e-02 2.173553220927715302e-02 3.699601069092750549e-02
1.474870368838310242e-02 -3.520124778151512146e-02 1.987610757350921631e-02 3.591154888272285461e-02
-1.119003742933273315e-01 2.922555804252624512e-02 3.826521709561347961e-02 -2.622110769152641296e-02
4.103455692529678345e-02 1.002833899110555649e-02 2.225290611386299133e-02 -4.211491718888282776e-02
1.983833499252796173e-02 5.260880105197429657e-03 7.970802485942840576e-03 -2.936628274619579315e-02
-1.029394343495368958e-01 1.606196463108062744e-01 -8.146398514509201050e-02 -1.252196580171585083e-01
-9.808740764856338501e-02 -1.677119173109531403e-02 1.033975556492805481e-01 -8.710060268640518188e-02
1.697846129536628723e-02 -1.150345802307128906e-01 9.586998075246810913e-02 -1.326774954795837402e-01
-5.142157524824142456e-02 -1.443905681371688843e-01 -5.208701640367507935e-02 9.925426542758941650e-02
-1.148245763033628464e-02 2.063944563269615173e-02 -5.009455978870391846e-02 4.168447852134704590e-02
2.310027182102203369e-02 -8.158727735280990601e-02 -1.826583221554756165e-02 6.482370197772979736e-02
1.753181964159011841e-01 -1.108254417777061462e-01 -1.108340546488761902e-01 -1.001793146133422852e-01
