2.970570232719182968e-03 1.607347652316093445e-02 4.425086081027984619e-02 -1.140433326363563538e-01
-8.909343928098678589e-02 5.730785895138978958e-03 2.487548068165779114e-02 3.950102720409631729e-03
-1.249355897307395935e-01 1.194865182042121887e-01 -1.201234981417655945e-01 8.780753239989280701e-03
2.977704443037509918e-02 -1.620963215827941895e-01 3.450926393270492554e-02 -2.285488322377204895e-02
8.396889269351959229e-02 -9.353257715702056885e-02 -4.704014211893081665e-02 2.944324538111686707e-02
4.339325800538063049e-02 -4.532487317919731140e-02 -5.477917566895484924e-02 2.047512307763099670e-02
6.307553499937057495e-02 6.902436167001724243e-02 -2.482412196695804596e-02 -5.314668267965316772e-02
7.733908016234636307e-03 3.859382122755050659e-02 -1.081303320825099945e-02 -1.507584750652313232e-02
9.989288449287414551e-02 -5.145317688584327698e-02 -1.038614138960838318e-01 -6.910128891468048096e-02
-8.761966228485107422e-02 1.229868084192276001e-01 -1.214264556765556335e-01 -7.143354415893554688e-02
2.798124589025974274e-02 1.292633544653654099e-02 1.768376491963863373e-02 -8.676993846893310547e-02
-1.534929312765598297e-02 -2.662894688546657562e-02 4.661054536700248718e-02 5.152718722820281982e-02
