2.967920526862144470e-02 3.324163705110549927e-02 -5.791288241744041443e-02 -1.019394770264625549e-01
-1.700295358896255493e-01 6.606040522456169128e-03 3.380745649337768555e-02 1.217906270176172256e-02
-4.721868783235549927e-02 -1.076837033033370972e-01 2.840825729072093964e-02 4.184134304523468018e-02
3.544238209724426270e-02 -8.765521645545959473e-02 -4.836461320519447327e-02 7.060453295707702637e-02
-1.668799377512186766e-04 -2.694664523005485535e-02 6.205038353800773621e-02 -6.420983374118804932e-02
-2.483750693500041962e-02 -3.697887808084487915e-02 5.545908212661743164e-02 2.762479148805141449e-02
-1.794388145208358765e-02 -4.595230892300605774e-02 5.400544404983520508e-02 4.830143973231315613e-02
5.364821758121252060e-03 2.088323235511779785e-02 -1.139503531157970428e-02 -1.686943881213665009e-02
-1.010247394442558289e-01 1.565260291099548340e-01 -1.682288348674774170e-01 -1.024428531527519226e-01
-1.390547156333923340e-01 -6.087505817413330078e-02 1.765934824943542480e-01 -1.437161713838577271e-01
1.205949112772941589e-01 -6.577131897211074829e-02 -4.431612044572830200e-02 -1.187514662742614746e-01
-7.308328989893198013e-03 3.188849240541458130e-02 -7.890822738409042358e-02 3.705340623855590820e-02
