-7.524645328521728516e-02 -2.912699431180953979e-02 4.467405751347541809e-02 3.774885833263397217e-02
6.233514845371246338e-02 -6.252186000347137451e-02 6.988707184791564941e-02 -1.193906813859939575e-01
-9.541795402765274048e-02 -1.451155520044267178e-03 -1.196601539850234985e-01 7.848566025495529175e-02
9.136758744716644287e-02 -5.660875886678695679e-02 -1.078000217676162720e-01 -3.530289977788925171e-02
-1.028402671217918396e-01 1.028510108590126038e-01 -6.713377684354782104e-02 4.020873457193374634e-03
1.616234332323074341e-02 -7.328958809375762939e-02 4.893780127167701721e-02 -2.472163736820220947e-02
-5.130914971232414246e-02 7.369317859411239624e-02 -6.294623762369155884e-02 9.748807176947593689e-03
-9.883221983909606934e-02 1.573950983583927155e-03 5.883105099201202393e-02 1.600932702422142029e-02
4.535685107111930847e-02 -1.281398087739944458e-01 4.046837985515594482e-02 -5.051176249980926514e-02
4.096162319183349609e-02 -4.913254082202911377e-02 3.262048959732055664e-02 -3.526771441102027893e-02
4.166936501860618591e-03 -6.362043321132659912e-02 -1.491317059844732285e-02 7.650877535343170166e-02
-2.457078732550144196e-02 1.663231872953474522e-03 -4.517098888754844666e-02 3.331927210092544556e-02
