2.746298722922801971e-02 -2.822352200746536255e-02 1.881199330091476440e-02 -7.056543976068496704e-02
1.030436307191848755e-01 -1.168469637632369995e-01 -1.305350102484226227e-02 -3.254792839288711548e-02
1.537952758371829987e-02 -7.376605272293090820e-02 4.778543859720230103e-02 1.935102790594100952e-02
4.982599616050720215e-02 -1.249246299266815186e-01 -1.365728396922349930e-02 -1.361261308193206787e-02
7.843784242868423462e-02 -2.069070935249328613e-02 -3.136280924081802368e-02 -6.637306511402130127e-02
5.474310368299484253e-02 -5.106309894472360611e-03 -6.732185184955596924e-02 1.227816659957170486e-02
7.564050704240798950e-02 -1.230882257223129272e-01 2.659480832517147064e-02 -1.715062260627746582e-01
7.625933736562728882e-02 -1.113363280892372131e-01 -4.362855479121208191e-02 6.846741307526826859e-03
-2.987996861338615417e-02 -5.763983819633722305e-03 8.974537998437881470e-02 -6.142508611083030701e-02
-1.970592513680458069e-02 -4.145400226116180420e-02 7.076347619295120239e-02 -1.397213991731405258e-02
-6.740611046552658081e-02 1.003895774483680725e-01 -1.194582059979438782e-01 -7.022975012660026550e-03
-5.638874322175979614e-02 -1.999885030090808868e-02 1.173693127930164337e-02 3.630845621228218079e-02
