9.890696406364440918e-02 -4.765312001109123230e-02 -6.052413955330848694e-02 -2.640915662050247192e-02
-6.884451955556869507e-02 -3.831309732049703598e-04 -8.591062389314174652e-03 4.062792286276817322e-02
-4.968571290373802185e-02 -1.119619533419609070e-01 3.229380398988723755e-02 6.267223507165908813e-02
-1.630202308297157288e-02 -7.906782440841197968e-03 -6.325976550579071045e-02 3.434181213378906250e-02
-8.700037002563476562e-02 1.429367214441299438e-01 -1.363896280527114868e-01 -3.427313640713691711e-02
-3.294052183628082275e-02 -5.398894660174846649e-03 -1.304415427148342133e-02 3.263535723090171814e-02
-1.047287806868553162e-01 -2.619969099760055542e-02 1.311577409505844116e-01 -1.022566780447959900e-01
-2.194323344156146049e-03 -6.467772275209426880e-02 5.448656156659126282e-02 5.558650009334087372e-03
-1.448059082031250000e-01 6.117760017514228821e-02 9.065815247595310211e-03 2.242068760097026825e-03
-4.346414655447006226e-02 -8.929397165775299072e-02 -9.266090393066406250e-02 1.474801152944564819e-01
-1.126285716891288757e-01 7.319410145282745361e-02 -1.775468140840530396e-02 -7.924545556306838989e-02
3.963515534996986389e-02 8.339772373437881470e-02 -8.218280971050262451e-02 -1.524318568408489227e-02
