-5.829772725701332092e-02 1.223140861839056015e-03 7.650692015886306763e-02 -7.205913215875625610e-02
-4.488759115338325500e-02 -8.306083828210830688e-02 6.325332075357437134e-02 3.974521905183792114e-02
-1.566911488771438599e-02 2.246778644621372223e-02 2.045303955674171448e-02 4.030777513980865479e-02
4.754329845309257507e-02 -1.385218799114227295e-01 2.533078379929065704e-02 4.347210749983787537e-02
-1.454076915979385376e-01 -1.176248043775558472e-01 1.657554996199905872e-03 8.962171524763107300e-02
5.040048807859420776e-02 -1.676776409149169922e-01 2.854619733989238739e-02 1.161509845405817032e-02
-7.999648340046405792e-03 7.608781754970550537e-02 -3.907714411616325378e-02 -1.929597370326519012e-02
2.479277178645133972e-02 7.201614975929260254e-02 -3.649133816361427307e-02 -5.450475215911865234e-02
-3.736349940299987793e-02 -3.677053004503250122e-02 8.468567579984664917e-02 -5.398184806108474731e-02
-7.786406204104423523e-03 -1.580091379582881927e-02 -2.257856912910938263e-02 2.242018282413482666e-02
-4.331791028380393982e-02 8.503141999244689941e-02 -3.317663073539733887e-02 -6.778540462255477905e-02
-7.898221164941787720e-02 -1.122120395302772522e-01 1.388896107673645020e-01 -3.044470772147178650e-02
