-7.149133086204528809e-02 1.071991305798292160e-02 -1.270168274641036987e-02 2.811358869075775146e-02
3.494574502110481262e-02 8.756739087402820587e-03 4.307190538384020329e-04 -4.954148456454277039e-02
-1.056118458509445190e-01 -4.405647888779640198e-02 -7.291042804718017578e-02 1.308731883764266968e-01
4.177650436758995056e-02 -6.327377259731292725e-02 -1.335932314395904541e-02 -1.307873129844665527e-01
-5.970630422234535217e-02 6.539041548967361450e-02 4.431136418133974075e-03 -6.989469379186630249e-02
-8.801820687949657440e-03 2.158777415752410889e-02 -1.740207523107528687e-02 1.930318400263786316e-02
-4.473894834518432617e-02 -3.566966857761144638e-03 8.505051583051681519e-02 -8.432053029537200928e-02
3.222259134054183960e-02 -7.012546062469482422e-02 9.492518752813339233e-02 -9.025214612483978271e-02
4.785758443176746368e-03 -3.787309676408767700e-02 -2.438403479754924774e-02 4.041556268930435181e-02
5.260436981916427612e-02 -3.149001672863960266e-02 -6.596216559410095215e-02 8.382357656955718994e-03
-1.140641942620277405e-01 1.834094077348709106e-01 -1.037127897143363953e-01 -5.000934749841690063e-02
-5.962488055229187012e-02 -1.571578234434127808e-01 1.337682753801345825e-01 -9.396835416555404663e-02
