7.700970023870468140e-02 -4.166371747851371765e-02 4.988237284123897552e-03 -8.635115623474121094e-02
-3.988026827573776245e-02 3.884282708168029785e-02 -1.271906308829784393e-02 7.175908982753753662e-02
-9.252377785742282867e-03 3.598555549979209900e-02 1.418028213083744049e-02 -4.023245349526405334e-02
1.143101416528224945e-02 1.690181158483028412e-02 -3.945717215538024902e-02 -2.096803858876228333e-02
2.206540293991565704e-02 -2.083640918135643005e-02 3.198058158159255981e-02 -7.328448444604873657e-02
-1.294146329164505005e-01 9.926959127187728882e-02 2.277827635407447815e-02 -6.328078359365463257e-02
7.317284494638442993e-02 -2.936178445816040039e-02 -5.180918425321578979e-02 -7.884501665830612183e-02
-3.553859144449234009e-02 -8.289805799722671509e-02 8.289135992527008057e-02 -1.968465186655521393e-02
-6.228261440992355347e-02 1.589925400912761688e-02 8.445081859827041626e-02 -1.388607770204544067e-01
1.756212860345840454e-02 4.979775473475456238e-02 -1.333716064691543579e-01 -4.936930909752845764e-02
-1.540576200932264328e-02 -3.011639975011348724e-02 7.752740383148193359e-02 -6.132739037275314331e-02
-1.218268740922212601e-02 1.765167899429798126e-02 3.403375740163028240e-04 4.321561381220817566e-02
