4.585847631096839905e-02 4.719818010926246643e-02 -3.619755804538726807e-02 -8.877227455377578735e-02
-1.385495513677597046e-01 -1.035002619028091431e-01 1.483224332332611084e-01 -3.988965600728988647e-02
-2.129319868981838226e-02 -7.244303822517395020e-02 5.295114964246749878e-02 1.539382338523864746e-02
-1.170550938695669174e-02 7.308634370565414429e-02 -1.606448441743850708e-01 -4.487169906497001648e-02
1.238086540251970291e-02 -2.103912532329559326e-01 -5.355395376682281494e-02 1.259259134531021118e-01
1.856497526168823242e-01 -1.521825492382049561e-01 -1.106497198343276978e-01 -8.958178013563156128e-02
-3.713745996356010437e-02 -6.548870354890823364e-03 1.265125535428524017e-02 4.518355429172515869e-02
-6.123508512973785400e-02 2.806675992906093597e-02 4.999961331486701965e-02 -7.399934530258178711e-02
-8.150614798069000244e-02 5.308501422405242920e-02 -2.261887490749359131e-02 2.372152917087078094e-02
4.084949940443038940e-02 -3.001886047422885895e-02 2.426602132618427277e-02 -6.384225189685821533e-02
-7.608414161950349808e-04 4.372045397758483887e-02 -4.059390351176261902e-02 2.850383147597312927e-02
-4.100960865616798401e-02 -1.318771578371524811e-02 -3.053846210241317749e-02 6.783561408519744873e-02
