-9.911417961120605469e-02 1.188091561198234558e-01 -2.627305127680301666e-02 -1.150552704930305481e-01
6.107563897967338562e-02 1.668791100382804871e-02 -1.030189990997314453e-01 -2.925790322478860617e-04
-5.849687010049819946e-02 -5.841144919395446777e-02 7.535088062286376953e-02 -6.053593382239341736e-02
-1.123062148690223694e-02 6.170739233493804932e-02 1.592621579766273499e-02 -2.576071768999099731e-03
2.338902652263641357e-02 -3.822471573948860168e-02 -4.023687168955802917e-02 -3.439483419060707092e-02
8.585439063608646393e-03 8.732846006751060486e-03 4.367753863334655762e-02 -1.087884306907653809e-01
-6.764359772205352783e-02 1.107611283659934998e-01 -5.498867854475975037e-02 -6.486022472381591797e-02
3.818748891353607178e-02 1.684055081568658352e-03 -6.322849541902542114e-02 9.601791389286518097e-03
-4.923545196652412415e-02 -5.170863494277000427e-02 1.189909800887107849e-01 -8.718554675579071045e-02
-7.552555203437805176e-02 -2.337523363530635834e-02 7.237666100263595581e-02 -4.724388569593429565e-02
6.259436160326004028e-02 2.342061884701251984e-02 -3.310981392860412598e-02 -1.421774458140134811e-02
1.392028778791427612e-01 -9.142279624938964844e-02 -8.070320636034011841e-02 -8.946637064218521118e-02
