1.577978767454624176e-02 9.979251772165298462e-02 -3.714653477072715759e-02 -1.844956576824188232e-01
-4.010450467467308044e-02 1.805514283478260040e-02 1.273376680910587311e-02 -3.832874819636344910e-02
2.815722487866878510e-02 3.280708938837051392e-02 -7.539679855108261108e-02 -1.734566129744052887e-02
-1.138442382216453552e-01 1.421401500701904297e-01 -4.225227236747741699e-02 -1.316777467727661133e-01
-9.539691358804702759e-02 5.117499828338623047e-02 3.196445479989051819e-02 -8.498466014862060547e-02
-1.565217599272727966e-02 -7.312516123056411743e-02 1.133086979389190674e-01 -9.969024360179901123e-02
-3.960597887635231018e-02 2.632813528180122375e-02 -1.075583472847938538e-01 4.805782064795494080e-02
1.399163603782653809e-01 -6.676314771175384521e-02 -9.926319122314453125e-02 -4.116848111152648926e-02
-5.360697582364082336e-02 -1.325959339737892151e-02 -1.000546962022781372e-01 7.461985945701599121e-02
3.418752178549766541e-02 -6.058239191770553589e-02 -6.361852865666151047e-03 -3.260521963238716125e-02
4.351577907800674438e-02 5.008124187588691711e-02 -2.075983770191669464e-02 3.605719283223152161e-02
-5.770643055438995361e-02 3.613252192735671997e-02 -4.198743402957916260e-02 2.245581708848476410e-02
