-3.334090858697891235e-02 6.541876494884490967e-02 6.493746768683195114e-03 -1.020329594612121582e-01
-1.798987947404384613e-02 7.308997958898544312e-02 -1.592044904828071594e-02 -7.381398230791091919e-02
1.168487071990966797e-01 -7.561735063791275024e-02 -2.681529149413108826e-02 1.232480909675359726e-02
9.775057435035705566e-02 -1.109064836055040359e-02 -7.159028947353363037e-02 -1.349282115697860718e-01
5.988012067973613739e-03 -1.391583979129791260e-01 8.066915906965732574e-03 2.587598003447055817e-02
-5.692117288708686829e-02 -4.114311188459396362e-02 5.600842833518981934e-02 4.232439771294593811e-02
1.057219598442316055e-02 -1.267200261354446411e-01 3.437104448676109314e-02 -1.081906035542488098e-01
3.728495538234710693e-02 -2.083450742065906525e-02 4.397186636924743652e-02 -9.577962011098861694e-02
1.378278881311416626e-01 -4.222974553704261780e-02 -1.669804006814956665e-01 -8.844559639692306519e-02
-2.084796130657196045e-02 4.394400492310523987e-02 1.387216057628393173e-02 -1.144595220685005188e-01
-1.087258756160736084e-01 1.021274849772453308e-01 -7.936323061585426331e-03 -5.827159062027931213e-02
2.025355212390422821e-02 7.116175442934036255e-02 -1.672063469886779785e-01 5.705049261450767517e-02
