2.811041474342346191e-02 -5.006377026438713074e-02 1.300766505300998688e-02 6.184384971857070923e-02
2.331581898033618927e-02 -5.501989275217056274e-02 6.397017091512680054e-02 -8.937899768352508545e-02
-2.545181289315223694e-02 9.188374504446983337e-03 2.345291711390018463e-02 -2.304751798510551453e-02
-3.844126686453819275e-02 4.321757704019546509e-03 2.845732262358069420e-03 -3.432440757751464844e-02
-1.008102577179670334e-02 2.271267585456371307e-02 -2.589247189462184906e-02 -7.596483826637268066e-02
-2.829647436738014221e-02 6.155434623360633850e-02 -2.761610969901084900e-02 8.827606216073036194e-03
-8.533655852079391479e-02 2.058491855859756470e-02 -1.334167569875717163e-01 8.464650064706802368e-02
7.938706129789352417e-02 -3.293857350945472717e-02 -3.213760908693075180e-03 -7.782296091318130493e-02
3.375734901055693626e-03 2.057757973670959473e-02 -7.205016911029815674e-02 4.091696348041296005e-03
1.068057268857955933e-01 -1.044287681579589844e-01 -1.059965938329696655e-01 1.183345168828964233e-02
-8.823120966553688049e-03 9.649753570556640625e-02 -7.552932947874069214e-02 -3.845888376235961914e-02
-7.405185699462890625e-02 -2.902140654623508453e-02 1.312319338321685791e-01 -1.001751050353050232e-01
