-3.872805461287498474e-02 6.115346215665340424e-03 -5.852596834301948547e-02 6.049735099077224731e-02
2.707795426249504089e-02 -1.656842976808547974e-02 -2.339300513267517090e-02 -6.301853060722351074e-02
7.062426954507827759e-02 -1.701864451169967651e-01 -2.826169366016983986e-04 5.718196183443069458e-02
-7.969860732555389404e-02 1.361267119646072388e-01 -1.567980349063873291e-01 -9.832106530666351318e-02
-3.144985064864158630e-02 1.012034863233566284e-01 -1.216113343834877014e-01 -9.101606905460357666e-02
1.003815308213233948e-01 -5.105296894907951355e-02 -4.821720719337463379e-02 -4.652151837944984436e-02
9.316468238830566406e-02 -1.107203215360641479e-01 -1.192452013492584229e-01 2.000844478607177734e-02
-1.119583472609519958e-01 -6.797129660844802856e-02 -2.458941005170345306e-02 9.262947738170623779e-02
-8.647733181715011597e-02 2.016395516693592072e-02 4.357815906405448914e-02 1.582484133541584015e-02
9.891216456890106201e-02 -9.835309535264968872e-02 -3.350770473480224609e-02 -3.309542313218116760e-02
7.921776920557022095e-02 -8.167716860771179199e-02 -2.825254760682582855e-02 -1.303244382143020630e-01
8.894534409046173096e-02 -1.796886138617992401e-02 -4.577767476439476013e-02 -1.172631382942199707e-01
