5.877286568284034729e-02 -2.066424489021301270e-02 -3.800678998231887817e-02 2.545976080000400543e-02
5.731531977653503418e-02 -1.335265636444091797e-01 5.569848418235778809e-02 -6.200888007879257202e-02
-1.451056450605392456e-01 4.379367455840110779e-02 7.954562082886695862e-03 3.187365084886550903e-02
-4.139952827244997025e-03 -1.356512606143951416e-01 1.279552578926086426e-01 -5.162872374057769775e-02
-1.122145056724548340e-01 -1.674448698759078979e-01 2.084346711635589600e-01 -1.126371398568153381e-01
-1.045991480350494385e-01 -1.783992052078247070e-01 2.121143341064453125e-01 -1.145329028367996216e-01
-1.319845020771026611e-01 -1.696190983057022095e-01 2.540271580219268799e-01 -1.849614977836608887e-01
-1.418313980102539062e-01 -1.303917467594146729e-01 1.707857251167297363e-01 -1.324800252914428711e-01
-3.606350719928741455e-02 -1.083727329969406128e-01 1.092614009976387024e-01 -2.727960981428623199e-02
4.453908186405897141e-03 1.864433288574218750e-02 -1.002662163227796555e-02 -1.021191943436861038e-02
-1.061556953936815262e-02 5.746836587786674500e-02 -1.934731006622314453e-01 5.937532708048820496e-02
2.184389904141426086e-02 3.101249784231185913e-02 -2.762185595929622650e-02 -1.278931200504302979e-01
