6.795210391283035278e-02 -1.550791412591934204e-02 -3.339513204991817474e-03 -1.941010914742946625e-02
7.584438659250736237e-03 9.168944507837295532e-02 -1.003651916980743408e-01 -5.957175046205520630e-02
-2.224751748144626617e-02 -4.090042784810066223e-03 5.878575146198272705e-02 -1.126997098326683044e-01
4.238618537783622742e-02 -9.270931780338287354e-02 5.010545998811721802e-02 -2.952890470623970032e-02
-2.228061482310295105e-02 1.655875705182552338e-02 -7.900202274322509766e-02 2.168835140764713287e-02
7.745071500539779663e-02 -1.274190396070480347e-01 4.235865548253059387e-02 -1.887268200516700745e-02
-2.648662589490413666e-02 -5.423645675182342529e-02 -3.174822032451629639e-02 7.953582704067230225e-02
1.031491756439208984e-01 -9.572107344865798950e-02 -3.667560219764709473e-02 -1.905011013150215149e-02
3.708606120198965073e-03 1.573341287439689040e-04 -4.940356593579053879e-03 9.633119218051433563e-03
-6.493778433650732040e-03 3.068996965885162354e-02 -4.975381307303905487e-03 -1.734034530818462372e-02
5.786528810858726501e-02 -2.290017157793045044e-02 -1.967909373342990875e-02 -1.089769415557384491e-02
-6.112782284617424011e-02 -3.227552026510238647e-02 -4.986881092190742493e-02 3.061021678149700165e-02
