5.702761933207511902e-03 -1.346730887889862061e-01 6.859248876571655273e-02 -3.831577254459261894e-03
-6.918143481016159058e-02 -3.420168533921241760e-02 6.879923492670059204e-02 5.291727930307388306e-02
5.863141268491744995e-03 1.327025704085826874e-02 4.159911721944808960e-02 -1.533274054527282715e-01
-9.852933883666992188e-02 -3.645882941782474518e-03 -2.178908139467239380e-02 1.740128360688686371e-02
2.687284350395202637e-02 2.124895341694355011e-02 -4.021685197949409485e-02 3.319531306624412537e-02
-3.367057070136070251e-02 -9.801014512777328491e-02 -1.086164861917495728e-01 1.360917687416076660e-01
7.320048660039901733e-02 1.665792614221572876e-02 -7.813348621129989624e-02 -3.743674978613853455e-02
-4.397600516676902771e-02 -2.584162540733814240e-02 1.026932522654533386e-01 -1.178232058882713318e-01
-1.454143524169921875e-01 1.167612671852111816e-01 -1.282979734241962433e-02 -5.597043409943580627e-02
-6.777863949537277222e-02 1.115401536226272583e-01 -3.965532034635543823e-02 -6.937626004219055176e-02
-9.768543392419815063e-02 6.947196274995803833e-02 -1.944580487906932831e-02 -3.157887235283851624e-02
-6.982069462537765503e-02 1.566815748810768127e-02 4.327932745218276978e-02 -5.933174118399620056e-02
