4.060285631567239761e-03 -1.182183902710676193e-02 -2.195745892822742462e-02 -1.412603165954351425e-02
6.037437822669744492e-03 -3.681556135416030884e-02 -7.414351217448711395e-03 3.805889561772346497e-02
4.569364339113235474e-02 -3.479229658842086792e-02 2.630330435931682587e-02 -2.392072603106498718e-02
-1.138620972633361816e-01 -1.068317666649818420e-01 -3.656032308936119080e-02 1.381775289773941040e-01
2.234473079442977905e-02 -8.242111653089523315e-03 7.902758195996284485e-03 -8.935352414846420288e-02
-7.985758781433105469e-02 -4.251047968864440918e-02 3.040640614926815033e-02 6.623353809118270874e-02
3.514910861849784851e-02 3.208643943071365356e-02 -4.865682125091552734e-02 1.425565313547849655e-02
-1.650330424308776855e-02 2.431690506637096405e-02 -4.180062562227249146e-02 5.364453047513961792e-02
-9.273457527160644531e-02 1.392249464988708496e-01 -1.276013255119323730e-01 8.251822553575038910e-03
-6.561272591352462769e-02 -1.384789496660232544e-01 1.429874598979949951e-01 -7.204960286617279053e-02
4.819661751389503479e-02 3.496471792459487915e-02 -1.308995336294174194e-01 9.607258252799510956e-03
-4.155618324875831604e-02 1.145121157169342041e-01 -4.886287450790405273e-02 -7.723218202590942383e-02
