3.237874060869216919e-02 -3.387105464935302734e-02 -4.254173487424850464e-02 6.744142621755599976e-02
-4.873408377170562744e-02 3.793358430266380310e-02 -4.444317519664764404e-02 1.097392849624156952e-02
-1.692424714565277100e-02 5.302852019667625427e-02 -2.824143879115581512e-02 -1.182712391018867493e-01
-6.549161672592163086e-02 -1.904232054948806763e-02 -1.715570092201232910e-01 1.111634001135826111e-01
-8.270840346813201904e-02 -9.459315985441207886e-02 1.688678860664367676e-01 -1.586399376392364502e-01
-3.404884040355682373e-02 -6.357935816049575806e-02 1.098974496126174927e-01 -7.137386500835418701e-02
9.116980433464050293e-02 3.822644799947738647e-02 -8.510471135377883911e-02 -1.556431353092193604e-01
-3.381676226854324341e-02 -5.508416518568992615e-02 6.662800163030624390e-02 -9.397818893194198608e-02
2.622296661138534546e-02 -1.096522510051727295e-01 5.589083954691886902e-02 1.041850075125694275e-02
8.870183490216732025e-03 9.506800025701522827e-02 -4.209115728735923767e-02 -1.551207304000854492e-01
-2.272636629641056061e-03 2.363833598792552948e-02 2.899988926947116852e-02 2.804984804242849350e-03
5.064965691417455673e-03 -1.414173543453216553e-01 8.205230534076690674e-02 -8.468110859394073486e-02
