4.529417306184768677e-02 -1.783417165279388428e-02 -9.666097909212112427e-02 -5.067249014973640442e-02
7.389573752880096436e-02 -8.029878884553909302e-02 4.564999602735042572e-03 -4.145967215299606323e-02
-1.923451013863086700e-02 -4.932164773344993591e-02 6.494081765413284302e-02 -8.116248250007629395e-02
-8.969083428382873535e-03 4.219114035367965698e-02 -2.891176752746105194e-02 -2.575571276247501373e-02
-2.265702374279499054e-02 1.081448048353195190e-01 -8.699062466621398926e-02 2.493001054972410202e-03
-4.340261965990066528e-02 9.254482388496398926e-02 3.039447776973247528e-02 -9.169328212738037109e-02
7.569169253110885620e-02 5.223426222801208496e-02 -1.077668666839599609e-01 -6.139931082725524902e-02
-3.217943385243415833e-02 -1.780941337347030640e-01 8.308710902929306030e-02 3.094759769737720490e-03
-8.201719075441360474e-02 8.553962409496307373e-02 -1.433504223823547363e-01 3.847531601786613464e-02
-4.660541191697120667e-02 3.601202368736267090e-02 -1.326647847890853882e-01 3.323502466082572937e-02
-1.225646361708641052e-01 1.570578515529632568e-01 -1.102249249815940857e-01 -1.090660784393548965e-02
-2.244875766336917877e-02 5.788306891918182373e-02 -9.348991513252258301e-02 -3.398762643337249756e-02
