1.189651526510715485e-02 4.053219780325889587e-02 -7.554900646209716797e-02 4.598895087838172913e-02
6.275479495525360107e-02 -6.447539478540420532e-02 3.969734162092208862e-02 -1.570691019296646118e-01
-1.531997323036193848e-01 3.915710374712944031e-02 1.718219555914402008e-02 1.485747005790472031e-02
-8.558236807584762573e-02 -1.587940752506256104e-02 7.737782597541809082e-02 -5.374018475413322449e-02
8.326173759996891022e-03 -1.156634911894798279e-01 1.022539958357810974e-01 -8.461753278970718384e-02
7.999583333730697632e-02 -9.188891947269439697e-02 5.080920085310935974e-02 -3.833393752574920654e-02
-2.486759098246693611e-03 -4.535099118947982788e-02 -9.090432897210121155e-03 6.661606580018997192e-02
1.710066571831703186e-02 2.265524305403232574e-02 1.824589446187019348e-02 -1.140059530735015869e-01
1.851342059671878815e-02 -1.744372099637985229e-01 4.813095927238464355e-02 1.659263670444488525e-02
-5.693701654672622681e-02 -5.926470458507537842e-02 -1.019496396183967590e-01 1.333079636096954346e-01
6.321422010660171509e-02 4.859219491481781006e-02 -1.739648133516311646e-01 -8.458017557859420776e-02
-2.815331146121025085e-02 5.913880467414855957e-02 -4.178914800286293030e-02 5.231345072388648987e-02
