6.220869719982147217e-02 9.798343293368816376e-03 -8.910477906465530396e-02 -4.877538979053497314e-02
-7.417494058609008789e-02 1.593458354473114014e-01 -1.231155768036842346e-01 -4.686528444290161133e-02
-1.116512417793273926e-01 9.235820919275283813e-02 -1.686878353357315063e-01 4.395037516951560974e-02
2.092762850224971771e-02 -1.841426938772201538e-01 4.557345062494277954e-02 4.529612138867378235e-02
-2.491110004484653473e-02 5.522129312157630920e-02 -7.607387751340866089e-02 2.149487473070621490e-02
-7.291997224092483521e-02 1.199645847082138062e-01 -1.119200885295867920e-01 -9.494169615209102631e-03
-3.433161228895187378e-02 1.445055007934570312e-02 1.586483977735042572e-02 2.100148238241672516e-02
-4.186417162418365479e-02 2.528881654143333435e-02 -1.739784143865108490e-02 4.414556920528411865e-02
1.300455350428819656e-02 -2.153879031538963318e-02 -4.221456125378608704e-02 7.900490611791610718e-02
-1.541873067617416382e-01 7.602327316999435425e-02 -1.091326177120208740e-01 1.645657047629356384e-02
1.548192370682954788e-02 -8.906655758619308472e-02 -1.109180822968482971e-01 1.039440929889678955e-01
5.060915648937225342e-02 5.379999801516532898e-02 -4.849458858370780945e-02 -1.856431812047958374e-01
