9.379658848047256470e-03 -4.606104642152786255e-02 1.473018061369657516e-02 -5.167300626635551453e-02
-6.813473254442214966e-02 -5.329771712422370911e-02 3.946670517325401306e-02 4.225098341703414917e-02
9.702505171298980713e-02 -1.125336885452270508e-01 -2.881082519888877869e-02 -8.617776632308959961e-02
-8.051197230815887451e-02 -7.507371250540018082e-03 3.946276381611824036e-02 -1.024697273969650269e-01
-4.693173617124557495e-02 -4.664227738976478577e-02 4.177333787083625793e-02 -2.315243706107139587e-03
-7.910669595003128052e-02 -1.454066783189773560e-01 -2.348387241363525391e-02 6.382568925619125366e-02
-1.221755146980285645e-02 -5.652731657028198242e-02 1.822597160935401917e-02 1.467150170356035233e-02
-1.706702113151550293e-01 1.187205016613006592e-01 -6.756127625703811646e-02 8.017548359930515289e-03
4.327786713838577271e-02 -8.477924764156341553e-02 5.127146840095520020e-03 -9.170002490282058716e-02
5.574906244874000549e-02 -5.036932229995727539e-02 -6.386048346757888794e-02 -1.335278037004172802e-03
-1.251370012760162354e-01 8.433724939823150635e-02 -8.786639571189880371e-02 1.531469449400901794e-02
-1.038898900151252747e-01 2.779386006295681000e-02 5.328679084777832031e-02 -3.996550664305686951e-02
