-2.081377059221267700e-02 -1.004801690578460693e-01 1.666992343962192535e-02 1.967792585492134094e-02
6.460617482662200928e-02 1.076968312263488770e-01 -1.418889611959457397e-01 -1.194830834865570068e-01
-6.233016029000282288e-05 -2.596122585237026215e-02 2.484209090471267700e-02 -2.106102928519248962e-02
-3.847808018326759338e-02 -6.575915496796369553e-03 3.793777897953987122e-02 -1.206643320620059967e-02
6.260155886411666870e-02 -2.720803767442703247e-02 8.559659123420715332e-03 -5.956168845295906067e-02
-6.419973075389862061e-02 8.214116096496582031e-02 -4.021175205707550049e-02 -7.718151062726974487e-02
-6.811230443418025970e-03 4.394345358014106750e-02 -1.436290424317121506e-02 -3.328937292098999023e-02
-3.422918543219566345e-02 3.613628819584846497e-02 1.656395010650157928e-02 -1.598114892840385437e-02
-6.471191532909870148e-03 -2.079242654144763947e-02 6.251799315214157104e-02 3.816591203212738037e-02
-6.267941743135452271e-02 -8.490712940692901611e-02 -1.336105167865753174e-01 1.352815479040145874e-01
-6.498508155345916748e-02 1.248678937554359436e-01 -1.082781329751014709e-01 -8.836869150400161743e-02
-9.642140567302703857e-02 -1.162896677851676941e-01 1.702073812484741211e-01 -1.029156818985939026e-01
