2.235494367778301239e-02 -7.406733930110931396e-03 -5.235606804490089417e-02 5.644841492176055908e-02
1.296266615390777588e-01 -9.496515244245529175e-02 -9.983135759830474854e-02 -1.255749911069869995e-02
6.153093650937080383e-02 8.609696291387081146e-03 -6.887426227331161499e-02 2.560556493699550629e-02
-1.863629184663295746e-02 -3.753596916794776917e-03 4.202254861593246460e-02 -5.735445022583007812e-02
-3.272053971886634827e-02 6.088753044605255127e-02 -2.634095028042793274e-02 2.578348293900489807e-02
1.497316756285727024e-03 -4.076899960637092590e-02 6.160040944814682007e-02 -4.728253558278083801e-02
-3.703699633479118347e-02 5.091819912195205688e-02 1.394351664930582047e-02 -6.067959219217300415e-02
-6.995183229446411133e-02 5.001898854970932007e-02 1.445906050503253937e-02 -7.212849706411361694e-02
-1.165288537740707397e-01 -6.443889439105987549e-02 1.276250928640365601e-01 -3.143059834837913513e-02
-9.549349546432495117e-03 -5.851529538631439209e-02 4.900292679667472839e-02 3.677433356642723083e-02
4.601490870118141174e-02 -4.442629218101501465e-02 -1.095090657472610474e-01 1.325628347694873810e-02
-1.987771503627300262e-02 1.029602140188217163e-01 -3.558861836791038513e-02 -6.502807885408401489e-02
