-1.302621215581893921e-01 8.635646104812622070e-02 -4.737219586968421936e-02 -1.271392703056335449e-01
5.511832237243652344e-02 -5.835833400487899780e-02 -3.374074026942253113e-02 3.935099020600318909e-02
-1.140537858009338379e-01 -4.822248220443725586e-02 7.878891378641128540e-02 -5.463426932692527771e-02
8.813621103763580322e-02 -9.009853936731815338e-03 -7.887803763151168823e-02 -1.375134885311126709e-01
7.905777543783187866e-02 -1.931979805231094360e-01 4.515785723924636841e-02 -4.312667995691299438e-02
-3.013140335679054260e-02 -6.517505645751953125e-02 5.202146619558334351e-02 3.108269348740577698e-02
-1.892071031033992767e-02 9.738814830780029297e-02 -5.634056776762008667e-02 -7.919732481241226196e-02
4.304552823305130005e-02 2.066962420940399170e-02 -1.820621192455291748e-01 2.947763726115226746e-02
-5.413212254643440247e-02 1.316460222005844116e-02 1.440569292753934860e-03 6.561218295246362686e-03
-4.990029335021972656e-02 7.892841845750808716e-02 -7.790658622980117798e-02 -7.682289928197860718e-02
-1.676072366535663605e-03 -1.966829746961593628e-01 7.226680964231491089e-02 5.393406376242637634e-02
4.784821940120309591e-04 4.532207921147346497e-02 -5.127356946468353271e-02 -1.278464496135711670e-02
