-1.143651828169822693e-01 1.597341001033782959e-01 -1.376371234655380249e-01 -2.808691561222076416e-02
-3.899652883410453796e-02 -8.919673413038253784e-02 -3.579294309020042419e-02 1.035032421350479126e-01
-1.351253241300582886e-01 3.771351277828216553e-02 1.308562606573104858e-02 4.367929883301258087e-03
7.704385556280612946e-03 3.084190934896469116e-02 -1.441225856542587280e-01 2.996265888214111328e-02
1.853981427848339081e-02 -1.554252114146947861e-02 -3.275215998291969299e-02 1.780460402369499207e-02
-3.292891383171081543e-02 7.523408532142639160e-02 -1.226134821772575378e-01 1.513199042528867722e-02
3.049417026340961456e-02 -6.604515016078948975e-02 1.429662294685840607e-02 3.949676826596260071e-02
-1.480472274124622345e-03 -3.272617235779762268e-02 -1.538877282291650772e-02 2.657658606767654419e-02
-9.771470725536346436e-02 3.845635801553726196e-02 -1.010797843337059021e-01 7.299166172742843628e-03
9.535150602459907532e-03 1.052015181630849838e-02 -2.917050756514072418e-02 2.507758513092994690e-02
-1.726779788732528687e-01 -7.233040034770965576e-02 -2.769120223820209503e-02 9.970184415578842163e-02
-4.842606559395790100e-02 3.873835131525993347e-02 -8.519809693098068237e-02 3.822121769189834595e-02
