5.479868873953819275e-02 9.971369057893753052e-03 4.934074357151985168e-03 -7.583461701869964600e-02
3.838968649506568909e-02 -6.751318275928497314e-02 5.288935080170631409e-02 -3.164901584386825562e-02
8.200702816247940063e-02 -1.159566920250654221e-02 2.755224891006946564e-02 -1.113865152001380920e-01
-6.555262953042984009e-02 4.836931079626083374e-02 -2.184739522635936737e-02 6.231771782040596008e-03
6.730543822050094604e-02 -8.385838940739631653e-03 -4.400440305471420288e-02 -5.386434495449066162e-02
-3.459459543228149414e-02 -8.886243402957916260e-02 1.436070203781127930e-01 -1.688690930604934692e-01
2.446614205837249756e-02 -4.141027852892875671e-02 7.579147815704345703e-02 -5.403666943311691284e-02
1.331419050693511963e-01 -8.392211049795150757e-02 -9.208492934703826904e-02 -3.426314890384674072e-02
5.335936322808265686e-02 -4.581114649772644043e-02 -1.186786312609910965e-02 -4.023481160402297974e-02
-8.574099093675613403e-02 2.462586387991905212e-02 7.724782079458236694e-02 -1.170490011572837830e-01
-2.077499590814113617e-02 -3.012637421488761902e-02 -1.511710286140441895e-01 1.237314194440841675e-01
-8.600088953971862793e-02 -1.009585410356521606e-01 9.491998702287673950e-02 5.529419705271720886e-02
