3.582594450563192368e-03 -3.600164130330085754e-02 1.305273268371820450e-02 -5.583489686250686646e-02
-9.420516341924667358e-02 3.083271719515323639e-02 7.409671694040298462e-02 -1.171870082616806030e-01
-9.107755497097969055e-03 -7.675657421350479126e-02 -6.245782715268433094e-04 4.097237437963485718e-02
-7.907947897911071777e-02 -1.129546761512756348e-01 8.752277493476867676e-02 -3.375006094574928284e-02
-1.290589869022369385e-01 -5.644316598773002625e-02 6.529515981674194336e-02 8.532187901437282562e-03
3.734959289431571960e-02 -1.122307702898979187e-01 1.044265404343605042e-01 -1.921041309833526611e-01
3.015335835516452789e-02 2.445927448570728302e-02 -1.675310879945755005e-01 3.007205761969089508e-02
-4.840783774852752686e-03 -1.380212754011154175e-01 8.502854406833648682e-02 -1.564732566475868225e-02
-1.049064919352531433e-01 -9.614354372024536133e-02 1.274041831493377686e-01 -7.810662966221570969e-03
-1.627696491777896881e-02 -6.166346743702888489e-02 9.922824800014495850e-02 -7.146025449037551880e-02
1.838219724595546722e-02 -5.231274291872978210e-02 8.052291721105575562e-02 -1.238201111555099487e-01
-1.725813373923301697e-03 -2.272576326504349709e-03 -1.003619655966758728e-01 6.973380595445632935e-02
