-3.882625326514244080e-02 -8.538500219583511353e-02 1.832817122340202332e-02 6.201016530394554138e-02
-2.779800817370414734e-02 1.020450592041015625e-01 -5.286063626408576965e-02 -1.101957336068153381e-01
-8.307962119579315186e-02 1.186015605926513672e-01 -7.317753136157989502e-02 -7.592400163412094116e-02
4.421312361955642700e-02 -3.557340800762176514e-02 -1.295929551124572754e-01 9.487913548946380615e-02
-2.900279872119426727e-02 -1.068266257643699646e-01 1.210530623793601990e-01 -1.653882265090942383e-01
2.605698630213737488e-02 -1.355073601007461548e-02 4.427082464098930359e-02 -9.746213257312774658e-02
4.043661430478096008e-02 -9.706110577099025249e-04 2.785093151032924652e-02 -1.149862781167030334e-01
4.071957245469093323e-02 -5.588868260383605957e-02 1.674901321530342102e-02 -8.196260035037994385e-02
-4.805879667401313782e-02 -3.168750181794166565e-02 4.802653938531875610e-02 2.456935355439782143e-03
3.638817369937896729e-02 4.646702483296394348e-02 -1.370257735252380371e-01 2.435942739248275757e-02
-2.658431231975555420e-02 -9.846951067447662354e-02 6.716708838939666748e-02 7.227922789752483368e-03
-1.043693795800209045e-01 -1.545805390924215317e-02 8.199438452720642090e-02 -5.898404866456985474e-02
