-1.193401888012886047e-01 -7.096852641552686691e-03 6.537269055843353271e-02 -1.380065530538558960e-01
6.099418178200721741e-02 7.395106554031372070e-02 -3.081088326871395111e-02 -6.542265415191650391e-02
-2.889579720795154572e-02 -8.503711968660354614e-02 4.985854029655456543e-02 6.054063141345977783e-02
-4.539701715111732483e-02 8.128376305103302002e-02 -8.568454533815383911e-02 1.615543849766254425e-02
-1.162908226251602173e-01 1.198534853756427765e-02 -2.155794203281402588e-02 7.313852012157440186e-02
-8.306269347667694092e-02 8.445343375205993652e-02 -8.544122427701950073e-02 -5.643782671540975571e-03
-6.886122864671051502e-04 3.046219795942306519e-02 -1.212615445256233215e-01 5.681624263525009155e-02
-5.353560671210289001e-02 -7.372532784938812256e-02 1.558215320110321045e-01 -2.086658626794815063e-01
-2.371725998818874359e-02 -5.717862397432327271e-02 1.298616677522659302e-01 -4.398885369300842285e-02
6.470865756273269653e-02 -1.936245709657669067e-01 6.334372609853744507e-02 -1.121051609516143799e-01
1.418317854404449463e-01 -9.719436615705490112e-02 -8.469531685113906860e-02 -1.600991636514663696e-01
8.027032017707824707e-03 -6.990832090377807617e-02 5.417858809232711792e-02 1.500030793249607086e-02
