9.855125099420547485e-02 -3.860870003700256348e-02 -7.478655874729156494e-02 -4.572328552603721619e-02
-6.948783248662948608e-02 5.933934822678565979e-02 -5.041254311800003052e-02 -3.056732192635536194e-02
4.344218969345092773e-02 -2.401502430438995361e-02 8.208113908767700195e-02 -2.768368273973464966e-02
-5.974061042070388794e-02 -4.638456553220748901e-02 6.880643218755722046e-02 -3.584329411387443542e-02
1.098579913377761841e-02 -3.181313723325729370e-02 3.608937188982963562e-02 -6.237247958779335022e-02
-3.841924248263239861e-03 -2.604446187615394592e-02 4.992705211043357849e-02 5.755125079303979874e-03
6.655529607087373734e-03 -6.336113810539245605e-02 9.659019857645034790e-02 -1.602184921503067017e-01
4.020490497350692749e-02 8.135390467941761017e-03 -1.643236726522445679e-02 1.616646070033311844e-03
-1.306318193674087524e-01 2.952951192855834961e-02 -1.183934509754180908e-01 9.428597241640090942e-02
1.334833651781082153e-01 -1.142854765057563782e-01 -7.389917224645614624e-02 -2.288296446204185486e-02
2.532208338379859924e-02 -2.332308329641819000e-02 -7.601026911288499832e-03 3.969391062855720520e-02
1.196596119552850723e-02 9.530891664326190948e-03 6.538335233926773071e-02 -8.747640997171401978e-02
