2.065192349255084991e-02 -5.548534169793128967e-02 6.656398065388202667e-03 6.617528200149536133e-02
-1.126290392130613327e-02 -2.484229579567909241e-02 -5.584987625479698181e-02 3.218733519315719604e-02
-9.673101454973220825e-02 1.687605530023574829e-01 -1.258730888366699219e-01 -8.838806301355361938e-02
-1.017268151044845581e-01 -3.160368278622627258e-02 1.469764709472656250e-01 -7.953963428735733032e-02
-7.277828454971313477e-02 -3.367541357874870300e-02 7.856948673725128174e-02 4.007797315716743469e-02
1.306054368615150452e-02 3.639553859829902649e-02 -3.402294823899865150e-03 -1.205385923385620117e-01
-9.346935153007507324e-02 3.406937932595610619e-03 7.099863141775131226e-02 -7.276754826307296753e-02
1.252187229692935944e-02 -4.488145187497138977e-02 5.176529288291931152e-02 2.950331941246986389e-02
-1.493497565388679504e-02 -8.758753538131713867e-02 -7.927908748388290405e-02 1.133478060364723206e-01
3.973501920700073242e-02 -3.561007604002952576e-02 -6.418916583061218262e-02 -2.034136280417442322e-02
2.904111333191394806e-02 4.656580835580825806e-02 3.060689941048622131e-02 -3.419997170567512512e-02
-3.937330469489097595e-02 -6.006405130028724670e-02 6.142755970358848572e-03 6.903862580657005310e-03
