-5.440848320722579956e-02 2.796502411365509033e-02 -2.611642936244606972e-03 3.597770631313323975e-02
4.602096229791641235e-02 5.743545666337013245e-02 -7.312667369842529297e-02 -3.337727859616279602e-02
2.731433697044849396e-02 -7.977721840143203735e-02 -7.233504438772797585e-04 3.952633216977119446e-02
1.228308677673339844e-01 -1.362709701061248779e-01 -5.418757721781730652e-02 -6.078651174902915955e-02
-1.130148544907569885e-01 1.154816374182701111e-01 -1.125160232186317444e-01 -6.335245072841644287e-02
-1.501633077859878540e-01 2.195720002055168152e-02 4.986952990293502808e-02 1.455770991742610931e-02
-1.589015498757362366e-02 -9.240143746137619019e-02 7.788204401731491089e-02 -1.275562942028045654e-01
6.380051374435424805e-02 -1.777344569563865662e-02 -3.675182536244392395e-02 1.622462272644042969e-02
-1.087345182895660400e-01 3.431814536452293396e-02 4.600024968385696411e-02 -6.878264993429183960e-02
-2.865694090723991394e-02 -5.512135475873947144e-02 6.158249080181121826e-02 -6.303653866052627563e-02
1.313251536339521408e-02 -6.269720196723937988e-02 1.609964855015277863e-02 7.949028164148330688e-02
-3.434896469116210938e-02 1.885412074625492096e-02 6.666253786534070969e-03 9.604327380657196045e-03
