5.774353817105293274e-02 -7.661354541778564453e-02 2.113612182438373566e-02 -1.321142315864562988e-01
5.208428204059600830e-02 -9.911449998617172241e-02 2.001744462177157402e-03 1.338320132344961166e-02
-3.027351573109626770e-02 -3.432776406407356262e-02 7.325396686792373657e-02 -8.406196534633636475e-02
6.491583585739135742e-02 -1.396190747618675232e-02 -2.672096900641918182e-02 -1.201319973915815353e-02
1.688409410417079926e-02 -1.160849258303642273e-02 -1.122808363288640976e-02 6.235719099640846252e-02
9.416975080966949463e-03 -1.449758410453796387e-01 7.446691393852233887e-02 7.519495487213134766e-02
1.001455262303352356e-01 -1.544365584850311279e-01 -1.977829961106181145e-03 -1.068499386310577393e-01
5.700524523854255676e-02 -5.874938331544399261e-03 -1.650905311107635498e-01 -3.735787048935890198e-02
-5.124201625585556030e-02 -1.231093183159828186e-01 1.017758548259735107e-01 -2.369410544633865356e-02
-6.893968582153320312e-02 -5.477115139365196228e-02 3.109936974942684174e-02 7.717119902372360229e-02
-6.620796769857406616e-02 5.850066617131233215e-02 4.590666666626930237e-02 -1.333987563848495483e-01
9.240501374006271362e-02 -8.170233666896820068e-02 -4.693849012255668640e-02 -3.411879763007164001e-02
