-2.949417755007743835e-02 -3.997211530804634094e-02 8.905079215764999390e-02 -6.876422464847564697e-02
1.930214650928974152e-02 1.112879998981952667e-02 4.044674709439277649e-02 -2.657301351428031921e-02
-1.136607825756072998e-01 -1.739069670438766479e-01 8.316184580326080322e-02 2.211716212332248688e-02
2.837715297937393188e-02 -1.610931903123855591e-01 6.921763718128204346e-02 -6.148976832628250122e-02
5.787871778011322021e-02 1.720631681382656097e-02 -1.948235780000686646e-01 2.489318698644638062e-02
-7.379384338855743408e-02 -1.808155514299869537e-02 1.215997636318206787e-01 -2.968186512589454651e-02
-3.986240550875663757e-02 -1.264939606189727783e-01 1.537111252546310425e-01 -6.783217191696166992e-02
7.164081931114196777e-02 -1.933614909648895264e-01 9.029626846313476562e-02 -1.608148813247680664e-01
4.998336359858512878e-02 -1.339432150125503540e-01 4.364759102463722229e-02 3.180449828505516052e-02
7.489199936389923096e-02 6.374881602823734283e-03 -1.090845838189125061e-01 -6.520482152700424194e-02
-8.747972548007965088e-02 3.115718998014926910e-02 -2.213736250996589661e-02 2.267756313085556030e-02
3.476965054869651794e-02 -5.522816441953182220e-03 -6.222946941852569580e-02 5.901168286800384521e-02
