1.031179651618003845e-01 -8.071996271610260010e-02 -3.868250176310539246e-02 -3.947649151086807251e-02
9.894657880067825317e-03 -9.488076902925968170e-03 -6.379252672195434570e-02 5.472215637564659119e-02
-6.504743359982967377e-03 4.988952726125717163e-02 3.211167454719543457e-02 -3.393135964870452881e-02
-1.042734645307064056e-02 2.777986414730548859e-02 2.725748531520366669e-02 -1.617928296327590942e-01
-6.598138809204101562e-02 -1.872869394719600677e-02 1.089290902018547058e-01 -9.940757602453231812e-02
2.456800267100334167e-02 -1.058254539966583252e-01 4.997711256146430969e-02 -6.713655591011047363e-02
-1.039111390709877014e-01 -1.949182525277137756e-02 -1.868770122528076172e-01 1.281891018152236938e-01
4.690057784318923950e-02 6.160268560051918030e-02 -9.650946408510208130e-02 -8.062101155519485474e-02
-1.233100444078445435e-01 5.339268222451210022e-02 4.255950078368186951e-02 -9.258097410202026367e-02
-7.102517783641815186e-02 -7.583148311823606491e-03 4.157771170139312744e-02 5.356101319193840027e-02
-4.216719791293144226e-02 3.719851374626159668e-02 1.548525691032409668e-02 -1.751113566569983959e-03
9.055918082594871521e-03 5.202921573072671890e-03 1.270400639623403549e-02 1.769499294459819794e-02
