-1.242439374327659607e-01 -8.404599130153656006e-02 7.181817293167114258e-02 4.452294111251831055e-02
-8.562985807657241821e-03 -1.163848266005516052e-01 1.227254122495651245e-01 -1.271741092205047607e-01
-8.490093052387237549e-02 -4.742017760872840881e-02 1.017949357628822327e-01 -3.406301513314247131e-02
-6.813422590494155884e-02 -4.139225929975509644e-02 1.313896924257278442e-01 -5.411977879703044891e-03
-1.856299862265586853e-02 -2.340063266456127167e-02 7.985085994005203247e-02 -5.439459905028343201e-02
-4.170765727758407593e-02 -1.185780838131904602e-01 2.869380079209804535e-02 3.421847522258758545e-02
-8.632770180702209473e-02 1.336678415536880493e-01 -5.201956257224082947e-02 -1.173191070556640625e-01
-4.297054186463356018e-02 5.882040783762931824e-02 -6.768013536930084229e-02 6.394411623477935791e-02
1.395097374916076660e-01 -1.257789134979248047e-01 -6.572920083999633789e-02 -7.440429180860519409e-02
-1.073711216449737549e-01 -3.585112467408180237e-02 -1.988667249679565430e-02 3.454697877168655396e-02
5.057498067617416382e-02 7.810804992914199829e-02 -7.034286111593246460e-02 -3.420204296708106995e-02
1.936426758766174316e-02 3.891257941722869873e-02 -6.775621324777603149e-02 1.742520369589328766e-02
