-7.246091216802597046e-02 -4.518222063779830933e-02 -7.537725381553173065e-03 9.377574175596237183e-02
-1.025198623538017273e-01 7.260704785585403442e-02 -2.175119891762733459e-02 1.008018385618925095e-02
-5.423479154706001282e-02 -4.653909429907798767e-02 -7.341855764389038086e-02 9.697441011667251587e-02
-5.326761305332183838e-02 -5.856899544596672058e-02 3.535986319184303284e-02 7.892826944589614868e-02
-6.959543377161026001e-02 7.047784328460693359e-02 -1.400469392538070679e-01 1.693372242152690887e-02
-1.405802816152572632e-01 1.621984411031007767e-03 1.748360879719257355e-02 4.361133649945259094e-02
-7.907786220312118530e-02 1.105477362871170044e-01 -6.593891978263854980e-02 -9.502844512462615967e-02
7.019142806529998779e-02 -7.960478961467742920e-02 -5.561593547463417053e-02 -8.250916004180908203e-02
-1.067581176757812500e-01 -9.623043984174728394e-02 1.109096705913543701e-01 3.832522779703140259e-02
-8.476467337459325790e-04 -1.009015459567308426e-02 7.891800254583358765e-02 -1.358779519796371460e-01
8.695045113563537598e-02 1.034752279520034790e-02 -5.716769024729728699e-02 -1.250241845846176147e-01
5.995497107505798340e-02 -1.221392229199409485e-01 2.228273265063762665e-02 -3.544342890381813049e-02
