-2.427573874592781067e-02 -5.290018767118453979e-02 -2.113899961113929749e-02 3.495773673057556152e-02
9.290409088134765625e-02 -8.724346756935119629e-02 2.007290907204151154e-02 3.879431262612342834e-02
-1.153400093317031860e-01 -6.127214431762695312e-02 -1.012058854103088379e-01 1.407114863395690918e-01
5.745259672403335571e-02 3.671080619096755981e-02 -4.132209345698356628e-02 -1.205332353711128235e-01
9.681966155767440796e-03 4.434679448604583740e-02 -1.887431368231773376e-02 4.209131002426147461e-02
8.219493553042411804e-03 -1.223235856741666794e-02 3.063611499965190887e-02 2.472518244758248329e-03
5.217250436544418335e-02 -2.356379851698875427e-02 -7.194129377603530884e-02 2.577887848019599915e-02
-7.777892053127288818e-02 9.871996194124221802e-02 -1.587934195995330811e-01 -3.538213297724723816e-02
-1.758646070957183838e-01 -1.750016771256923676e-02 3.553469479084014893e-02 2.348647825419902802e-02
6.590320169925689697e-02 1.591250486671924591e-02 -7.804609090089797974e-02 5.567948147654533386e-02
4.024091735482215881e-02 6.877490133047103882e-02 -9.340193867683410645e-02 -2.596880123019218445e-02
-6.981297582387924194e-02 -3.345168754458427429e-02 -1.059004664421081543e-02 3.052246943116188049e-02
