1.943241432309150696e-02 -9.763611480593681335e-03 3.849589452147483826e-02 -1.874121651053428650e-02
3.080311976373195648e-02 1.967660710215568542e-02 -1.778197847306728363e-02 -1.128326542675495148e-02
5.038351938128471375e-02 -7.314412295818328857e-02 1.167918089777231216e-02 -9.854025393724441528e-02
-7.482533343136310577e-03 2.175826084567233920e-04 -1.755842566490173340e-02 -4.821029026061296463e-03
-8.417297899723052979e-02 -9.065987914800643921e-02 -9.742713719606399536e-02 1.625621765851974487e-01
6.927639991044998169e-02 5.918257683515548706e-02 -8.281257003545761108e-02 -1.730193942785263062e-01
-5.000345781445503235e-02 -1.089362874627113342e-01 1.437879800796508789e-01 -1.129924580454826355e-01
-3.258966654539108276e-02 1.941077783703804016e-02 -7.545177638530731201e-02 5.662748008035123348e-04
-4.293408617377281189e-02 4.051235504448413849e-03 7.552691549062728882e-02 -7.208501547574996948e-02
-1.585016399621963501e-02 -5.641281977295875549e-02 -2.504080720245838165e-02 7.301951199769973755e-02
1.107201725244522095e-01 -1.920549720525741577e-01 -2.393877133727073669e-03 -5.970646813511848450e-02
-4.021082073450088501e-02 7.616660743951797485e-02 -1.223815828561782837e-01 -9.387501515448093414e-03
