9.497921168804168701e-02 -1.245877593755722046e-01 -3.701103851199150085e-02 -1.122407615184783936e-01
8.620788902044296265e-02 -4.159874096512794495e-02 -1.758553832769393921e-02 -5.272236466407775879e-02
1.971384153875987977e-05 1.004365608096122742e-01 -1.803747117519378662e-01 -4.634044691920280457e-02
3.793510422110557556e-02 3.984050452709197998e-02 -8.306727558374404907e-02 -1.027251109480857849e-01
1.018212363123893738e-01 -1.514866054058074951e-01 -8.140113949775695801e-02 -3.477838635444641113e-02
8.027004450559616089e-02 -1.847668178379535675e-02 -1.579711288213729858e-01 -1.508236769586801529e-02
-4.051195457577705383e-02 -8.089877665042877197e-02 -1.286548823118209839e-01 1.137486547231674194e-01
-6.831416487693786621e-02 5.708442628383636475e-02 -8.210387825965881348e-02 2.454667910933494568e-02
3.646499244496226311e-03 -9.372932836413383484e-03 2.755288593471050262e-02 -5.031263083219528198e-02
5.696339532732963562e-02 -1.218947023153305054e-02 -5.120919644832611084e-02 -3.210373222827911377e-02
6.086555123329162598e-02 -9.260483086109161377e-02 -3.587293252348899841e-02 -8.549888432025909424e-02
3.857745230197906494e-02 -2.110715769231319427e-02 3.236725553870201111e-02 -9.135292470455169678e-02
