-3.569420799612998962e-02 7.204335927963256836e-02 -7.730992883443832397e-02 -1.924358494579792023e-02
-1.711013913154602051e-02 -2.821074239909648895e-02 -3.889558836817741394e-02 6.824089586734771729e-02
-1.305586844682693481e-01 1.326865851879119873e-01 -1.437762230634689331e-01 -5.216725170612335205e-02
1.736616529524326324e-02 -4.707140475511550903e-02 -2.491879509761929512e-03 6.829092651605606079e-02
-5.798776634037494659e-03 -1.417944580316543579e-01 6.668809801340103149e-02 2.523789647966623306e-03
-7.078915089368820190e-02 4.202408716082572937e-02 -7.090228796005249023e-02 -9.751661855261772871e-05
-1.067597866058349609e-01 8.485897630453109741e-02 -2.613242156803607941e-02 4.489972442388534546e-02
-6.869806349277496338e-02 -3.523474186658859253e-02 -6.898268312215805054e-02 1.039206907153129578e-01
-7.707133144140243530e-02 -5.304491147398948669e-02 -3.890965133905410767e-03 6.816966086626052856e-02
-2.565411664545536041e-02 -2.240105345845222473e-02 -7.211518287658691406e-02 4.691191390156745911e-02
-1.744559593498706818e-02 1.130127981305122375e-01 -1.263834536075592041e-02 -1.304335892200469971e-01
1.293555740267038345e-02 -2.866083569824695587e-02 -1.008272767066955566e-01 7.284644991159439087e-02
