1.209531258791685104e-02 1.958094164729118347e-02 -1.259497739374637604e-02 -7.376204431056976318e-02
-4.283977672457695007e-03 -7.858607918024063110e-03 -7.833884097635746002e-03 2.013209462165832520e-02
1.173780113458633423e-02 6.178896129131317139e-02 -1.855007745325565338e-02 -2.589014172554016113e-02
-6.535793095827102661e-02 1.493888646364212036e-01 -1.002511456608772278e-01 -1.129446476697921753e-01
-3.025436960160732269e-02 -1.279615014791488647e-01 1.254618763923645020e-01 -1.221075803041458130e-01
6.675881892442703247e-02 -4.427453503012657166e-02 3.345312178134918213e-02 -3.579906746745109558e-02
-1.301892399787902832e-01 6.125510670244693756e-03 -2.272551134228706360e-02 7.305188477039337158e-02
2.497263997793197632e-02 -9.656824916601181030e-02 5.227838456630706787e-02 -5.137579515576362610e-02
9.114018082618713379e-02 -1.549066323786973953e-02 -7.483322639018297195e-03 3.259333968162536621e-02
1.155453622341156006e-01 -1.476011723279953003e-01 -9.920855611562728882e-02 -3.789090784266591072e-03
-6.892296671867370605e-02 3.937412798404693604e-02 2.738025970757007599e-02 -3.905671462416648865e-02
6.087091565132141113e-02 -1.962409727275371552e-02 -2.315403521060943604e-02 -3.614965826272964478e-02
