6.723583210259675980e-04 -6.993379909545183182e-03 2.421991899609565735e-03 2.659085951745510101e-02
-5.741689726710319519e-02 -8.090151846408843994e-02 6.673745065927505493e-02 -8.921889588236808777e-03
1.877542585134506226e-02 -9.832471609115600586e-03 -8.335079997777938843e-02 3.073194622993469238e-02
-6.881128996610641479e-02 -6.167775485664606094e-03 -1.967009156942367554e-02 4.348918050527572632e-02
-8.429515361785888672e-02 6.004557013511657715e-02 -2.119519934058189392e-02 -1.040495410561561584e-01
6.019903346896171570e-02 -1.972817629575729370e-02 -2.461963146924972534e-02 6.435057520866394043e-02
-8.207800798118114471e-03 7.841356098651885986e-02 -1.248187273740768433e-01 -3.601724654436111450e-02
-1.138233095407485962e-01 1.215142756700515747e-01 -8.843433856964111328e-02 -5.141449626535177231e-03
-2.383367419242858887e-01 5.784681811928749084e-02 -1.330042071640491486e-02 8.544985204935073853e-02
4.455377161502838135e-02 -7.833037525415420532e-02 1.585625857114791870e-02 -7.799283415079116821e-02
-6.779921054840087891e-02 -1.482804268598556519e-01 -1.632308810949325562e-01 1.832725405693054199e-01
-1.850529946386814117e-02 -6.587591022253036499e-02 9.315687417984008789e-02 -1.028850525617599487e-01
