-6.965597718954086304e-02 6.487193703651428223e-02 -9.201935492455959320e-03 -9.067240357398986816e-02
3.790983185172080994e-02 4.068278148770332336e-02 -1.275213956832885742e-01 -2.947451360523700714e-02
1.575961336493492126e-02 -8.568256348371505737e-02 1.235424634069204330e-02 1.099470723420381546e-02
1.482400763779878616e-02 1.198155246675014496e-02 -7.695601880550384521e-02 -8.458461379632353783e-04
2.087706699967384338e-02 1.054186820983886719e-01 -1.098657026886940002e-01 -8.948106318712234497e-02
2.299547754228115082e-02 -3.952470794320106506e-02 -1.846146024763584137e-02 5.468383803963661194e-02
-8.924239873886108398e-02 6.179351825267076492e-03 5.940270423889160156e-02 -1.595884263515472412e-01
-6.089716218411922455e-03 5.779793020337820053e-03 -4.753907769918441772e-02 3.196347877383232117e-02
1.145083159208297729e-01 -1.274202764034271240e-01 -2.883676672354340553e-03 -1.031686589121818542e-01
-1.469818800687789917e-01 -8.706957846879959106e-02 1.305122077465057373e-01 -2.436224184930324554e-02
-1.156943365931510925e-01 7.434597611427307129e-02 5.992364604026079178e-03 -8.724510669708251953e-02
-2.258565463125705719e-02 9.554156102240085602e-03 -1.133726239204406738e-01 3.082654066383838654e-02
