5.465018376708030701e-02 6.249604001641273499e-02 -4.567250981926918030e-02 -8.623438328504562378e-02
-6.825050804764032364e-03 -5.545196309685707092e-02 7.978500425815582275e-02 -7.536211609840393066e-02
-7.356000691652297974e-02 -2.575905434787273407e-02 7.124971598386764526e-02 -7.011106610298156738e-02
-8.385068923234939575e-02 2.519542165100574493e-02 -4.300214350223541260e-04 5.374250467866659164e-03
-9.084030985832214355e-02 6.339270621538162231e-02 -9.926649183034896851e-02 2.706323005259037018e-02
2.914620190858840942e-02 -1.405804418027400970e-03 -4.644734039902687073e-02 3.176696971058845520e-02
-3.824921697378158569e-02 2.400507591664791107e-02 -7.040867954492568970e-02 4.955323785543441772e-02
4.759594053030014038e-02 1.690954342484474182e-02 -8.205009251832962036e-02 3.945999220013618469e-02
-2.339082397520542145e-02 -2.155728079378604889e-02 -1.438012626022100449e-02 3.146572411060333252e-02
1.253102570772171021e-01 -2.073207944631576538e-01 -7.478751987218856812e-02 -1.042724680155515671e-02
-1.389346420764923096e-01 1.835155934095382690e-01 -1.225018501281738281e-01 -1.426903605461120605e-01
-2.872428670525550842e-02 -1.440488696098327637e-01 1.061355471611022949e-01 -2.172791659832000732e-01
