-7.686660438776016235e-02 4.146119207143783569e-02 2.846058271825313568e-02 3.823523968458175659e-02
-8.379459381103515625e-02 3.867828054353594780e-03 -4.219163092784583569e-04 2.305123768746852875e-02
-4.668010771274566650e-02 5.468717217445373535e-02 -4.387490823864936829e-02 -7.317834347486495972e-02
-7.250604778528213501e-02 -1.555788516998291016e-01 1.107603386044502258e-01 -3.090442717075347900e-02
8.227503299713134766e-02 -6.102736294269561768e-02 -6.917547434568405151e-02 2.566250786185264587e-02
1.096857618540525436e-02 -1.637616567313671112e-02 -4.510289430618286133e-02 5.632281675934791565e-02
3.685862198472023010e-02 4.546512290835380554e-02 -5.821065232157707214e-02 -3.473487123847007751e-02
-1.488159317523241043e-02 2.469076775014400482e-03 4.326209425926208496e-02 -7.734777033329010010e-02
7.450941205024719238e-02 -9.998637251555919647e-03 -5.038164928555488586e-02 -9.298022091388702393e-02
-9.250725060701370239e-02 4.467358440160751343e-02 -3.410022333264350891e-02 -2.344868844375014305e-03
4.461743682622909546e-02 -5.751041462644934654e-04 -2.225583605468273163e-02 -1.193624585866928101e-01
-5.556979775428771973e-02 1.506353169679641724e-02 -1.838804967701435089e-02 5.704953521490097046e-02
