-2.800046280026435852e-02 9.574773907661437988e-02 -7.502584159374237061e-02 -5.042064562439918518e-02
-1.480359435081481934e-01 -1.000546589493751526e-01 9.520342200994491577e-02 1.140876114368438721e-02
8.583831042051315308e-02 -1.309479922056198120e-01 -6.699230521917343140e-02 6.978474557399749756e-02
-1.056823283433914185e-01 -5.643395707011222839e-02 -1.464143395423889160e-01 1.440033018589019775e-01
7.212530076503753662e-02 -1.528745517134666443e-02 -2.593196742236614227e-02 -1.678730100393295288e-01
-1.808712072670459747e-02 4.912882298231124878e-02 4.201495274901390076e-02 -5.442858114838600159e-02
-5.214237794280052185e-02 5.311500653624534607e-02 4.173867776989936829e-02 -8.956384658813476562e-02
-5.516016855835914612e-02 3.833980485796928406e-02 5.286229029297828674e-02 -2.425617724657058716e-02
-5.298008397221565247e-02 -6.047287210822105408e-02 4.046843573451042175e-02 9.050672873854637146e-03
-6.320093572139739990e-02 -9.327608346939086914e-02 5.439053103327751160e-02 2.328062616288661957e-02
-4.050596058368682861e-02 4.737299401313066483e-03 4.718556534498929977e-03 4.707545042037963867e-02
-4.597146064043045044e-03 2.173328772187232971e-02 5.973057821393013000e-03 8.002554066479206085e-03
