3.002643026411533356e-02 -5.431436374783515930e-02 5.351638421416282654e-02 -7.477666437625885010e-02
-6.915152817964553833e-02 1.497240513563156128e-01 -1.357021629810333252e-01 -5.548959225416183472e-02
5.462640151381492615e-02 -9.217573702335357666e-02 7.671687752008438110e-02 -1.095797568559646606e-01
-1.066347490996122360e-02 1.656151935458183289e-02 4.231483116745948792e-02 -6.000141426920890808e-02
4.570331797003746033e-02 -1.145503968000411987e-01 2.863720804452896118e-02 -3.914925456047058105e-02
-1.655550599098205566e-01 -1.955955475568771362e-01 -8.839581161737442017e-02 1.831011921167373657e-01
4.397998005151748657e-02 2.696015685796737671e-02 -6.614317744970321655e-02 -2.902432717382907867e-02
-1.499298065900802612e-01 -1.530930399894714355e-01 2.156354784965515137e-01 -1.218568086624145508e-01
3.016725555062294006e-02 2.099655009806156158e-02 -3.931820765137672424e-02 3.304565325379371643e-02
-3.523166105151176453e-02 3.044342249631881714e-02 2.216672897338867188e-02 -2.635995112359523773e-02
4.222760349512100220e-02 -6.533384323120117188e-02 -1.157661713659763336e-02 4.025049135088920593e-02
4.022825136780738831e-02 -6.310006976127624512e-02 1.673564501106739044e-02 -6.749149411916732788e-02
