-6.585665047168731689e-02 7.503644376993179321e-02 -2.605791762471199036e-02 1.290910318493843079e-02
-4.777695611119270325e-02 -7.484854757785797119e-02 1.462916731834411621e-01 -1.138524711132049561e-01
-1.426635216921567917e-02 -2.595335058867931366e-02 -1.245995983481407166e-01 8.744239807128906250e-02
4.698791354894638062e-02 3.442046046257019043e-02 -2.858025394380092621e-02 -9.763052314519882202e-02
-6.248317286372184753e-02 -4.022726044058799744e-02 3.590912371873855591e-02 -3.791623190045356750e-02
6.119747459888458252e-02 -2.442653477191925049e-02 1.192454062402248383e-02 -7.786308974027633667e-02
-6.212734431028366089e-02 1.186387054622173309e-02 1.818487979471683502e-02 -6.335356086492538452e-02
-5.669159814715385437e-02 1.241987105458974838e-02 2.239069156348705292e-02 3.099643997848033905e-02
3.712855651974678040e-02 -3.291263431310653687e-02 1.314998418092727661e-02 1.681539416313171387e-02
2.542369998991489410e-02 -7.525166869163513184e-02 2.876914851367473602e-02 -2.853743499144911766e-03
-1.231983974575996399e-01 2.541898004710674286e-02 -5.054149404168128967e-02 4.107498005032539368e-02
5.316921696066856384e-02 1.995179057121276855e-02 -7.496657967567443848e-02 -9.032749384641647339e-02
