-8.177065849304199219e-02 8.892499655485153198e-02 1.469654589891433716e-02 -1.530461460351943970e-01
9.156389534473419189e-02 -7.428849581629037857e-03 -5.195392668247222900e-02 -6.747605651617050171e-02
-5.261259526014328003e-02 -7.887689024209976196e-02 1.376281380653381348e-01 -7.230582833290100098e-02
1.178643386811017990e-02 8.105178922414779663e-02 -1.477395743131637573e-02 -3.204355761408805847e-02
1.755103096365928650e-02 -1.432458125054836273e-02 3.331089392304420471e-02 -2.950341068208217621e-02
1.215324550867080688e-01 -1.261717267334461212e-02 -8.298619836568832397e-02 -1.226993799209594727e-01
9.263733774423599243e-02 -7.771849632263183594e-02 -3.537982702255249023e-02 -7.262856513261795044e-02
-7.092836499214172363e-02 -2.837361767888069153e-02 1.472508301958441734e-03 1.059701144695281982e-01
-1.571551524102687836e-02 -3.717017825692892075e-03 4.719887673854827881e-02 -3.901262208819389343e-02
3.433454036712646484e-02 1.575943664647638798e-03 2.685903012752532959e-02 -5.007462203502655029e-02
-6.004713010042905807e-03 -5.438698455691337585e-02 2.696710638701915741e-02 -7.602877914905548096e-02
5.795815214514732361e-02 1.606163010001182556e-02 -3.620648756623268127e-02 -1.864589750766754150e-02
