-5.372304096817970276e-02 -8.122865855693817139e-02 9.031854569911956787e-02 -2.304240129888057709e-02
3.038068860769271851e-02 -4.160745814442634583e-02 6.069526076316833496e-02 -8.636126667261123657e-02
-3.804604336619377136e-02 -4.765823110938072205e-02 1.065169926732778549e-02 4.459311068058013916e-02
4.970295354723930359e-03 -6.278728251345455647e-04 -3.217334672808647156e-02 -4.295156896114349365e-02
8.454202115535736084e-02 -2.595835737884044647e-02 -8.689825981855392456e-02 -7.112075388431549072e-02
-2.154761366546154022e-02 2.494435757398605347e-02 -3.231779485940933228e-02 2.748161181807518005e-02
-1.778450608253479004e-02 3.142413124442100525e-02 -1.539307925850152969e-02 -1.140278726816177368e-01
-1.864195242524147034e-02 4.581261426210403442e-02 -7.055880129337310791e-02 3.044562973082065582e-02
7.732560485601425171e-02 -2.925771661102771759e-02 -1.121039241552352905e-01 1.322726346552371979e-02
-1.120229288935661316e-01 1.198075190186500549e-01 -1.538014411926269531e-01 -4.693732771556824446e-04
-3.833169117569923401e-02 -1.855500042438507080e-02 1.045835614204406738e-01 -3.516118600964546204e-02
4.663600772619247437e-02 -6.866388767957687378e-02 4.410444945096969604e-02 -1.001548115164041519e-02
