-8.819739520549774170e-02 8.030106872320175171e-02 -9.691277891397476196e-02 -2.745981141924858093e-02
5.153815448284149170e-02 -2.502246201038360596e-02 -1.214722022414207458e-01 7.140637189149856567e-02
-8.214796334505081177e-02 8.229321986436843872e-02 -1.383999641984701157e-02 -5.511916801333427429e-02
5.210402980446815491e-02 -5.757139250636100769e-02 6.240806076675653458e-03 -2.815223671495914459e-02
5.080928094685077667e-03 -4.620665684342384338e-02 -3.236118331551551819e-02 -7.146019488573074341e-03
-8.164665102958679199e-02 -1.005702745169401169e-02 -9.493530541658401489e-02 6.485114246606826782e-02
-7.623932510614395142e-02 -3.300695866346359253e-02 5.139507725834846497e-02 7.740837987512350082e-03
-1.476278156042098999e-01 -2.167377807199954987e-02 2.071216329932212830e-02 -1.783790998160839081e-02
-7.082668691873550415e-02 1.365388929843902588e-01 -4.523856192827224731e-02 -5.158926919102668762e-02
-1.217685490846633911e-01 1.478956788778305054e-01 -1.083823516964912415e-01 -7.682432979345321655e-02
6.116594374179840088e-02 -3.870293498039245605e-02 -1.221688347868621349e-03 -1.228648796677589417e-01
2.397615276277065277e-02 -1.213152855634689331e-01 1.015039682388305664e-01 -4.222081229090690613e-02
