-5.096002295613288879e-02 3.158189728856086731e-02 -1.178396120667457581e-02 -5.619983654469251633e-03
3.554300591349601746e-02 -1.205120794475078583e-02 -4.662277176976203918e-02 -2.351365983486175537e-02
-2.917048288509249687e-03 3.500270843505859375e-02 -3.041952103376388550e-02 3.502461686730384827e-02
-6.558185815811157227e-02 9.385027736425399780e-02 -4.567597061395645142e-02 -1.563956588506698608e-02
-6.288117170333862305e-02 1.929804310202598572e-02 8.144587278366088867e-02 -5.067155137658119202e-02
7.593044638633728027e-02 -3.276921808719635010e-02 -8.401756733655929565e-02 -2.211637236177921295e-02
6.104675680398941040e-02 -5.196012929081916809e-02 -2.248817496001720428e-02 -3.129700943827629089e-02
-1.401969641447067261e-01 -3.822870552539825439e-02 3.657154366374015808e-02 4.849153757095336914e-02
-5.623277649283409119e-02 1.512115150690078735e-01 -9.612259268760681152e-02 -8.089677989482879639e-02
1.218280009925365448e-02 -1.203588768839836121e-01 3.236961737275123596e-02 5.708243325352668762e-02
-1.291015595197677612e-01 -1.359179615974426270e-01 -1.072997376322746277e-01 1.754066497087478638e-01
5.674540624022483826e-02 -1.897879242897033691e-01 3.273624926805496216e-02 -1.487330347299575806e-01
