-1.569981873035430908e-01 1.576833985745906830e-02 4.380730912089347839e-02 2.955271117389202118e-02
5.203835666179656982e-02 3.070406615734100342e-02 -5.668549239635467529e-02 -6.479752808809280396e-02
-6.382538378238677979e-02 -5.215726792812347412e-02 -1.772787049412727356e-02 7.033796608448028564e-02
5.034152045845985413e-02 2.293051220476627350e-02 -7.478329539299011230e-02 -1.735578104853630066e-02
-1.148876920342445374e-02 3.084354475140571594e-02 2.449401654303073883e-02 -3.444136306643486023e-02
-3.197538200765848160e-03 -4.188134521245956421e-02 -6.846621632575988770e-02 7.474751770496368408e-02
1.649103015661239624e-01 -1.048987060785293579e-01 -1.119285002350807190e-01 -1.759851723909378052e-01
-1.192893758416175842e-01 1.347980350255966187e-01 -2.695408649742603302e-02 -1.516428440809249878e-01
-1.330864876508712769e-01 7.265675067901611328e-02 6.863646674901247025e-03 -1.568188518285751343e-01
8.544187992811203003e-03 -5.719072744250297546e-02 4.065301269292831421e-02 -1.153546199202537537e-02
5.411775782704353333e-02 -1.441026479005813599e-01 1.204685680568218231e-02 4.465336352586746216e-02
2.541993185877799988e-02 -9.799188002943992615e-03 8.277542889118194580e-02 -5.365341156721115112e-02
