3.926286101341247559e-02 -1.005400717258453369e-01 -2.271395921707153320e-02 3.120303899049758911e-02
-6.383328139781951904e-02 3.650770708918571472e-02 -2.613443881273269653e-02 4.409945011138916016e-02
5.659748986363410950e-02 -1.403650641441345215e-01 1.192467869259417057e-03 3.679689764976501465e-02
-9.623097255825996399e-03 -1.194983869791030884e-01 3.418270498514175415e-02 4.201968759298324585e-02
-1.797262281179428101e-01 9.501149877905845642e-03 -5.999862402677536011e-02 8.524148166179656982e-02
1.161120980978012085e-01 -1.268964260816574097e-01 -7.537624984979629517e-02 7.170649711042642593e-03
-1.325874924659729004e-01 3.572080656886100769e-02 -9.881087578833103180e-03 4.886616766452789307e-02
3.567673265933990479e-03 -1.370326578617095947e-01 -6.398966908454895020e-02 1.066284924745559692e-01
-8.735755085945129395e-02 -1.057102680206298828e-01 -1.390497684478759766e-01 1.753738820552825928e-01
-4.292837902903556824e-02 1.365019381046295166e-01 -4.632133245468139648e-02 -1.042179688811302185e-01
5.036541447043418884e-02 4.559350013732910156e-02 1.226605009287595749e-02 -1.264941096305847168e-01
-2.354494296014308929e-02 -2.233585342764854431e-02 6.389935314655303955e-02 -7.870236411690711975e-03
