-2.274411730468273163e-02 -4.020576924085617065e-02 -1.704365015029907227e-01 1.039851158857345581e-01
9.505186229944229126e-03 5.309793353080749512e-02 -3.619632869958877563e-02 -3.224883601069450378e-02
2.782111614942550659e-02 -2.846384234726428986e-02 8.227562159299850464e-02 -1.214233040809631348e-01
-7.798797637224197388e-02 -2.591120265424251556e-02 -5.690981075167655945e-02 6.517475098371505737e-02
8.016842603683471680e-02 -4.122295230627059937e-02 -4.103731364011764526e-02 -7.990475744009017944e-02
1.067715883255004883e-02 1.674708537757396698e-02 -2.978714741766452789e-02 -1.508495584130287170e-02
-1.811350584030151367e-01 -4.541626572608947754e-02 1.295084953308105469e-01 2.359811961650848389e-02
3.857298195362091064e-02 -1.450928449630737305e-01 9.605064988136291504e-02 -1.303083747625350952e-01
-5.691391974687576294e-02 -5.285694822669029236e-02 9.750109165906906128e-02 -6.286647915840148926e-02
-6.533580273389816284e-02 -3.625082317739725113e-03 3.467311710119247437e-02 -2.915389463305473328e-02
6.736861914396286011e-02 -1.184854432940483093e-01 5.016020312905311584e-02 -9.575774520635604858e-02
-1.079821959137916565e-02 -2.610712870955467224e-02 -1.274191681295633316e-02 6.155058369040489197e-02
