-7.725817151367664337e-03 -7.981968112289905548e-03 2.656026743352413177e-02 -2.964746206998825073e-03
3.007605299353599548e-02 6.040125340223312378e-02 -9.604343026876449585e-02 -5.085916724056005478e-03
-4.929756745696067810e-02 -5.085355415940284729e-02 7.591352611780166626e-02 -1.009854376316070557e-01
4.716690257191658020e-02 -9.275506250560283661e-03 1.044636033475399017e-02 -1.266552358865737915e-01
-2.428196743130683899e-02 4.679871350526809692e-02 -1.111448779702186584e-01 4.231427237391471863e-02
1.958492696285247803e-01 -1.398516744375228882e-01 -1.360469907522201538e-01 -1.163877099752426147e-01
-1.755944639444351196e-01 1.208882182836532593e-01 -1.438751816749572754e-01 -1.301790680736303329e-02
-2.062768340110778809e-01 -1.675794869661331177e-01 8.934921026229858398e-02 6.050594151020050049e-02
1.937121152877807617e-02 -1.200311481952667236e-01 1.003657802939414978e-01 -7.490517944097518921e-02
-6.190771609544754028e-02 -3.534586727619171143e-02 2.292929962277412415e-02 -1.592181064188480377e-02
-3.362697735428810120e-02 2.974621392786502838e-02 -3.057351801544427872e-03 2.636555209755897522e-02
-4.372277110815048218e-02 -4.708280041813850403e-02 8.007129654288291931e-03 -2.303502522408962250e-03
