2.975195832550525665e-02 -1.128549575805664062e-01 7.143562287092208862e-02 -4.923050105571746826e-02
1.029866635799407959e-01 -8.190824091434478760e-02 3.489341353997588158e-03 -3.663253784179687500e-02
3.298088535666465759e-02 -5.852533504366874695e-02 4.076353088021278381e-02 -1.695812046527862549e-01
-4.110698774456977844e-02 -7.923956960439682007e-03 4.425600916147232056e-02 -4.545713309198617935e-03
-1.112282508984208107e-03 9.151104837656021118e-02 -1.647812128067016602e-01 -8.409277349710464478e-02
-7.355959713459014893e-02 -1.946729794144630432e-02 4.393999278545379639e-02 4.307992290705442429e-03
-2.122983783483505249e-01 -4.400739446282386780e-03 2.728400565683841705e-02 1.365581993013620377e-02
-7.188209798187017441e-03 -1.245863512158393860e-01 6.804758310317993164e-02 4.531638696789741516e-02
-4.927678406238555908e-02 -1.263884902000427246e-01 1.011667847633361816e-01 -3.872149437665939331e-02
-9.366630762815475464e-02 7.172207534313201904e-02 -5.883669108152389526e-02 -9.944321215152740479e-02
-5.154632031917572021e-02 -4.011324048042297363e-02 -6.231367960572242737e-02 8.552035689353942871e-02
3.572758287191390991e-02 -5.352251604199409485e-02 5.354983732104301453e-02 1.664571650326251984e-02
