7.314139604568481445e-02 -1.000582426786422729e-01 1.283183880150318146e-02 -1.084790080785751343e-01
8.227800577878952026e-02 -5.220026895403862000e-02 3.622424602508544922e-02 -1.409911066293716431e-01
8.467667549848556519e-02 -5.116127058863639832e-02 -8.929604291915893555e-02 -4.699404537677764893e-02
-5.916535109281539917e-02 1.027525588870048523e-01 -1.879271678626537323e-02 -2.746608853340148926e-02
5.466244369745254517e-02 -4.960191994905471802e-02 -3.985507786273956299e-02 2.797296969220042229e-03
5.100240930914878845e-02 -2.629854343831539154e-02 2.927123568952083588e-02 -8.973726630210876465e-02
6.934488564729690552e-02 -3.062827046960592270e-03 -6.537234038114547729e-02 -5.216151848435401917e-02
8.653427660465240479e-02 -3.625426813960075378e-02 -1.561884284019470215e-01 -1.112776398658752441e-01
1.007995456457138062e-01 -5.658407509326934814e-02 -9.784502536058425903e-02 -4.389905184507369995e-02
5.427011102437973022e-02 1.798962615430355072e-02 3.166977688670158386e-02 -2.171579375863075256e-02
5.700885131955146790e-02 -5.778733268380165100e-02 -7.930275052785873413e-02 7.581689208745956421e-02
-6.220582500100135803e-02 3.423285111784934998e-02 -9.708485566079616547e-03 3.455082327127456665e-02
