5.566657986491918564e-03 -8.895115554332733154e-02 6.866407394409179688e-02 3.834544494748115540e-02
1.239810511469841003e-01 -2.419353462755680084e-02 -1.506133563816547394e-02 -6.377916038036346436e-02
-1.535907387733459473e-02 -4.451297596096992493e-02 -7.310366630554199219e-02 4.194423183798789978e-02
-4.922368377447128296e-02 -5.694289226084947586e-03 9.151018410921096802e-02 -3.549476712942123413e-02
-1.470430195331573486e-01 2.643994987010955811e-02 3.796869888901710510e-02 -8.667374402284622192e-02
3.166674822568893433e-02 -9.221147000789642334e-02 2.746710740029811859e-02 -1.841038465499877930e-02
-1.397080719470977783e-01 -6.417436897754669189e-02 -1.789214275777339935e-02 5.471394956111907959e-02
3.857130557298660278e-02 -1.066997721791267395e-01 1.628081128001213074e-02 -8.216903358697891235e-02
4.018934071063995361e-02 3.918336704373359680e-02 -5.819137208163738251e-03 3.337239474058151245e-02
-7.869744300842285156e-02 1.267004162073135376e-01 -1.412257850170135498e-01 -1.918266341090202332e-02
1.395148877054452896e-02 2.223301120102405548e-02 2.049244195222854614e-02 -1.558327395468950272e-02
2.666905708611011505e-02 2.751154638826847076e-02 -5.457179248332977295e-02 -7.489691674709320068e-02
