-5.324218422174453735e-02 -1.008268371224403381e-01 -3.754364326596260071e-02 1.153495535254478455e-01
1.433474272489547729e-01 -5.017732456326484680e-02 -2.164080739021301270e-01 -1.041678190231323242e-01
1.200611051172018051e-02 2.422614581882953644e-02 -1.086249873042106628e-01 3.657200932502746582e-02
-1.012855842709541321e-01 2.612549066543579102e-02 5.624861270189285278e-02 -7.174366712570190430e-02
-1.578912325203418732e-02 6.775295734405517578e-02 -1.172710433602333069e-01 6.266234815120697021e-02
-4.586814716458320618e-02 5.929750949144363403e-02 -1.238490082323551178e-02 -1.393561717122793198e-02
-7.164090871810913086e-02 1.074709147214889526e-01 -1.123780608177185059e-01 -2.608295157551765442e-02
-4.853566735982894897e-02 1.188618224114179611e-02 4.728492349386215210e-02 -9.035194292664527893e-03
-4.311171919107437134e-02 8.873879164457321167e-02 -9.028142667375504971e-04 -4.448183253407478333e-02
-8.085243403911590576e-02 8.539099991321563721e-02 -1.975207589566707611e-02 -7.163102924823760986e-02
2.814971655607223511e-02 -1.605683863162994385e-01 9.794221073389053345e-02 -9.207653254270553589e-02
-1.200323365628719330e-02 -2.153711766004562378e-02 8.020721375942230225e-03 2.501972578465938568e-02
