-7.853076793253421783e-03 3.213458508253097534e-02 -3.751977905631065369e-02 3.067434765398502350e-02
1.967461220920085907e-02 1.800328679382801056e-02 -5.417750030755996704e-02 4.215643275529146194e-03
-1.672181114554405212e-02 2.811322920024394989e-02 -1.391892135143280029e-01 1.147981919348239899e-02
-3.972582891583442688e-02 1.354236062616109848e-02 -3.275983408093452454e-02 5.364664271473884583e-02
-3.749091923236846924e-02 1.631141006946563721e-01 -8.225586265325546265e-02 -1.734467595815658569e-01
-7.180415093898773193e-02 5.754502490162849426e-02 -8.283139765262603760e-02 4.079645499587059021e-02
-2.278201654553413391e-02 1.633861362934112549e-01 -1.285664588212966919e-01 -9.077976644039154053e-02
5.116342008113861084e-02 -5.998248234391212463e-02 2.109283767640590668e-02 -6.777817010879516602e-02
-1.530054956674575806e-01 -1.673349887132644653e-01 -1.818952411413192749e-01 2.394958585500717163e-01
1.059818430803716183e-03 -1.375742852687835693e-01 1.305558532476425171e-01 -1.751171201467514038e-01
-1.243700906634330750e-01 4.480519331991672516e-03 -9.846780449151992798e-02 1.147349849343299866e-01
7.887236773967742920e-03 8.576352149248123169e-02 -5.089191347360610962e-02 3.830223111435770988e-03
